

----------------------------------------------------
STRUCTURE by Pritchard, Stephens and Donnelly (2000)
     and Falush, Stephens and Pritchard (2003)
       Code by Pritchard, Falush and Hubisz
             Version 2.3.4 (Jul 2012)
----------------------------------------------------



Command line arguments:   bin/structure -m "/Users/ddayan/FRA/premature_migration/Rogue_Half-Pounder/rogue_half_pounder_repo/structure/halfpounder/10k_20k_adm_corr/mainparams" -e "/Users/ddayan/FRA/premature_migration/Rogue_Half-Pounder/rogue_half_pounder_repo/structure/halfpounder/10k_20k_adm_corr/extraparams" 
Input File:    /Users/ddayan/FRA/premature_migration/Rogue_Half-Pounder/rogue_half_pounder_repo/structure/halfpounder/project_data

Run parameters:
   882 individuals
   330 loci
   4 populations assumed
   10000 Burn-in period
   20000 Reps


--------------------------------------------
Proportion of membership of each pre-defined
 population in each of the 4 clusters

Given    Inferred Clusters              Number of
 Pop       1      2      3      4      Individuals

  1:     0.261  0.235  0.275  0.228      157
  2:     0.265  0.239  0.269  0.226      643
  3:     0.404  0.121  0.394  0.081       40
  4:     0.101  0.739  0.094  0.066       42
--------------------------------------------

Allele-freq. divergence among pops (Net nucleotide distance),
computed using point estimates of P.

      1       2       3       4      
 1      -    0.0036  0.0008  0.0082  
 2   0.0036     -    0.0032  0.0104  
 3   0.0008  0.0032     -    0.0080  
 4   0.0082  0.0104  0.0080     -    

Average distances (expected heterozygosity) between individuals in same cluster:
cluster  1  : 0.2868 
cluster  2  : 0.2809 
cluster  3  : 0.2870 
cluster  4  : 0.2551 

--------------------------------------------
Estimated Ln Prob of Data   = -247558.2
Mean value of ln likelihood = -246432.8
Variance of ln likelihood   = 2250.8
Mean value of alpha         = 0.2862

Mean value of Fst_1         = 0.0119
Mean value of Fst_2         = 0.0251
Mean value of Fst_3         = 0.0079
Mean value of Fst_4         = 0.0716


Inferred ancestry of individuals:
        Label (%Miss) Pop:  Inferred clusters
  1 OmyAC19ROGR    (0)    1 :  0.195 0.379 0.398 0.027 
  2 OmyAC19ROGR    (1)    1 :  0.132 0.378 0.365 0.124 
  3 OmyAC19ROGR    (1)    1 :  0.102 0.289 0.525 0.084 
  4 OmyAC19ROGR    (1)    1 :  0.363 0.192 0.407 0.038 
  5 OmyAC19ROGR    (2)    1 :  0.022 0.021 0.027 0.930 
  6 OmyAC19ROGR    (1)    1 :  0.178 0.079 0.460 0.283 
  7 OmyAC19ROGR    (1)    1 :  0.346 0.197 0.190 0.268 
  8 OmyAC19ROGR    (0)    1 :  0.347 0.245 0.384 0.024 
  9 OmyAC19ROGR    (1)    1 :  0.082 0.227 0.458 0.232 
 10 OmyAC19ROGR    (1)    1 :  0.177 0.169 0.111 0.542 
 11 OmyAC19ROGR    (0)    1 :  0.262 0.236 0.336 0.166 
 12 OmyAC19ROGR    (0)    1 :  0.208 0.103 0.509 0.180 
 13 OmyAC19ROGR    (1)    1 :  0.477 0.260 0.215 0.048 
 14 OmyAC19ROGR    (1)    1 :  0.361 0.037 0.118 0.484 
 15 OmyAC19ROGR    (2)    1 :  0.377 0.059 0.099 0.466 
 16 OmyAC19ROGR    (1)    1 :  0.349 0.239 0.244 0.168 
 17 OmyAC19ROGR    (1)    1 :  0.269 0.028 0.568 0.135 
 18 OmyAC19ROGR    (2)    1 :  0.349 0.419 0.195 0.037 
 19 OmyAC19ROGR    (1)    1 :  0.532 0.198 0.188 0.082 
 20 OmyAC19ROGR    (1)    1 :  0.501 0.047 0.190 0.262 
 21 OmyAC19ROGR    (1)    1 :  0.248 0.178 0.288 0.286 
 22 OmyAC19ROGR    (1)    1 :  0.143 0.491 0.267 0.099 
 23 OmyAC19ROGR    (1)    1 :  0.109 0.158 0.501 0.231 
 24 OmyAC19ROGR    (1)    1 :  0.048 0.844 0.078 0.030 
 25 OmyAC19ROGR    (1)    1 :  0.396 0.120 0.211 0.273 
 26 OmyAC19ROGR    (1)    1 :  0.165 0.351 0.311 0.173 
 27 OmyAC19ROGR    (1)    1 :  0.576 0.091 0.258 0.075 
 28 OmyAC19ROGR    (1)    1 :  0.031 0.880 0.052 0.037 
 29 OmyAC19ROGR    (1)    1 :  0.311 0.214 0.385 0.090 
 30 OmyAC19ROGR    (1)    1 :  0.080 0.074 0.168 0.678 
 31 OmyAC19ROGR    (1)    1 :  0.314 0.251 0.373 0.062 
 32 OmyAC19ROGR    (1)    1 :  0.277 0.284 0.271 0.167 
 33 OmyAC19ROGR    (1)    1 :  0.142 0.430 0.247 0.181 
 34 OmyAC19ROGR    (1)    1 :  0.218 0.090 0.086 0.605 
 35 OmyAC19ROGR    (0)    1 :  0.218 0.396 0.243 0.143 
 36 OmyAC19ROGR    (1)    1 :  0.150 0.111 0.493 0.245 
 37 OmyAC19ROGR    (1)    1 :  0.188 0.527 0.134 0.150 
 38 OmyAC19ROGR    (1)    1 :  0.046 0.363 0.063 0.529 
 39 OmyAC19ROGR    (1)    1 :  0.243 0.097 0.415 0.245 
 40 OmyAC19ROGR    (0)    1 :  0.310 0.055 0.306 0.329 
 41 OmyAC19ROGR    (1)    1 :  0.546 0.128 0.277 0.049 
 42 OmyAC19ROGR    (1)    1 :  0.061 0.030 0.088 0.822 
 43 OmyAC19ROGR    (1)    1 :  0.116 0.251 0.562 0.071 
 44 OmyAC19ROGR    (7)    1 :  0.107 0.151 0.668 0.073 
 45 OmyAC19ROGR    (2)    1 :  0.099 0.354 0.167 0.380 
 46 OmyAC19ROGR    (1)    1 :  0.213 0.478 0.208 0.100 
 47 OmyAC19ROGR    (0)    1 :  0.084 0.722 0.081 0.113 
 48 OmyAC19ROGR    (1)    1 :  0.168 0.202 0.555 0.075 
 49 OmyAC19ROGR    (0)    1 :  0.299 0.398 0.242 0.061 
 50 OmyAC19ROGR    (1)    1 :  0.659 0.051 0.256 0.034 
 51 OmyAC19ROGR    (2)    1 :  0.088 0.075 0.098 0.739 
 52 OmyAC19ROGR    (1)    1 :  0.037 0.059 0.047 0.857 
 53 OmyAC19ROGR    (2)    1 :  0.094 0.722 0.134 0.049 
 54 OmyAC19ROGR    (1)    1 :  0.125 0.575 0.198 0.102 
 55 OmyAC19ROGR    (3)    1 :  0.348 0.100 0.394 0.158 
 56 OmyAC19ROGR    (1)    1 :  0.226 0.541 0.106 0.127 
 57 OmyAC19ROGR    (0)    1 :  0.127 0.689 0.143 0.041 
 58 OmyAC19ROGR    (1)    1 :  0.092 0.080 0.103 0.725 
 59 OmyAC19ROGR    (0)    1 :  0.148 0.612 0.194 0.046 
 60 OmyAC19ROGR    (2)    1 :  0.364 0.125 0.323 0.187 
 61 OmyAC19ROGR    (1)    1 :  0.234 0.559 0.113 0.094 
 62 OmyAC19ROGR    (1)    1 :  0.176 0.149 0.604 0.071 
 63 OmyAC19ROGR    (0)    1 :  0.132 0.443 0.158 0.267 
 64 OmyAC19ROGR    (3)    1 :  0.261 0.144 0.501 0.093 
 65 OmyAC19ROGR    (1)    1 :  0.456 0.171 0.283 0.090 
 66 OmyAC19ROGR    (4)    1 :  0.426 0.067 0.179 0.329 
 67 OmyAC19ROGR    (0)    1 :  0.399 0.413 0.129 0.059 
 68 OmyAC19ROGR    (2)    1 :  0.106 0.529 0.283 0.082 
 69 OmyAC19ROGR    (2)    1 :  0.090 0.535 0.076 0.298 
 70 OmyAC19ROGR    (1)    1 :  0.154 0.322 0.463 0.061 
 71 OmyAC19ROGR    (0)    1 :  0.382 0.161 0.398 0.059 
 72 OmyAC19ROGR    (5)    1 :  0.268 0.205 0.492 0.035 
 73 OmyAC19ROGR    (1)    1 :  0.083 0.423 0.158 0.336 
 74 OmyAC19ROGR    (1)    1 :  0.333 0.047 0.568 0.051 
 75 OmyAC19ROGR    (1)    1 :  0.303 0.396 0.146 0.155 
 76 OmyAC19ROGR    (1)    1 :  0.094 0.687 0.153 0.066 
 77 OmyAC19ROGR    (1)    1 :  0.031 0.023 0.028 0.918 
 78 OmyAC19ROGR    (1)    1 :  0.233 0.164 0.538 0.065 
 79 OmyAC19ROGR    (2)    1 :  0.274 0.253 0.384 0.089 
 80 OmyAC19ROGR    (2)    1 :  0.070 0.106 0.074 0.750 
 81 OmyAC19ROGR    (2)    1 :  0.162 0.135 0.205 0.497 
 82 OmyAC19ROGR    (1)    1 :  0.107 0.614 0.249 0.031 
 83 OmyAC19ROGR    (0)    1 :  0.259 0.445 0.215 0.080 
 84 OmyAC19ROGR    (1)    1 :  0.287 0.097 0.347 0.268 
 85 OmyAC19ROGR    (6)    1 :  0.275 0.264 0.410 0.052 
 86 OmyAC19ROGR    (1)    1 :  0.521 0.036 0.317 0.126 
 87 OmyAC19ROGR    (2)    1 :  0.175 0.392 0.379 0.055 
 88 OmyJC19ROGR    (0)    2 :  0.071 0.032 0.047 0.850 
 89 OmyJC19ROGR    (1)    2 :  0.450 0.118 0.320 0.112 
 90 OmyJC19ROGR    (1)    2 :  0.040 0.033 0.047 0.881 
 91 OmyJC19ROGR    (2)    2 :  0.303 0.339 0.332 0.026 
 92 OmyJC19ROGR    (1)    2 :  0.129 0.658 0.137 0.076 
 93 OmyJC19ROGR    (1)    2 :  0.063 0.803 0.107 0.026 
 94 OmyJC19ROGR    (1)    2 :  0.293 0.066 0.370 0.271 
 95 OmyJC19ROGR    (0)    2 :  0.186 0.061 0.484 0.269 
 96 OmyJC19ROGR    (2)    2 :  0.481 0.143 0.239 0.137 
 97 OmyJC19ROGR    (1)    2 :  0.035 0.751 0.057 0.158 
 98 OmyJC19ROGR    (0)    2 :  0.423 0.181 0.328 0.067 
 99 OmyJC19ROGR    (0)    2 :  0.181 0.554 0.132 0.134 
100 OmyJC19ROGR    (1)    2 :  0.211 0.130 0.593 0.066 
101 OmyJC19ROGR    (1)    2 :  0.100 0.200 0.147 0.552 
102 OmyJC19ROGR    (1)    2 :  0.632 0.065 0.209 0.094 
103 OmyJC19ROGR    (2)    2 :  0.188 0.284 0.259 0.270 
104 OmyJC19ROGR    (1)    2 :  0.127 0.648 0.175 0.050 
105 OmyJC19ROGR    (1)    2 :  0.088 0.602 0.073 0.237 
106 OmyJC19ROGR    (1)    2 :  0.023 0.046 0.028 0.903 
107 OmyJC19ROGR    (2)    2 :  0.534 0.165 0.159 0.142 
108 OmyJC19ROGR    (0)    2 :  0.298 0.408 0.217 0.077 
109 OmyJC19ROGR    (1)    2 :  0.410 0.054 0.242 0.295 
110 OmyJC19ROGR    (1)    2 :  0.096 0.543 0.133 0.228 
111 OmyJC19ROGR    (1)    2 :  0.149 0.618 0.126 0.107 
112 OmyJC19ROGR    (2)    2 :  0.376 0.090 0.386 0.147 
113 OmyJC19ROGR    (1)    2 :  0.198 0.065 0.157 0.580 
114 OmyJC19ROGR    (3)    2 :  0.256 0.156 0.509 0.079 
115 OmyJC19ROGR    (2)    2 :  0.059 0.465 0.398 0.078 
116 OmyJC19ROGR    (0)    2 :  0.236 0.118 0.486 0.160 
117 OmyJC19ROGR    (1)    2 :  0.298 0.083 0.334 0.285 
118 OmyJC19ROGR    (1)    2 :  0.347 0.290 0.313 0.050 
119 OmyJC19ROGR    (3)    2 :  0.567 0.097 0.245 0.091 
120 OmyJC19ROGR    (1)    2 :  0.082 0.841 0.054 0.024 
121 OmyJC19ROGR    (0)    2 :  0.388 0.066 0.466 0.080 
122 OmyJC19ROGR    (1)    2 :  0.220 0.285 0.404 0.091 
123 OmyJC19ROGR    (1)    2 :  0.318 0.324 0.323 0.035 
124 OmyJC19ROGR    (0)    2 :  0.140 0.084 0.630 0.146 
125 OmyJC19ROGR    (1)    2 :  0.081 0.555 0.236 0.129 
126 OmyJC19ROGR    (1)    2 :  0.094 0.070 0.165 0.671 
127 OmyJC19ROGR    (1)    2 :  0.733 0.091 0.093 0.082 
128 OmyJC19ROGR    (1)    2 :  0.083 0.797 0.069 0.052 
129 OmyJC19ROGR    (1)    2 :  0.200 0.181 0.285 0.334 
130 OmyJC19ROGR    (1)    2 :  0.142 0.047 0.735 0.076 
131 OmyJC19ROGR    (1)    2 :  0.163 0.288 0.432 0.118 
132 OmyJC19ROGR    (1)    2 :  0.185 0.584 0.155 0.076 
133 OmyJC19ROGR    (1)    2 :  0.215 0.124 0.615 0.046 
134 OmyJC19ROGR    (1)    2 :  0.606 0.111 0.176 0.106 
135 OmyJC19ROGR    (1)    2 :  0.052 0.870 0.046 0.032 
136 OmyJC19ROGR    (3)    2 :  0.438 0.179 0.329 0.054 
137 OmyJC19ROGR    (1)    2 :  0.335 0.076 0.310 0.280 
138 OmyJC19ROGR    (1)    2 :  0.080 0.041 0.165 0.714 
139 OmyJC19ROGR    (2)    2 :  0.258 0.114 0.588 0.041 
140 OmyJC19ROGR    (3)    2 :  0.441 0.090 0.314 0.154 
141 OmyJC19ROGR    (0)    2 :  0.181 0.196 0.171 0.452 
142 OmyJC19ROGR    (1)    2 :  0.202 0.238 0.180 0.381 
143 OmyJC19ROGR    (0)    2 :  0.066 0.685 0.167 0.082 
144 OmyJC19ROGR    (1)    2 :  0.217 0.096 0.665 0.022 
145 OmyJC19ROGR    (1)    2 :  0.267 0.059 0.631 0.042 
146 OmyJC19ROGR    (2)    2 :  0.115 0.652 0.153 0.081 
147 OmyJC19ROGR    (1)    2 :  0.579 0.172 0.175 0.074 
148 OmyJC19ROGR    (1)    2 :  0.414 0.291 0.264 0.031 
149 OmyJC19ROGR    (2)    2 :  0.318 0.416 0.157 0.110 
150 OmyJC19ROGR    (2)    2 :  0.209 0.588 0.107 0.095 
151 OmyJC19ROGR    (1)    2 :  0.297 0.247 0.314 0.142 
152 OmyJC19ROGR    (0)    2 :  0.360 0.169 0.381 0.090 
153 OmyJC19ROGR    (1)    2 :  0.070 0.844 0.039 0.047 
154 OmyJC19ROGR    (2)    2 :  0.475 0.072 0.363 0.090 
155 OmyJC19ROGR    (1)    2 :  0.237 0.319 0.313 0.130 
156 OmyJC19ROGR    (1)    2 :  0.391 0.232 0.216 0.161 
157 OmyJC19ROGR    (0)    2 :  0.159 0.287 0.455 0.098 
158 OmyJC19ROGR    (2)    2 :  0.409 0.222 0.334 0.036 
159 OmyJC19ROGR    (1)    2 :  0.499 0.061 0.379 0.061 
160 OmyJC19ROGR    (0)    2 :  0.492 0.281 0.135 0.093 
161 OmyJC19ROGR    (1)    2 :  0.212 0.511 0.226 0.051 
162 OmyJC19ROGR    (1)    2 :  0.368 0.280 0.232 0.120 
163 OmyJC19ROGR    (1)    2 :  0.145 0.665 0.125 0.065 
164 OmyJC19ROGR    (1)    2 :  0.475 0.102 0.388 0.034 
165 OmyJC19ROGR    (0)    2 :  0.266 0.240 0.463 0.031 
166 OmyJC19ROGR    (0)    2 :  0.293 0.074 0.554 0.079 
167 OmyJC19ROGR    (2)    2 :  0.232 0.374 0.242 0.153 
168 OmyJC19ROGR    (0)    2 :  0.335 0.115 0.436 0.114 
169 OmyJC19ROGR    (1)    2 :  0.035 0.020 0.024 0.921 
170 OmyJC19ROGR    (1)    2 :  0.097 0.703 0.119 0.081 
171 OmyJC19ROGR    (1)    2 :  0.370 0.130 0.449 0.051 
172 OmyJC19ROGR    (0)    2 :  0.116 0.350 0.086 0.448 
173 OmyJC19ROGR    (1)    2 :  0.033 0.028 0.038 0.901 
174 OmyJC19ROGR    (0)    2 :  0.162 0.132 0.647 0.058 
175 OmyJC19ROGR    (1)    2 :  0.297 0.133 0.524 0.046 
176 OmyJC19ROGR    (1)    2 :  0.210 0.654 0.069 0.066 
177 OmyJC19ROGR    (1)    2 :  0.061 0.831 0.088 0.020 
178 OmyJC19ROGR    (0)    2 :  0.545 0.036 0.361 0.059 
179 OmyJC19ROGR    (1)    2 :  0.173 0.560 0.232 0.034 
180 OmyJC19ROGR    (1)    2 :  0.048 0.090 0.058 0.805 
181 OmyJC19ROGR    (1)    2 :  0.405 0.128 0.407 0.060 
182 OmyJC19ROGR    (1)    2 :  0.275 0.093 0.405 0.227 
183 OmyJC19ROGR    (1)    2 :  0.312 0.163 0.476 0.048 
184 OmyJC19ROGR    (1)    2 :  0.181 0.124 0.113 0.582 
185 OmyJC19ROGR    (2)    2 :  0.180 0.102 0.700 0.018 
186 OmyJC19ROGR    (1)    2 :  0.085 0.568 0.212 0.134 
187 OmyJC19ROGR    (0)    2 :  0.190 0.089 0.679 0.041 
188 OmyJC19ROGR    (1)    2 :  0.215 0.187 0.501 0.097 
189 OmyJC19ROGR    (0)    2 :  0.154 0.438 0.205 0.203 
190 OmyJC19ROGR    (0)    2 :  0.142 0.692 0.089 0.077 
191 OmyJC19ROGR    (2)    2 :  0.075 0.704 0.168 0.054 
192 OmyJC19ROGR    (1)    2 :  0.787 0.044 0.112 0.057 
193 OmyJC19ROGR    (1)    2 :  0.362 0.167 0.307 0.165 
194 OmyJC19ROGR    (0)    2 :  0.817 0.066 0.095 0.023 
195 OmyJC19ROGR    (1)    2 :  0.090 0.034 0.070 0.806 
196 OmyJC19ROGR    (1)    2 :  0.134 0.045 0.771 0.049 
197 OmyJC19ROGR    (1)    2 :  0.183 0.542 0.183 0.092 
198 OmyJC19ROGR    (1)    2 :  0.094 0.070 0.060 0.776 
199 OmyJC19ROGR    (0)    2 :  0.258 0.104 0.591 0.046 
200 OmyJC19ROGR    (0)    2 :  0.077 0.694 0.156 0.073 
201 OmyJC19ROGR    (1)    2 :  0.549 0.113 0.299 0.039 
202 OmyJC19ROGR    (0)    2 :  0.094 0.814 0.071 0.021 
203 OmyJC19ROGR    (0)    2 :  0.282 0.223 0.432 0.063 
204 OmyJC19ROGR    (1)    2 :  0.389 0.238 0.291 0.081 
205 OmyJC19ROGR    (1)    2 :  0.139 0.156 0.558 0.147 
206 OmyJC19ROGR    (1)    2 :  0.054 0.053 0.055 0.838 
207 OmyJC19ROGR    (1)    2 :  0.259 0.113 0.343 0.284 
208 OmyJC19ROGR    (1)    2 :  0.462 0.101 0.381 0.056 
209 OmyJC19ROGR    (0)    2 :  0.074 0.187 0.160 0.578 
210 OmyJC19ROGR    (1)    2 :  0.037 0.023 0.032 0.908 
211 OmyJC19ROGR    (0)    2 :  0.315 0.112 0.372 0.200 
212 OmyJC19ROGR    (1)    2 :  0.171 0.431 0.106 0.292 
213 OmyJC19ROGR    (1)    2 :  0.172 0.138 0.639 0.051 
214 OmyJC19ROGR    (1)    2 :  0.397 0.106 0.416 0.081 
215 OmyJC19ROGR    (1)    2 :  0.768 0.099 0.089 0.044 
216 OmyJC19ROGR    (1)    2 :  0.067 0.037 0.073 0.823 
217 OmyJC19ROGR    (1)    2 :  0.254 0.141 0.181 0.425 
218 OmyJC19ROGR    (1)    2 :  0.114 0.632 0.204 0.050 
219 OmyJC19ROGR    (1)    2 :  0.546 0.047 0.256 0.152 
220 OmyJC19ROGR    (1)    2 :  0.477 0.182 0.320 0.021 
221 OmyJC19ROGR    (0)    2 :  0.123 0.097 0.452 0.328 
222 OmyJC19ROGR    (1)    2 :  0.392 0.329 0.221 0.059 
223 OmyJC19ROGR    (0)    2 :  0.360 0.130 0.418 0.092 
224 OmyJC19ROGR    (1)    2 :  0.522 0.116 0.319 0.044 
225 OmyJC19ROGR    (1)    2 :  0.026 0.022 0.028 0.924 
226 OmyJC19ROGR    (0)    2 :  0.245 0.059 0.420 0.275 
227 OmyJC19ROGR    (1)    2 :  0.029 0.047 0.031 0.893 
228 OmyJC19ROGR    (1)    2 :  0.404 0.062 0.458 0.076 
229 OmyJC19ROGR    (2)    2 :  0.139 0.193 0.620 0.048 
230 OmyJC19ROGR    (1)    2 :  0.136 0.252 0.333 0.278 
231 OmyJC19ROGR    (1)    2 :  0.280 0.069 0.550 0.101 
232 OmyJC19ROGR    (2)    2 :  0.165 0.206 0.564 0.064 
233 OmyJC19ROGR    (1)    2 :  0.438 0.114 0.308 0.139 
234 OmyJC19ROGR    (1)    2 :  0.035 0.033 0.034 0.898 
235 OmyJC19ROGR    (0)    2 :  0.257 0.111 0.087 0.545 
236 OmyJC19ROGR    (1)    2 :  0.456 0.333 0.170 0.041 
237 OmyJC19ROGR    (1)    2 :  0.422 0.211 0.242 0.124 
238 OmyJC19ROGR    (0)    2 :  0.521 0.074 0.224 0.182 
239 OmyJC19ROGR    (1)    2 :  0.649 0.086 0.145 0.119 
240 OmyJC19ROGR    (1)    2 :  0.173 0.110 0.647 0.069 
241 OmyJC19ROGR    (0)    2 :  0.196 0.544 0.140 0.119 
242 OmyJC19ROGR    (1)    2 :  0.712 0.171 0.088 0.029 
243 OmyJC19ROGR    (1)    2 :  0.192 0.485 0.247 0.076 
244 OmyJC19ROGR    (1)    2 :  0.180 0.408 0.313 0.099 
245 OmyJC19ROGR    (0)    2 :  0.020 0.026 0.022 0.931 
246 OmyJC19ROGR    (1)    2 :  0.100 0.583 0.099 0.218 
247 OmyJC19ROGR    (0)    2 :  0.120 0.170 0.171 0.539 
248 OmyJC19ROGR    (1)    2 :  0.111 0.114 0.206 0.569 
249 OmyJC19ROGR    (1)    2 :  0.226 0.083 0.591 0.100 
250 OmyJC19ROGR    (0)    2 :  0.313 0.194 0.336 0.157 
251 OmyJC19ROGR    (1)    2 :  0.281 0.139 0.491 0.089 
252 OmyJC19ROGR    (0)    2 :  0.049 0.817 0.088 0.046 
253 OmyJC19ROGR    (0)    2 :  0.386 0.097 0.397 0.120 
254 OmyJC19ROGR    (1)    2 :  0.179 0.529 0.199 0.093 
255 OmyJC19ROGR    (1)    2 :  0.068 0.623 0.266 0.043 
256 OmyJC19ROGR    (1)    2 :  0.127 0.388 0.125 0.360 
257 OmyJC19ROGR    (0)    2 :  0.135 0.097 0.663 0.105 
258 OmyAC19ROGR    (1)    1 :  0.200 0.211 0.303 0.287 
259 OmyAC19ROGR    (2)    1 :  0.199 0.128 0.128 0.545 
260 OmyAC19ROGR    (1)    1 :  0.630 0.140 0.186 0.044 
261 OmyAC19ROGR    (0)    1 :  0.310 0.079 0.532 0.079 
262 OmyAC19ROGR    (1)    1 :  0.257 0.236 0.333 0.174 
263 OmyAC19ROGR    (0)    1 :  0.176 0.578 0.184 0.062 
264 OmyAC19ROGR    (1)    1 :  0.351 0.140 0.410 0.099 
265 OmyAC19ROGR    (1)    1 :  0.472 0.152 0.307 0.069 
266 OmyAC19ROGR    (1)    1 :  0.165 0.068 0.744 0.023 
267 OmyAC19ROGR    (1)    1 :  0.255 0.151 0.373 0.221 
268 OmyAC19ROGR    (2)    1 :  0.124 0.520 0.175 0.181 
269 OmyAC19ROGR    (1)    1 :  0.284 0.117 0.360 0.239 
270 OmyAC19ROGR    (1)    1 :  0.063 0.601 0.286 0.050 
271 OmyAC19ROGR    (1)    1 :  0.183 0.111 0.257 0.449 
272 OmyAC19ROGR    (0)    1 :  0.326 0.059 0.358 0.257 
273 OmyAC19ROGR    (0)    1 :  0.414 0.211 0.311 0.063 
274 OmyAC19ROGR    (1)    1 :  0.065 0.050 0.112 0.773 
275 OmyAC19ROGR    (1)    1 :  0.324 0.307 0.189 0.180 
276 OmyAC19ROGR    (1)    1 :  0.588 0.095 0.228 0.089 
277 OmyAC19ROGR    (1)    1 :  0.327 0.070 0.472 0.130 
278 OmyAC19ROGR    (1)    1 :  0.309 0.074 0.242 0.375 
279 OmyAC19ROGR    (0)    1 :  0.542 0.062 0.152 0.244 
280 OmyAC19ROGR    (1)    1 :  0.132 0.356 0.343 0.168 
281 OmyAC19ROGR    (1)    1 :  0.311 0.106 0.494 0.089 
282 OmyAC19ROGR    (1)    1 :  0.218 0.191 0.352 0.239 
283 OmyAC19ROGR    (1)    1 :  0.482 0.103 0.327 0.088 
284 OmyAC19ROGR    (0)    1 :  0.296 0.239 0.423 0.041 
285 OmyAC19ROGR    (1)    1 :  0.411 0.365 0.152 0.072 
286 OmyAC19ROGR    (1)    1 :  0.500 0.220 0.247 0.034 
287 OmyAC19ROGR    (1)    1 :  0.021 0.015 0.019 0.945 
288 OmyAC19ROGR    (1)    1 :  0.114 0.061 0.076 0.749 
289 OmyAC19ROGR    (1)    1 :  0.454 0.075 0.289 0.182 
290 OmyAC19ROGR    (1)    1 :  0.027 0.029 0.025 0.919 
291 OmyAC19ROGR    (1)    1 :  0.112 0.282 0.119 0.487 
292 OmyAC19ROGR    (1)    1 :  0.247 0.097 0.367 0.289 
293 OmyAC19ROGR    (1)    1 :  0.120 0.677 0.148 0.055 
294 OmyAC19ROGR    (1)    1 :  0.444 0.063 0.230 0.263 
295 OmyAC19ROGR    (0)    1 :  0.400 0.236 0.327 0.037 
296 OmyAC19ROGR    (0)    1 :  0.572 0.138 0.236 0.053 
297 OmyAC19ROGR    (1)    1 :  0.075 0.034 0.100 0.791 
298 OmyAC19ROGR    (0)    1 :  0.655 0.055 0.259 0.031 
299 OmyAC19ROGR    (1)    1 :  0.269 0.354 0.094 0.282 
300 OmyAC19ROGR    (1)    1 :  0.434 0.124 0.384 0.058 
301 OmyAC19ROGR    (0)    1 :  0.040 0.029 0.051 0.880 
302 OmyAC19ROGR    (1)    1 :  0.266 0.070 0.174 0.490 
303 OmyAC19ROGR    (1)    1 :  0.358 0.080 0.356 0.207 
304 OmyAC19ROGR    (1)    1 :  0.499 0.116 0.170 0.215 
305 OmyAC19ROGR    (1)    1 :  0.528 0.135 0.288 0.048 
306 OmyAC19ROGR    (1)    1 :  0.088 0.034 0.219 0.660 
307 OmyAC19ROGR    (2)    1 :  0.294 0.304 0.365 0.037 
308 OmyAC19ROGR    (0)    1 :  0.399 0.087 0.352 0.163 
309 OmyAC19ROGR    (2)    1 :  0.035 0.029 0.035 0.901 
310 OmyAC19ROGR    (0)    1 :  0.221 0.099 0.190 0.489 
311 OmyAC19ROGR    (0)    1 :  0.272 0.077 0.108 0.543 
312 OmyAC19ROGR    (0)    1 :  0.124 0.660 0.161 0.056 
313 OmyAC19ROGR    (1)    1 :  0.465 0.168 0.337 0.030 
314 OmyAC19ROGR    (0)    1 :  0.110 0.719 0.104 0.068 
315 OmyAC19ROGR    (1)    1 :  0.232 0.159 0.515 0.094 
316 OmyAC19ROGR    (1)    1 :  0.423 0.117 0.404 0.056 
317 OmyAC19ROGR    (1)    1 :  0.215 0.473 0.238 0.074 
318 OmyAC19ROGR    (1)    1 :  0.162 0.528 0.268 0.042 
319 OmyAC19ROGR    (1)    1 :  0.454 0.195 0.320 0.031 
320 OmyAC19ROGR    (0)    1 :  0.530 0.128 0.321 0.020 
321 OmyAC19ROGR    (1)    1 :  0.407 0.088 0.462 0.042 
322 OmyAC19ROGR    (0)    1 :  0.207 0.096 0.322 0.376 
323 OmyAC19ROGR    (1)    1 :  0.592 0.052 0.317 0.039 
324 OmyAC19ROGR    (1)    1 :  0.213 0.259 0.487 0.041 
325 OmyAC19ROGR    (1)    1 :  0.128 0.071 0.322 0.479 
326 OmyAC19ROGR    (1)    1 :  0.308 0.064 0.553 0.075 
327 OmyAC19ROGR    (1)    1 :  0.453 0.199 0.288 0.061 
328 OmyJC18ROGR    (1)    2 :  0.147 0.666 0.123 0.064 
329 OmyJC18ROGR    (0)    2 :  0.218 0.103 0.583 0.096 
330 OmyJC18ROGR    (0)    2 :  0.204 0.032 0.672 0.092 
331 OmyJC18ROGR    (1)    2 :  0.156 0.088 0.098 0.657 
332 OmyJC18ROGR    (1)    2 :  0.102 0.090 0.067 0.741 
333 OmyJC18ROGR    (1)    2 :  0.058 0.036 0.061 0.845 
334 OmyJC18ROGR    (1)    2 :  0.136 0.254 0.352 0.259 
335 OmyJC18ROGR    (0)    2 :  0.213 0.510 0.243 0.034 
336 OmyJC18ROGR    (1)    2 :  0.044 0.035 0.043 0.878 
337 OmyJC18ROGR    (1)    2 :  0.478 0.065 0.393 0.064 
338 OmyJC18ROGR    (1)    2 :  0.074 0.026 0.042 0.858 
339 OmyJC18ROGR    (1)    2 :  0.254 0.072 0.592 0.082 
340 OmyJC18ROGR    (0)    2 :  0.154 0.548 0.135 0.162 
341 OmyJC18ROGR    (1)    2 :  0.431 0.372 0.168 0.029 
342 OmyJC18ROGR    (2)    2 :  0.272 0.118 0.163 0.447 
343 OmyJC18ROGR    (2)    2 :  0.117 0.316 0.173 0.394 
344 OmyJC18ROGR    (3)    2 :  0.231 0.155 0.105 0.510 
345 OmyJC18ROGR    (2)    2 :  0.081 0.115 0.116 0.689 
346 OmyJC18ROGR    (4)    2 :  0.209 0.043 0.708 0.040 
347 OmyJC18ROGR    (3)    2 :  0.579 0.067 0.283 0.072 
348 OmyJC18ROGR    (1)    2 :  0.201 0.110 0.472 0.218 
349 OmyJC18ROGR    (1)    2 :  0.621 0.082 0.243 0.053 
350 OmyJC18ROGR    (1)    2 :  0.631 0.049 0.258 0.062 
351 OmyJC18ROGR    (0)    2 :  0.131 0.050 0.081 0.738 
352 OmyJC18ROGR    (4)    2 :  0.220 0.124 0.184 0.472 
353 OmyJC18ROGR    (2)    2 :  0.154 0.226 0.355 0.265 
354 OmyJC18ROGR    (1)    2 :  0.226 0.086 0.567 0.122 
355 OmyJC18ROGR    (2)    2 :  0.193 0.097 0.656 0.053 
356 OmyJC18ROGR    (1)    2 :  0.227 0.517 0.202 0.053 
357 OmyJC18ROGR    (2)    2 :  0.047 0.210 0.047 0.696 
358 OmyJC18ROGR    (2)    2 :  0.273 0.474 0.227 0.027 
359 OmyJC18ROGR    (3)    2 :  0.467 0.145 0.254 0.134 
360 OmyJC18ROGR    (0)    2 :  0.155 0.472 0.294 0.079 
361 OmyJC18ROGR    (1)    2 :  0.313 0.110 0.548 0.029 
362 OmyJC18ROGR    (1)    2 :  0.292 0.107 0.362 0.240 
363 OmyJC18ROGR    (2)    2 :  0.165 0.285 0.267 0.283 
364 OmyJC18ROGR    (3)    2 :  0.739 0.085 0.148 0.028 
365 OmyJC18ROGR    (4)    2 :  0.414 0.057 0.473 0.056 
366 OmyJC18ROGR    (4)    2 :  0.270 0.484 0.194 0.052 
367 OmyJC18ROGR    (3)    2 :  0.074 0.042 0.091 0.793 
368 OmyJC18ROGR    (3)    2 :  0.289 0.101 0.196 0.414 
369 OmyJC18ROGR    (2)    2 :  0.142 0.393 0.358 0.107 
370 OmyJC18ROGR    (3)    2 :  0.292 0.111 0.521 0.076 
371 OmyJC18ROGR    (1)    2 :  0.315 0.231 0.388 0.067 
372 OmyJC18ROGR    (3)    2 :  0.467 0.167 0.229 0.137 
373 OmyJC18ROGR    (5)    2 :  0.122 0.595 0.153 0.130 
374 OmyJC18ROGR    (5)    2 :  0.113 0.792 0.064 0.031 
375 OmyJC18ROGR    (3)    2 :  0.269 0.080 0.521 0.130 
376 OmyJC18ROGR    (3)    2 :  0.042 0.031 0.038 0.890 
377 OmyJC18ROGR    (4)    2 :  0.103 0.483 0.151 0.262 
378 OmyJC18ROGR    (0)    2 :  0.456 0.253 0.179 0.111 
379 OmyJC18ROGR    (5)    2 :  0.407 0.214 0.223 0.157 
380 OmyJC18ROGR    (4)    2 :  0.157 0.265 0.363 0.214 
381 OmyJC18ROGR    (1)    2 :  0.452 0.185 0.287 0.076 
382 OmyJC18ROGR    (1)    2 :  0.451 0.225 0.268 0.056 
383 OmyJC18ROGR    (3)    2 :  0.120 0.096 0.295 0.488 
384 OmyJC18ROGR    (2)    2 :  0.614 0.037 0.126 0.224 
385 OmyJC18ROGR    (4)    2 :  0.254 0.042 0.631 0.073 
386 OmyJC18ROGR    (2)    2 :  0.350 0.056 0.188 0.407 
387 OmyJC18ROGR    (1)    2 :  0.180 0.332 0.131 0.358 
388 OmyJC18ROGR    (6)    2 :  0.156 0.434 0.326 0.084 
389 OmyJC18ROGR    (1)    2 :  0.374 0.079 0.375 0.172 
390 OmyJC18ROGR    (1)    2 :  0.480 0.120 0.306 0.094 
391 OmyJC18ROGR    (3)    2 :  0.043 0.066 0.047 0.844 
392 OmyJC18ROGR    (2)    2 :  0.280 0.277 0.389 0.055 
393 OmyJC18ROGR    (4)    2 :  0.056 0.758 0.090 0.095 
394 OmyJC18ROGR    (3)    2 :  0.085 0.037 0.096 0.781 
395 OmyJC18ROGR    (7)    2 :  0.102 0.477 0.175 0.246 
396 OmyJC18ROGR    (4)    2 :  0.114 0.227 0.100 0.559 
397 OmyJC18ROGR    (1)    2 :  0.350 0.186 0.380 0.084 
398 OmyJC18ROGR    (3)    2 :  0.158 0.188 0.405 0.249 
399 OmyJC18ROGR    (2)    2 :  0.126 0.310 0.219 0.345 
400 OmyJC18ROGR    (0)    2 :  0.389 0.132 0.402 0.076 
401 OmyJC18ROGR    (6)    2 :  0.074 0.721 0.112 0.093 
402 OmyJC18ROGR    (5)    2 :  0.065 0.490 0.188 0.257 
403 OmyJC18ROGR    (1)    2 :  0.201 0.296 0.316 0.188 
404 OmyJC18ROGR    (2)    2 :  0.320 0.067 0.448 0.166 
405 OmyJC18ROGR    (3)    2 :  0.543 0.117 0.288 0.052 
406 OmyJC18ROGR    (2)    2 :  0.384 0.053 0.499 0.064 
407 OmyJC18ROGR    (2)    2 :  0.434 0.305 0.094 0.167 
408 OmyJC18ROGR    (2)    2 :  0.379 0.343 0.124 0.154 
409 OmyJC18ROGR    (1)    2 :  0.218 0.316 0.412 0.055 
410 OmyJC18ROGR    (1)    2 :  0.382 0.099 0.474 0.045 
411 OmyJC18ROGR    (1)    2 :  0.162 0.112 0.672 0.054 
412 OmyJC18ROGR    (0)    2 :  0.708 0.059 0.200 0.033 
413 OmyJC18ROGR    (1)    2 :  0.240 0.054 0.651 0.055 
414 OmyJC18ROGR    (2)    2 :  0.573 0.076 0.312 0.039 
415 OmyJC18ROGR    (2)    2 :  0.094 0.201 0.676 0.029 
416 OmyJC18ROGR    (3)    2 :  0.267 0.089 0.538 0.107 
417 OmyJC18ROGR    (1)    2 :  0.226 0.455 0.245 0.075 
418 OmyJC18ROGR    (0)    2 :  0.049 0.769 0.120 0.062 
419 OmyJC18ROGR    (1)    2 :  0.165 0.392 0.401 0.042 
420 OmyJC18ROGR    (0)    2 :  0.124 0.044 0.791 0.040 
421 OmyJC18ROGR    (1)    2 :  0.535 0.090 0.296 0.079 
422 OmyJC18ROGR    (6)    2 :  0.143 0.156 0.628 0.073 
423 OmyJC18ROGR    (2)    2 :  0.226 0.141 0.559 0.075 
424 OmyJC18ROGR    (1)    2 :  0.163 0.282 0.255 0.300 
425 OmyJC18ROGR    (1)    2 :  0.201 0.091 0.378 0.330 
426 OmyJC18ROGR    (3)    2 :  0.291 0.234 0.418 0.056 
427 OmyJC18ROGR    (2)    2 :  0.249 0.033 0.106 0.613 
428 OmyJC18ROGR    (6)    2 :  0.268 0.060 0.640 0.031 
429 OmyJC18ROGR    (1)    2 :  0.325 0.039 0.402 0.234 
430 OmyJC18ROGR    (1)    2 :  0.187 0.234 0.390 0.189 
431 OmyJC18ROGR    (0)    2 :  0.309 0.076 0.528 0.087 
432 OmyJC18ROGR    (2)    2 :  0.073 0.069 0.063 0.795 
433 OmyJC18ROGR    (2)    2 :  0.093 0.679 0.124 0.104 
434 OmyJC18ROGR    (2)    2 :  0.227 0.092 0.517 0.164 
435 OmyJC18ROGR    (8)    2 :  0.398 0.207 0.278 0.117 
436 OmyJC18ROGR    (2)    2 :  0.239 0.144 0.561 0.055 
437 OmyJC18ROGR    (4)    2 :  0.252 0.260 0.438 0.050 
438 OmyJC18ROGR    (1)    2 :  0.047 0.774 0.084 0.094 
439 OmyJC18ROGR    (2)    2 :  0.147 0.122 0.184 0.547 
440 OmyJC18ROGR    (0)    2 :  0.042 0.751 0.057 0.150 
441 OmyJC18ROGR    (1)    2 :  0.826 0.055 0.082 0.037 
442 OmyJC18ROGR    (6)    2 :  0.377 0.210 0.251 0.161 
443 OmyJC18ROGR    (1)    2 :  0.627 0.055 0.286 0.033 
444 OmyJC18ROGR    (6)    2 :  0.169 0.427 0.343 0.061 
445 OmyJC18ROGR    (2)    2 :  0.193 0.288 0.409 0.110 
446 OmyJC18ROGR    (3)    2 :  0.151 0.372 0.138 0.339 
447 OmyJC18ROGR    (2)    2 :  0.426 0.167 0.257 0.149 
448 OmyJC18ROGR    (3)    2 :  0.417 0.105 0.390 0.088 
449 OmyJC18ROGR    (1)    2 :  0.552 0.107 0.298 0.043 
450 OmyJC18ROGR    (4)    2 :  0.115 0.315 0.301 0.270 
451 OmyJC18ROGR    (3)    2 :  0.430 0.130 0.372 0.068 
452 OmyJC18ROGR    (1)    2 :  0.444 0.056 0.402 0.098 
453 OmyJC18ROGR    (1)    2 :  0.582 0.054 0.330 0.034 
454 OmyJC18ROGR    (4)    2 :  0.310 0.429 0.179 0.082 
455 OmyJC18ROGR    (4)    2 :  0.253 0.181 0.108 0.458 
456 OmyJC18ROGR    (5)    2 :  0.148 0.121 0.537 0.194 
457 OmyJC18ROGR    (3)    2 :  0.131 0.523 0.302 0.044 
458 OmyJC18ROGR    (1)    2 :  0.325 0.251 0.342 0.082 
459 OmyJC18ROGR    (1)    2 :  0.055 0.034 0.060 0.852 
460 OmyJC18ROGR    (2)    2 :  0.492 0.091 0.351 0.065 
461 OmyJC18ROGR    (1)    2 :  0.066 0.117 0.065 0.751 
462 OmyJC18ROGR    (1)    2 :  0.281 0.377 0.318 0.025 
463 OmyJC18ROGR    (4)    2 :  0.538 0.124 0.252 0.086 
464 OmyJC18ROGR    (6)    2 :  0.266 0.320 0.377 0.037 
465 OmyJC18ROGR    (3)    2 :  0.119 0.616 0.215 0.049 
466 OmyJC18ROGR    (3)    2 :  0.309 0.324 0.257 0.110 
467 OmyJC18ROGR    (2)    2 :  0.243 0.108 0.523 0.126 
468 OmyJC18ROGR    (2)    2 :  0.333 0.162 0.477 0.028 
469 OmyJC18ROGR    (1)    2 :  0.030 0.030 0.038 0.902 
470 OmyJC18ROGR    (0)    2 :  0.123 0.527 0.079 0.271 
471 OmyJC18ROGR    (2)    2 :  0.160 0.128 0.597 0.114 
472 OmyJC18ROGR    (2)    2 :  0.241 0.040 0.704 0.015 
473 OmyJC18ROGR    (1)    2 :  0.391 0.100 0.388 0.121 
474 OmyJC18ROGR    (3)    2 :  0.223 0.111 0.575 0.091 
475 OmyJC18ROGR    (1)    2 :  0.195 0.476 0.187 0.142 
476 OmyJC18ROGR    (2)    2 :  0.396 0.126 0.424 0.054 
477 OmyJC18ROGR    (0)    2 :  0.119 0.411 0.350 0.120 
478 OmyJC18ROGR    (1)    2 :  0.481 0.117 0.288 0.115 
479 OmyJC18ROGR    (1)    2 :  0.187 0.264 0.478 0.070 
480 OmyJC18ROGR    (1)    2 :  0.374 0.094 0.407 0.125 
481 OmyJC18ROGR    (1)    2 :  0.418 0.123 0.393 0.066 
482 OmyJC18ROGR    (1)    2 :  0.156 0.538 0.250 0.056 
483 OmyJC18ROGR    (0)    2 :  0.440 0.238 0.270 0.052 
484 OmyJC18ROGR    (0)    2 :  0.670 0.073 0.157 0.101 
485 OmyJC18ROGR    (0)    2 :  0.157 0.536 0.264 0.043 
486 OmyJC18ROGR    (0)    2 :  0.340 0.238 0.344 0.077 
487 OmyJC18ROGR    (1)    2 :  0.098 0.735 0.117 0.050 
488 OmyJC18ROGR    (1)    2 :  0.173 0.402 0.327 0.098 
489 OmyJC18ROGR    (1)    2 :  0.636 0.067 0.227 0.070 
490 OmyJC18ROGR    (0)    2 :  0.580 0.052 0.334 0.033 
491 OmyJC18ROGR    (0)    2 :  0.163 0.634 0.120 0.083 
492 OmyJC18ROGR    (5)    2 :  0.045 0.109 0.052 0.794 
493 OmyJC18ROGR    (1)    2 :  0.145 0.300 0.240 0.315 
494 OmyJC18ROGR    (3)    2 :  0.288 0.199 0.451 0.062 
495 OmyJC18ROGR    (1)    2 :  0.161 0.283 0.418 0.137 
496 OmyJC18ROGR    (1)    2 :  0.216 0.053 0.585 0.145 
497 OmyJC18ROGR    (1)    2 :  0.171 0.282 0.516 0.031 
498 OmyJC18ROGR    (1)    2 :  0.376 0.338 0.189 0.097 
499 OmyJC18ROGR    (1)    2 :  0.364 0.289 0.284 0.063 
500 OmyJC18ROGR    (1)    2 :  0.284 0.060 0.511 0.146 
501 OmyJC18ROGR    (2)    2 :  0.128 0.534 0.297 0.041 
502 OmyJC18ROGR    (1)    2 :  0.125 0.523 0.097 0.255 
503 OmyJC18ROGR    (2)    2 :  0.370 0.291 0.198 0.141 
504 OmyJC18ROGR    (2)    2 :  0.116 0.581 0.203 0.100 
505 OmyJC18ROGR    (2)    2 :  0.361 0.151 0.358 0.130 
506 OmyJC18ROGR    (3)    2 :  0.150 0.148 0.608 0.094 
507 OmyJC18ROGR    (1)    2 :  0.157 0.068 0.641 0.134 
508 OmyJC18ROGR    (7)    2 :  0.173 0.137 0.636 0.054 
509 OmyJC18ROGR    (1)    2 :  0.128 0.342 0.314 0.216 
510 OmyJC18ROGR    (1)    2 :  0.028 0.024 0.018 0.931 
511 OmyJC18ROGR    (2)    2 :  0.123 0.577 0.126 0.174 
512 OmyJC18ROGR    (1)    2 :  0.170 0.589 0.201 0.040 
513 OmyJC18ROGR    (3)    2 :  0.249 0.070 0.638 0.043 
514 OmyJC18ROGR    (1)    2 :  0.061 0.860 0.043 0.036 
515 OmyJC18ROGR    (5)    2 :  0.250 0.109 0.593 0.049 
516 OmyJC18ROGR    (3)    2 :  0.068 0.490 0.097 0.344 
517 OmyJC18ROGR    (1)    2 :  0.327 0.467 0.178 0.028 
518 OmyJC18ROGR    (1)    2 :  0.168 0.182 0.111 0.539 
519 OmyJC18ROGR    (0)    2 :  0.096 0.311 0.469 0.123 
520 OmyJC18ROGR    (0)    2 :  0.608 0.216 0.118 0.058 
521 OmyJC18ROGR    (2)    2 :  0.185 0.160 0.533 0.122 
522 OmyJC18ROGR    (2)    2 :  0.160 0.117 0.299 0.423 
523 OmyJC18ROGR    (1)    2 :  0.145 0.359 0.140 0.356 
524 OmyJC18ROGR    (3)    2 :  0.253 0.164 0.398 0.184 
525 OmyJC18ROGR    (1)    2 :  0.269 0.334 0.317 0.080 
526 OmyJC18ROGR    (7)    2 :  0.494 0.073 0.405 0.028 
527 OmyJC18ROGR    (4)    2 :  0.436 0.109 0.327 0.128 
528 OmyJC18ROGR    (1)    2 :  0.483 0.277 0.202 0.037 
529 OmyJC18ROGR    (2)    2 :  0.509 0.086 0.359 0.047 
530 OmyJC18ROGR    (1)    2 :  0.122 0.457 0.324 0.097 
531 OmyJC18ROGR    (2)    2 :  0.654 0.120 0.173 0.054 
532 OmyJC18ROGR    (2)    2 :  0.229 0.151 0.589 0.031 
533 OmyJC18ROGR    (5)    2 :  0.036 0.057 0.028 0.879 
534 OmyJC18ROGR    (2)    2 :  0.286 0.220 0.329 0.165 
535 OmyJC18ROGR    (3)    2 :  0.282 0.446 0.198 0.074 
536 OmyJC18ROGR    (0)    2 :  0.267 0.078 0.489 0.166 
537 OmyJC18ROGR    (3)    2 :  0.340 0.138 0.232 0.290 
538 OmyJC18ROGR    (1)    2 :  0.239 0.209 0.498 0.055 
539 OmyJC18ROGR    (1)    2 :  0.215 0.401 0.303 0.080 
540 OmyJC18ROGR    (1)    2 :  0.430 0.142 0.360 0.068 
541 OmyJC18ROGR    (5)    2 :  0.382 0.416 0.175 0.027 
542 OmyJC18ROGR    (4)    2 :  0.430 0.149 0.272 0.149 
543 OmyJC18ROGR    (2)    2 :  0.219 0.428 0.326 0.028 
544 OmyJC18ROGR    (2)    2 :  0.087 0.346 0.491 0.076 
545 OmyJC18ROGR    (2)    2 :  0.261 0.232 0.149 0.358 
546 OmyJC18ROGR    (1)    2 :  0.260 0.362 0.314 0.064 
547 OmyJC18ROGR    (1)    2 :  0.246 0.383 0.273 0.097 
548 OmyJC18ROGR    (1)    2 :  0.091 0.049 0.098 0.762 
549 OmyJC18ROGR    (1)    2 :  0.361 0.206 0.118 0.315 
550 OmyJC18ROGR    (2)    2 :  0.415 0.096 0.199 0.290 
551 OmyJC18ROGR    (4)    2 :  0.514 0.083 0.233 0.170 
552 OmyJC18ROGR    (6)    2 :  0.597 0.026 0.336 0.041 
553 OmyJC18ROGR    (3)    2 :  0.046 0.837 0.081 0.036 
554 OmyJC18ROGR    (1)    2 :  0.179 0.554 0.239 0.028 
555 OmyJC18ROGR    (4)    2 :  0.275 0.467 0.212 0.046 
556 OmyJC18ROGR    (2)    2 :  0.319 0.251 0.308 0.121 
557 OmyJC18ROGR    (0)    2 :  0.301 0.176 0.464 0.059 
558 OmyJC18ROGR    (2)    2 :  0.188 0.400 0.317 0.095 
559 OmyJC18ROGR    (3)    2 :  0.393 0.111 0.146 0.350 
560 OmyJC18ROGR    (6)    2 :  0.281 0.541 0.132 0.046 
561 OmyJC18ROGR    (1)    2 :  0.406 0.047 0.339 0.208 
562 OmyJC18ROGR    (2)    2 :  0.104 0.644 0.173 0.079 
563 OmyJC18ROGR    (2)    2 :  0.240 0.306 0.106 0.348 
564 OmyJC18ROGR    (1)    2 :  0.197 0.164 0.241 0.398 
565 OmyJC18ROGR    (1)    2 :  0.247 0.046 0.627 0.080 
566 OmyJC18ROGR    (1)    2 :  0.210 0.153 0.595 0.042 
567 OmyJC18ROGR    (1)    2 :  0.731 0.066 0.150 0.053 
568 OmyJC18ROGR    (1)    2 :  0.699 0.105 0.161 0.035 
569 OmyJC18ROGR    (3)    2 :  0.454 0.164 0.323 0.058 
570 OmyJC18ROGR    (1)    2 :  0.180 0.304 0.211 0.305 
571 OmyJC18ROGR    (2)    2 :  0.124 0.124 0.170 0.582 
572 OmyJC18ROGR    (5)    2 :  0.078 0.562 0.163 0.197 
573 OmyJC18ROGR    (5)    2 :  0.571 0.164 0.082 0.183 
574 OmyJC18ROGR    (1)    2 :  0.645 0.065 0.106 0.184 
575 OmyJC18ROGR    (2)    2 :  0.375 0.360 0.221 0.045 
576 OmyJC18ROGR    (0)    2 :  0.247 0.626 0.097 0.029 
577 OmyJC18ROGR    (1)    2 :  0.378 0.091 0.170 0.361 
578 OmyJC18ROGR    (1)    2 :  0.799 0.035 0.137 0.029 
579 OmyJC18ROGR    (2)    2 :  0.200 0.415 0.288 0.097 
580 OmyJC18ROGR    (1)    2 :  0.220 0.430 0.324 0.026 
581 OmyJC18ROGR    (1)    2 :  0.099 0.594 0.146 0.161 
582 OmyJC18ROGR    (0)    2 :  0.195 0.057 0.645 0.103 
583 OmyJC18ROGR    (1)    2 :  0.386 0.330 0.199 0.084 
584 OmyJC18ROGR    (2)    2 :  0.340 0.255 0.085 0.320 
585 OmyJC18ROGR    (1)    2 :  0.555 0.035 0.157 0.253 
586 OmyJC18ROGR    (0)    2 :  0.170 0.105 0.106 0.619 
587 OmyJC18ROGR    (1)    2 :  0.157 0.222 0.584 0.037 
588 OmyJC18ROGR    (0)    2 :  0.271 0.132 0.091 0.505 
589 OmyJC18ROGR    (2)    2 :  0.051 0.835 0.067 0.047 
590 OmyJC18ROGR    (2)    2 :  0.113 0.209 0.492 0.185 
591 OmyJC18ROGR    (1)    2 :  0.253 0.160 0.142 0.445 
592 OmyJC18ROGR    (1)    2 :  0.268 0.286 0.381 0.064 
593 OmyJC18ROGR    (1)    2 :  0.278 0.065 0.355 0.302 
594 OmyJC18ROGR    (3)    2 :  0.329 0.153 0.462 0.056 
595 OmyJC18ROGR    (1)    2 :  0.652 0.113 0.105 0.131 
596 OmyJC18ROGR    (1)    2 :  0.213 0.117 0.570 0.099 
597 OmyJC18ROGR    (1)    2 :  0.512 0.070 0.309 0.109 
598 OmyJC18ROGR    (1)    2 :  0.155 0.088 0.138 0.619 
599 OmyJC18ROGR    (1)    2 :  0.340 0.433 0.124 0.104 
600 OmyJC18ROGR    (2)    2 :  0.190 0.543 0.212 0.056 
601 OmyJC18ROGR    (7)    2 :  0.130 0.762 0.086 0.022 
602 OmyJC18ROGR    (3)    2 :  0.185 0.072 0.628 0.115 
603 OmyJC18ROGR    (1)    2 :  0.274 0.378 0.274 0.073 
604 OmyJC18ROGR    (1)    2 :  0.458 0.238 0.231 0.072 
605 OmyJC18ROGR    (1)    2 :  0.184 0.571 0.193 0.052 
606 OmyJC18ROGR    (1)    2 :  0.367 0.069 0.115 0.449 
607 OmyJC18ROGR    (1)    2 :  0.277 0.236 0.410 0.077 
608 OmyJC18ROGR    (1)    2 :  0.247 0.384 0.297 0.072 
609 OmyJC18ROGR    (1)    2 :  0.063 0.832 0.049 0.056 
610 OmyJC18ROGR    (1)    2 :  0.141 0.368 0.261 0.229 
611 OmyJC18ROGR    (1)    2 :  0.211 0.305 0.404 0.080 
612 OmyJC18ROGR    (1)    2 :  0.465 0.106 0.280 0.149 
613 OmyJC18ROGR    (2)    2 :  0.116 0.150 0.133 0.601 
614 OmyJC18ROGR    (1)    2 :  0.052 0.558 0.105 0.286 
615 OmyJC18ROGR    (1)    2 :  0.391 0.083 0.477 0.049 
616 OmyJC18ROGR    (1)    2 :  0.208 0.082 0.659 0.051 
617 OmyJC18ROGR    (1)    2 :  0.169 0.332 0.457 0.042 
618 OmyJC18ROGR    (0)    2 :  0.430 0.058 0.331 0.180 
619 OmyJC18ROGR    (1)    2 :  0.681 0.058 0.156 0.105 
620 OmyJC18ROGR    (1)    2 :  0.294 0.166 0.223 0.317 
621 OmyJC18ROGR    (1)    2 :  0.177 0.373 0.230 0.219 
622 OmyJC18ROGR    (1)    2 :  0.145 0.260 0.577 0.018 
623 OmyJC18ROGR    (1)    2 :  0.486 0.070 0.131 0.314 
624 OmyJC18ROGR    (0)    2 :  0.463 0.219 0.206 0.113 
625 OmyJC18ROGR    (0)    2 :  0.775 0.041 0.137 0.048 
626 OmyJC18ROGR    (1)    2 :  0.167 0.154 0.648 0.032 
627 OmyJC18ROGR    (1)    2 :  0.316 0.078 0.566 0.041 
628 OmyJC18ROGR    (1)    2 :  0.192 0.072 0.196 0.540 
629 OmyJC18ROGR    (1)    2 :  0.035 0.019 0.045 0.901 
630 OmyJC18ROGR    (2)    2 :  0.750 0.048 0.098 0.104 
631 OmyJC18ROGR    (5)    2 :  0.194 0.412 0.075 0.319 
632 OmyJC18ROGR    (2)    2 :  0.344 0.163 0.403 0.089 
633 OmyJC18ROGR    (1)    2 :  0.299 0.041 0.326 0.334 
634 OmyJC18ROGR    (4)    2 :  0.416 0.332 0.224 0.028 
635 OmyJC18ROGR    (1)    2 :  0.830 0.027 0.121 0.023 
636 OmyJC18ROGR    (0)    2 :  0.593 0.114 0.206 0.087 
637 OmyJC18ROGR    (1)    2 :  0.073 0.826 0.061 0.041 
638 OmyJC18ROGR    (0)    2 :  0.572 0.050 0.230 0.148 
639 OmyJC18ROGR    (0)    2 :  0.232 0.473 0.211 0.084 
640 OmyJC18ROGR    (1)    2 :  0.158 0.130 0.565 0.147 
641 OmyJC18ROGR    (1)    2 :  0.250 0.275 0.349 0.126 
642 OmyJC18ROGR    (1)    2 :  0.210 0.166 0.201 0.422 
643 OmyJC18ROGR    (1)    2 :  0.698 0.047 0.232 0.023 
644 OmyJC18ROGR    (1)    2 :  0.643 0.054 0.267 0.036 
645 OmyJC18ROGR    (0)    2 :  0.478 0.106 0.175 0.241 
646 OmyAC19ROGR    (1)    3 :  0.211 0.192 0.521 0.077 
647 OmyJC18ROGR    (1)    2 :  0.596 0.117 0.170 0.116 
648 OmyAC19ROGR    (0)    3 :  0.268 0.131 0.569 0.033 
649 OmyAC19APPR    (1)    3 :  0.834 0.028 0.118 0.020 
650 OmyAC19APPR    (1)    3 :  0.679 0.047 0.167 0.106 
651 OmyJC18ROGR    (1)    2 :  0.562 0.211 0.167 0.061 
652 OmyAC19APPR    (0)    3 :  0.547 0.139 0.257 0.057 
653 OmyAC19CORH    (2)    4 :  0.317 0.524 0.104 0.055 
654 OmyJC18ROGR    (0)    2 :  0.735 0.084 0.152 0.030 
655 OmyAC19CORH    (1)    4 :  0.139 0.506 0.161 0.194 
656 OmyAC19CORH    (1)    4 :  0.080 0.781 0.082 0.057 
657 OmyAC19CORH    (1)    4 :  0.029 0.901 0.046 0.023 
658 OmyAC19CORH    (0)    4 :  0.035 0.877 0.030 0.058 
659 OmyAC19CORH    (0)    4 :  0.044 0.878 0.048 0.030 
660 OmyAC19ROGR    (3)    3 :  0.260 0.038 0.532 0.171 
661 OmyJC18ROGR    (1)    2 :  0.357 0.227 0.312 0.104 
662 OmyAC19ROGR    (1)    3 :  0.286 0.100 0.536 0.078 
663 OmyAC19ROGR    (1)    3 :  0.640 0.058 0.247 0.055 
664 OmyAC19APPR    (1)    3 :  0.149 0.087 0.684 0.080 
665 OmyAC19APPR    (1)    3 :  0.561 0.042 0.248 0.149 
666 OmyJC18ROGR    (0)    2 :  0.103 0.135 0.123 0.639 
667 OmyAC19APPR    (1)    3 :  0.762 0.047 0.137 0.053 
668 OmyAC19CORH    (1)    4 :  0.131 0.305 0.213 0.352 
669 OmyAC19CORH    (0)    4 :  0.039 0.884 0.039 0.038 
670 OmyAC19CORH    (1)    4 :  0.061 0.792 0.120 0.027 
671 OmyAC19CORH    (1)    4 :  0.273 0.566 0.085 0.076 
672 OmyAC19CORH    (1)    4 :  0.103 0.745 0.098 0.054 
673 OmyAC19CORH    (0)    4 :  0.188 0.488 0.273 0.051 
674 OmyAC19ROGR    (2)    3 :  0.459 0.148 0.346 0.047 
675 OmyAC19ROGR    (5)    3 :  0.389 0.130 0.400 0.081 
