

----------------------------------------------------
STRUCTURE by Pritchard, Stephens and Donnelly (2000)
     and Falush, Stephens and Pritchard (2003)
       Code by Pritchard, Falush and Hubisz
             Version 2.3.4 (Jul 2012)
----------------------------------------------------



Command line arguments:   bin/structure -m "/Users/ddayan/FRA/premature_migration/Rogue_Half-Pounder/rogue_half_pounder_repo/structure/halfpounder/10k_20k_adm_corr/mainparams" -e "/Users/ddayan/FRA/premature_migration/Rogue_Half-Pounder/rogue_half_pounder_repo/structure/halfpounder/10k_20k_adm_corr/extraparams" 
Input File:    /Users/ddayan/FRA/premature_migration/Rogue_Half-Pounder/rogue_half_pounder_repo/structure/halfpounder/project_data

Run parameters:
   882 individuals
   330 loci
   4 populations assumed
   10000 Burn-in period
   20000 Reps


--------------------------------------------
Proportion of membership of each pre-defined
 population in each of the 4 clusters

Given    Inferred Clusters              Number of
 Pop       1      2      3      4      Individuals

  1:     0.268  0.236  0.227  0.270      157
  2:     0.266  0.238  0.225  0.271      643
  3:     0.403  0.116  0.077  0.404       40
  4:     0.097  0.751  0.062  0.091       42
--------------------------------------------

Allele-freq. divergence among pops (Net nucleotide distance),
computed using point estimates of P.

      1       2       3       4      
 1      -    0.0034  0.0079  0.0006  
 2   0.0034     -    0.0101  0.0031  
 3   0.0079  0.0101     -    0.0077  
 4   0.0006  0.0031  0.0077     -    

Average distances (expected heterozygosity) between individuals in same cluster:
cluster  1  : 0.2869 
cluster  2  : 0.2808 
cluster  3  : 0.2558 
cluster  4  : 0.2870 

--------------------------------------------
Estimated Ln Prob of Data   = -247759.0
Mean value of ln likelihood = -246458.6
Variance of ln likelihood   = 2601.0
Mean value of alpha         = 0.2656

Mean value of Fst_1         = 0.0106
Mean value of Fst_2         = 0.0244
Mean value of Fst_3         = 0.0688
Mean value of Fst_4         = 0.0069


Inferred ancestry of individuals:
        Label (%Miss) Pop:  Inferred clusters
  1 OmyAC19ROGR    (0)    1 :  0.169 0.404 0.022 0.405 
  2 OmyAC19ROGR    (1)    1 :  0.136 0.385 0.121 0.359 
  3 OmyAC19ROGR    (1)    1 :  0.102 0.270 0.080 0.549 
  4 OmyAC19ROGR    (1)    1 :  0.383 0.215 0.036 0.367 
  5 OmyAC19ROGR    (2)    1 :  0.018 0.016 0.943 0.022 
  6 OmyAC19ROGR    (1)    1 :  0.170 0.081 0.290 0.458 
  7 OmyAC19ROGR    (1)    1 :  0.328 0.210 0.247 0.214 
  8 OmyAC19ROGR    (0)    1 :  0.413 0.228 0.025 0.334 
  9 OmyAC19ROGR    (1)    1 :  0.080 0.211 0.217 0.492 
 10 OmyAC19ROGR    (1)    1 :  0.165 0.169 0.534 0.132 
 11 OmyAC19ROGR    (0)    1 :  0.230 0.252 0.153 0.365 
 12 OmyAC19ROGR    (0)    1 :  0.166 0.082 0.158 0.593 
 13 OmyAC19ROGR    (1)    1 :  0.493 0.264 0.052 0.191 
 14 OmyAC19ROGR    (1)    1 :  0.264 0.037 0.521 0.178 
 15 OmyAC19ROGR    (2)    1 :  0.342 0.060 0.483 0.116 
 16 OmyAC19ROGR    (1)    1 :  0.410 0.217 0.148 0.226 
 17 OmyAC19ROGR    (1)    1 :  0.420 0.034 0.147 0.399 
 18 OmyAC19ROGR    (2)    1 :  0.364 0.411 0.035 0.189 
 19 OmyAC19ROGR    (1)    1 :  0.523 0.189 0.077 0.211 
 20 OmyAC19ROGR    (1)    1 :  0.486 0.034 0.267 0.213 
 21 OmyAC19ROGR    (1)    1 :  0.271 0.147 0.298 0.284 
 22 OmyAC19ROGR    (1)    1 :  0.157 0.429 0.112 0.302 
 23 OmyAC19ROGR    (1)    1 :  0.127 0.184 0.232 0.458 
 24 OmyAC19ROGR    (1)    1 :  0.062 0.827 0.022 0.089 
 25 OmyAC19ROGR    (1)    1 :  0.408 0.123 0.281 0.188 
 26 OmyAC19ROGR    (1)    1 :  0.173 0.428 0.167 0.232 
 27 OmyAC19ROGR    (1)    1 :  0.578 0.081 0.088 0.253 
 28 OmyAC19ROGR    (1)    1 :  0.035 0.891 0.030 0.043 
 29 OmyAC19ROGR    (1)    1 :  0.303 0.216 0.091 0.390 
 30 OmyAC19ROGR    (1)    1 :  0.098 0.077 0.672 0.153 
 31 OmyAC19ROGR    (1)    1 :  0.329 0.264 0.062 0.346 
 32 OmyAC19ROGR    (1)    1 :  0.313 0.297 0.170 0.220 
 33 OmyAC19ROGR    (1)    1 :  0.176 0.421 0.170 0.233 
 34 OmyAC19ROGR    (1)    1 :  0.225 0.082 0.597 0.096 
 35 OmyAC19ROGR    (0)    1 :  0.198 0.431 0.140 0.230 
 36 OmyAC19ROGR    (1)    1 :  0.153 0.120 0.272 0.455 
 37 OmyAC19ROGR    (1)    1 :  0.194 0.514 0.144 0.148 
 38 OmyAC19ROGR    (1)    1 :  0.060 0.343 0.530 0.066 
 39 OmyAC19ROGR    (1)    1 :  0.312 0.096 0.239 0.352 
 40 OmyAC19ROGR    (0)    1 :  0.304 0.057 0.312 0.327 
 41 OmyAC19ROGR    (1)    1 :  0.495 0.127 0.047 0.330 
 42 OmyAC19ROGR    (1)    1 :  0.064 0.031 0.832 0.074 
 43 OmyAC19ROGR    (1)    1 :  0.113 0.218 0.069 0.600 
 44 OmyAC19ROGR    (7)    1 :  0.130 0.165 0.072 0.633 
 45 OmyAC19ROGR    (2)    1 :  0.096 0.374 0.380 0.151 
 46 OmyAC19ROGR    (1)    1 :  0.217 0.453 0.086 0.244 
 47 OmyAC19ROGR    (0)    1 :  0.080 0.733 0.098 0.089 
 48 OmyAC19ROGR    (1)    1 :  0.190 0.192 0.072 0.546 
 49 OmyAC19ROGR    (0)    1 :  0.302 0.414 0.061 0.223 
 50 OmyAC19ROGR    (1)    1 :  0.660 0.043 0.042 0.255 
 51 OmyAC19ROGR    (2)    1 :  0.092 0.078 0.742 0.089 
 52 OmyAC19ROGR    (1)    1 :  0.051 0.054 0.860 0.036 
 53 OmyAC19ROGR    (2)    1 :  0.090 0.721 0.040 0.148 
 54 OmyAC19ROGR    (1)    1 :  0.118 0.595 0.107 0.181 
 55 OmyAC19ROGR    (3)    1 :  0.415 0.097 0.148 0.340 
 56 OmyAC19ROGR    (1)    1 :  0.183 0.564 0.134 0.118 
 57 OmyAC19ROGR    (0)    1 :  0.133 0.708 0.029 0.129 
 58 OmyAC19ROGR    (1)    1 :  0.103 0.068 0.732 0.098 
 59 OmyAC19ROGR    (0)    1 :  0.191 0.574 0.033 0.201 
 60 OmyAC19ROGR    (2)    1 :  0.338 0.112 0.177 0.374 
 61 OmyAC19ROGR    (1)    1 :  0.194 0.566 0.098 0.143 
 62 OmyAC19ROGR    (1)    1 :  0.177 0.148 0.061 0.615 
 63 OmyAC19ROGR    (0)    1 :  0.129 0.458 0.270 0.143 
 64 OmyAC19ROGR    (3)    1 :  0.313 0.136 0.080 0.471 
 65 OmyAC19ROGR    (1)    1 :  0.510 0.179 0.088 0.222 
 66 OmyAC19ROGR    (4)    1 :  0.453 0.060 0.345 0.141 
 67 OmyAC19ROGR    (0)    1 :  0.353 0.443 0.063 0.141 
 68 OmyAC19ROGR    (2)    1 :  0.104 0.539 0.072 0.285 
 69 OmyAC19ROGR    (2)    1 :  0.089 0.576 0.264 0.072 
 70 OmyAC19ROGR    (1)    1 :  0.194 0.356 0.064 0.386 
 71 OmyAC19ROGR    (0)    1 :  0.389 0.146 0.049 0.416 
 72 OmyAC19ROGR    (5)    1 :  0.234 0.182 0.037 0.547 
 73 OmyAC19ROGR    (1)    1 :  0.090 0.419 0.354 0.137 
 74 OmyAC19ROGR    (1)    1 :  0.307 0.042 0.045 0.607 
 75 OmyAC19ROGR    (1)    1 :  0.278 0.449 0.144 0.129 
 76 OmyAC19ROGR    (1)    1 :  0.091 0.735 0.062 0.113 
 77 OmyAC19ROGR    (1)    1 :  0.035 0.024 0.916 0.026 
 78 OmyAC19ROGR    (1)    1 :  0.296 0.173 0.057 0.474 
 79 OmyAC19ROGR    (2)    1 :  0.282 0.303 0.095 0.320 
 80 OmyAC19ROGR    (2)    1 :  0.074 0.089 0.756 0.081 
 81 OmyAC19ROGR    (2)    1 :  0.179 0.103 0.481 0.236 
 82 OmyAC19ROGR    (1)    1 :  0.108 0.652 0.030 0.210 
 83 OmyAC19ROGR    (0)    1 :  0.272 0.468 0.073 0.187 
 84 OmyAC19ROGR    (1)    1 :  0.243 0.093 0.245 0.418 
 85 OmyAC19ROGR    (6)    1 :  0.426 0.268 0.048 0.257 
 86 OmyAC19ROGR    (1)    1 :  0.479 0.033 0.119 0.369 
 87 OmyAC19ROGR    (2)    1 :  0.183 0.377 0.053 0.387 
 88 OmyJC19ROGR    (0)    2 :  0.071 0.028 0.856 0.045 
 89 OmyJC19ROGR    (1)    2 :  0.476 0.118 0.093 0.313 
 90 OmyJC19ROGR    (1)    2 :  0.038 0.028 0.892 0.043 
 91 OmyJC19ROGR    (2)    2 :  0.291 0.371 0.021 0.317 
 92 OmyJC19ROGR    (1)    2 :  0.127 0.708 0.061 0.104 
 93 OmyJC19ROGR    (1)    2 :  0.068 0.818 0.025 0.089 
 94 OmyJC19ROGR    (1)    2 :  0.345 0.060 0.254 0.341 
 95 OmyJC19ROGR    (0)    2 :  0.230 0.059 0.269 0.442 
 96 OmyJC19ROGR    (2)    2 :  0.517 0.133 0.127 0.223 
 97 OmyJC19ROGR    (1)    2 :  0.034 0.752 0.168 0.046 
 98 OmyJC19ROGR    (0)    2 :  0.434 0.154 0.064 0.348 
 99 OmyJC19ROGR    (0)    2 :  0.170 0.544 0.141 0.145 
100 OmyJC19ROGR    (1)    2 :  0.225 0.140 0.061 0.574 
101 OmyJC19ROGR    (1)    2 :  0.119 0.206 0.548 0.127 
102 OmyJC19ROGR    (1)    2 :  0.634 0.076 0.099 0.191 
103 OmyJC19ROGR    (2)    2 :  0.202 0.281 0.258 0.258 
104 OmyJC19ROGR    (1)    2 :  0.131 0.647 0.048 0.175 
105 OmyJC19ROGR    (1)    2 :  0.090 0.560 0.245 0.106 
106 OmyJC19ROGR    (1)    2 :  0.022 0.046 0.908 0.023 
107 OmyJC19ROGR    (2)    2 :  0.532 0.151 0.131 0.187 
108 OmyJC19ROGR    (0)    2 :  0.271 0.423 0.086 0.220 
109 OmyJC19ROGR    (1)    2 :  0.382 0.046 0.296 0.276 
110 OmyJC19ROGR    (1)    2 :  0.081 0.561 0.214 0.144 
111 OmyJC19ROGR    (1)    2 :  0.155 0.565 0.099 0.180 
112 OmyJC19ROGR    (2)    2 :  0.403 0.062 0.122 0.412 
113 OmyJC19ROGR    (1)    2 :  0.240 0.068 0.572 0.120 
114 OmyJC19ROGR    (3)    2 :  0.272 0.154 0.072 0.502 
115 OmyJC19ROGR    (2)    2 :  0.066 0.519 0.072 0.342 
116 OmyJC19ROGR    (0)    2 :  0.288 0.133 0.149 0.430 
117 OmyJC19ROGR    (1)    2 :  0.370 0.087 0.296 0.247 
118 OmyJC19ROGR    (1)    2 :  0.401 0.260 0.048 0.290 
119 OmyJC19ROGR    (3)    2 :  0.544 0.099 0.085 0.272 
120 OmyJC19ROGR    (1)    2 :  0.072 0.828 0.022 0.078 
121 OmyJC19ROGR    (0)    2 :  0.360 0.062 0.078 0.500 
122 OmyJC19ROGR    (1)    2 :  0.259 0.305 0.088 0.348 
123 OmyJC19ROGR    (1)    2 :  0.378 0.321 0.030 0.271 
124 OmyJC19ROGR    (0)    2 :  0.150 0.076 0.157 0.617 
125 OmyJC19ROGR    (1)    2 :  0.067 0.551 0.136 0.247 
126 OmyJC19ROGR    (1)    2 :  0.100 0.073 0.705 0.122 
127 OmyJC19ROGR    (1)    2 :  0.761 0.072 0.081 0.085 
128 OmyJC19ROGR    (1)    2 :  0.083 0.812 0.046 0.059 
129 OmyJC19ROGR    (1)    2 :  0.193 0.238 0.348 0.221 
130 OmyJC19ROGR    (1)    2 :  0.146 0.044 0.069 0.741 
131 OmyJC19ROGR    (1)    2 :  0.165 0.327 0.133 0.375 
132 OmyJC19ROGR    (1)    2 :  0.155 0.616 0.069 0.160 
133 OmyJC19ROGR    (1)    2 :  0.303 0.125 0.046 0.526 
134 OmyJC19ROGR    (1)    2 :  0.541 0.118 0.104 0.238 
135 OmyJC19ROGR    (1)    2 :  0.047 0.891 0.024 0.038 
136 OmyJC19ROGR    (3)    2 :  0.483 0.170 0.051 0.296 
137 OmyJC19ROGR    (1)    2 :  0.327 0.066 0.268 0.339 
138 OmyJC19ROGR    (1)    2 :  0.089 0.039 0.733 0.139 
139 OmyJC19ROGR    (2)    2 :  0.217 0.109 0.039 0.635 
140 OmyJC19ROGR    (3)    2 :  0.526 0.107 0.151 0.215 
141 OmyJC19ROGR    (0)    2 :  0.183 0.197 0.456 0.164 
142 OmyJC19ROGR    (1)    2 :  0.207 0.257 0.369 0.167 
143 OmyJC19ROGR    (0)    2 :  0.054 0.723 0.080 0.143 
144 OmyJC19ROGR    (1)    2 :  0.189 0.094 0.022 0.695 
145 OmyJC19ROGR    (1)    2 :  0.229 0.061 0.036 0.673 
146 OmyJC19ROGR    (2)    2 :  0.103 0.678 0.085 0.134 
147 OmyJC19ROGR    (1)    2 :  0.604 0.161 0.067 0.169 
148 OmyJC19ROGR    (1)    2 :  0.390 0.256 0.028 0.326 
149 OmyJC19ROGR    (2)    2 :  0.241 0.471 0.124 0.165 
150 OmyJC19ROGR    (2)    2 :  0.192 0.602 0.086 0.120 
151 OmyJC19ROGR    (1)    2 :  0.363 0.221 0.152 0.264 
152 OmyJC19ROGR    (0)    2 :  0.317 0.200 0.079 0.403 
153 OmyJC19ROGR    (1)    2 :  0.060 0.855 0.044 0.041 
154 OmyJC19ROGR    (2)    2 :  0.378 0.064 0.085 0.473 
155 OmyJC19ROGR    (1)    2 :  0.264 0.274 0.126 0.337 
156 OmyJC19ROGR    (1)    2 :  0.357 0.193 0.166 0.283 
157 OmyJC19ROGR    (0)    2 :  0.189 0.326 0.103 0.381 
158 OmyJC19ROGR    (2)    2 :  0.449 0.237 0.035 0.279 
159 OmyJC19ROGR    (1)    2 :  0.528 0.060 0.058 0.355 
160 OmyJC19ROGR    (0)    2 :  0.425 0.330 0.085 0.160 
161 OmyJC19ROGR    (1)    2 :  0.253 0.510 0.051 0.186 
162 OmyJC19ROGR    (1)    2 :  0.417 0.253 0.092 0.238 
163 OmyJC19ROGR    (1)    2 :  0.119 0.635 0.058 0.188 
164 OmyJC19ROGR    (1)    2 :  0.451 0.099 0.038 0.413 
165 OmyJC19ROGR    (0)    2 :  0.201 0.235 0.035 0.529 
166 OmyJC19ROGR    (0)    2 :  0.244 0.081 0.074 0.601 
167 OmyJC19ROGR    (2)    2 :  0.209 0.352 0.128 0.311 
168 OmyJC19ROGR    (0)    2 :  0.401 0.130 0.108 0.361 
169 OmyJC19ROGR    (1)    2 :  0.030 0.017 0.920 0.033 
170 OmyJC19ROGR    (1)    2 :  0.091 0.726 0.078 0.105 
171 OmyJC19ROGR    (1)    2 :  0.450 0.131 0.043 0.376 
172 OmyJC19ROGR    (0)    2 :  0.128 0.320 0.458 0.094 
173 OmyJC19ROGR    (1)    2 :  0.028 0.022 0.909 0.041 
174 OmyJC19ROGR    (0)    2 :  0.163 0.130 0.049 0.658 
175 OmyJC19ROGR    (1)    2 :  0.415 0.140 0.048 0.396 
176 OmyJC19ROGR    (1)    2 :  0.240 0.624 0.066 0.071 
177 OmyJC19ROGR    (1)    2 :  0.071 0.786 0.018 0.125 
178 OmyJC19ROGR    (0)    2 :  0.503 0.038 0.067 0.391 
179 OmyJC19ROGR    (1)    2 :  0.162 0.535 0.031 0.272 
180 OmyJC19ROGR    (1)    2 :  0.053 0.070 0.822 0.055 
181 OmyJC19ROGR    (1)    2 :  0.375 0.113 0.061 0.451 
182 OmyJC19ROGR    (1)    2 :  0.335 0.105 0.228 0.332 
183 OmyJC19ROGR    (1)    2 :  0.337 0.144 0.054 0.466 
184 OmyJC19ROGR    (1)    2 :  0.159 0.128 0.609 0.105 
185 OmyJC19ROGR    (2)    2 :  0.309 0.111 0.021 0.559 
186 OmyJC19ROGR    (1)    2 :  0.108 0.591 0.138 0.164 
187 OmyJC19ROGR    (0)    2 :  0.169 0.070 0.039 0.721 
188 OmyJC19ROGR    (1)    2 :  0.286 0.214 0.097 0.403 
189 OmyJC19ROGR    (0)    2 :  0.192 0.384 0.202 0.221 
190 OmyJC19ROGR    (0)    2 :  0.155 0.670 0.062 0.113 
191 OmyJC19ROGR    (2)    2 :  0.092 0.702 0.054 0.153 
192 OmyJC19ROGR    (1)    2 :  0.838 0.033 0.050 0.079 
193 OmyJC19ROGR    (1)    2 :  0.373 0.169 0.160 0.298 
194 OmyJC19ROGR    (0)    2 :  0.835 0.064 0.024 0.077 
195 OmyJC19ROGR    (1)    2 :  0.077 0.032 0.837 0.054 
196 OmyJC19ROGR    (1)    2 :  0.159 0.053 0.041 0.747 
197 OmyJC19ROGR    (1)    2 :  0.176 0.518 0.078 0.228 
198 OmyJC19ROGR    (1)    2 :  0.084 0.069 0.797 0.050 
199 OmyJC19ROGR    (0)    2 :  0.362 0.095 0.048 0.495 
200 OmyJC19ROGR    (0)    2 :  0.086 0.711 0.074 0.129 
201 OmyJC19ROGR    (1)    2 :  0.500 0.112 0.036 0.353 
202 OmyJC19ROGR    (0)    2 :  0.093 0.835 0.016 0.055 
203 OmyJC19ROGR    (0)    2 :  0.303 0.192 0.049 0.455 
204 OmyJC19ROGR    (1)    2 :  0.400 0.184 0.073 0.342 
205 OmyJC19ROGR    (1)    2 :  0.147 0.137 0.135 0.582 
206 OmyJC19ROGR    (1)    2 :  0.039 0.048 0.856 0.057 
207 OmyJC19ROGR    (1)    2 :  0.225 0.098 0.269 0.408 
208 OmyJC19ROGR    (1)    2 :  0.519 0.101 0.054 0.325 
209 OmyJC19ROGR    (0)    2 :  0.094 0.210 0.573 0.123 
210 OmyJC19ROGR    (1)    2 :  0.031 0.020 0.908 0.040 
211 OmyJC19ROGR    (0)    2 :  0.335 0.131 0.221 0.313 
212 OmyJC19ROGR    (1)    2 :  0.153 0.439 0.265 0.143 
213 OmyJC19ROGR    (1)    2 :  0.136 0.138 0.046 0.680 
214 OmyJC19ROGR    (1)    2 :  0.293 0.079 0.072 0.555 
215 OmyJC19ROGR    (1)    2 :  0.706 0.105 0.042 0.147 
216 OmyJC19ROGR    (1)    2 :  0.056 0.030 0.848 0.066 
217 OmyJC19ROGR    (1)    2 :  0.243 0.111 0.434 0.211 
218 OmyJC19ROGR    (1)    2 :  0.117 0.599 0.044 0.241 
219 OmyJC19ROGR    (1)    2 :  0.495 0.051 0.154 0.299 
220 OmyJC19ROGR    (1)    2 :  0.508 0.234 0.020 0.238 
221 OmyJC19ROGR    (0)    2 :  0.110 0.089 0.299 0.502 
222 OmyJC19ROGR    (1)    2 :  0.359 0.316 0.062 0.263 
223 OmyJC19ROGR    (0)    2 :  0.306 0.112 0.090 0.492 
224 OmyJC19ROGR    (1)    2 :  0.666 0.086 0.032 0.216 
225 OmyJC19ROGR    (1)    2 :  0.028 0.025 0.923 0.024 
226 OmyJC19ROGR    (0)    2 :  0.329 0.080 0.268 0.323 
227 OmyJC19ROGR    (1)    2 :  0.032 0.046 0.888 0.034 
228 OmyJC19ROGR    (1)    2 :  0.385 0.053 0.066 0.496 
229 OmyJC19ROGR    (2)    2 :  0.146 0.231 0.039 0.584 
230 OmyJC19ROGR    (1)    2 :  0.146 0.284 0.289 0.281 
231 OmyJC19ROGR    (1)    2 :  0.282 0.073 0.104 0.541 
232 OmyJC19ROGR    (2)    2 :  0.211 0.239 0.064 0.486 
233 OmyJC19ROGR    (1)    2 :  0.405 0.126 0.137 0.332 
234 OmyJC19ROGR    (1)    2 :  0.030 0.032 0.908 0.030 
235 OmyJC19ROGR    (0)    2 :  0.218 0.112 0.573 0.097 
236 OmyJC19ROGR    (1)    2 :  0.422 0.294 0.038 0.246 
237 OmyJC19ROGR    (1)    2 :  0.429 0.221 0.119 0.231 
238 OmyJC19ROGR    (0)    2 :  0.457 0.062 0.153 0.328 
239 OmyJC19ROGR    (1)    2 :  0.647 0.077 0.147 0.128 
240 OmyJC19ROGR    (1)    2 :  0.201 0.109 0.061 0.629 
241 OmyJC19ROGR    (0)    2 :  0.184 0.561 0.105 0.151 
242 OmyJC19ROGR    (1)    2 :  0.629 0.234 0.029 0.109 
243 OmyJC19ROGR    (1)    2 :  0.192 0.496 0.067 0.245 
244 OmyJC19ROGR    (1)    2 :  0.144 0.412 0.082 0.363 
245 OmyJC19ROGR    (0)    2 :  0.022 0.021 0.938 0.020 
246 OmyJC19ROGR    (1)    2 :  0.092 0.598 0.201 0.109 
247 OmyJC19ROGR    (0)    2 :  0.133 0.176 0.549 0.142 
248 OmyJC19ROGR    (1)    2 :  0.103 0.119 0.611 0.167 
249 OmyJC19ROGR    (1)    2 :  0.229 0.077 0.091 0.603 
250 OmyJC19ROGR    (0)    2 :  0.365 0.197 0.159 0.279 
251 OmyJC19ROGR    (1)    2 :  0.213 0.118 0.090 0.579 
252 OmyJC19ROGR    (0)    2 :  0.047 0.801 0.057 0.095 
253 OmyJC19ROGR    (0)    2 :  0.496 0.093 0.110 0.302 
254 OmyJC19ROGR    (1)    2 :  0.175 0.529 0.084 0.212 
255 OmyJC19ROGR    (1)    2 :  0.066 0.624 0.041 0.269 
256 OmyJC19ROGR    (1)    2 :  0.096 0.368 0.356 0.180 
257 OmyJC19ROGR    (0)    2 :  0.187 0.103 0.113 0.597 
258 OmyAC19ROGR    (1)    1 :  0.200 0.221 0.274 0.305 
259 OmyAC19ROGR    (2)    1 :  0.220 0.119 0.542 0.119 
260 OmyAC19ROGR    (1)    1 :  0.684 0.121 0.039 0.156 
261 OmyAC19ROGR    (0)    1 :  0.403 0.066 0.079 0.452 
262 OmyAC19ROGR    (1)    1 :  0.275 0.229 0.183 0.313 
263 OmyAC19ROGR    (0)    1 :  0.169 0.574 0.052 0.205 
264 OmyAC19ROGR    (1)    1 :  0.293 0.122 0.102 0.483 
265 OmyAC19ROGR    (1)    1 :  0.472 0.175 0.073 0.280 
266 OmyAC19ROGR    (1)    1 :  0.220 0.069 0.022 0.689 
267 OmyAC19ROGR    (1)    1 :  0.344 0.139 0.203 0.315 
268 OmyAC19ROGR    (2)    1 :  0.140 0.533 0.166 0.161 
269 OmyAC19ROGR    (1)    1 :  0.336 0.109 0.240 0.314 
270 OmyAC19ROGR    (1)    1 :  0.092 0.570 0.048 0.290 
271 OmyAC19ROGR    (1)    1 :  0.229 0.108 0.428 0.235 
272 OmyAC19ROGR    (0)    1 :  0.297 0.054 0.230 0.418 
273 OmyAC19ROGR    (0)    1 :  0.442 0.240 0.058 0.261 
274 OmyAC19ROGR    (1)    1 :  0.067 0.046 0.800 0.086 
275 OmyAC19ROGR    (1)    1 :  0.320 0.287 0.186 0.207 
276 OmyAC19ROGR    (1)    1 :  0.590 0.097 0.082 0.230 
277 OmyAC19ROGR    (1)    1 :  0.330 0.064 0.123 0.483 
278 OmyAC19ROGR    (1)    1 :  0.279 0.076 0.371 0.274 
279 OmyAC19ROGR    (0)    1 :  0.538 0.059 0.226 0.177 
280 OmyAC19ROGR    (1)    1 :  0.113 0.420 0.154 0.313 
281 OmyAC19ROGR    (1)    1 :  0.429 0.102 0.077 0.393 
282 OmyAC19ROGR    (1)    1 :  0.198 0.179 0.262 0.360 
283 OmyAC19ROGR    (1)    1 :  0.463 0.096 0.080 0.361 
284 OmyAC19ROGR    (0)    1 :  0.191 0.210 0.043 0.555 
285 OmyAC19ROGR    (1)    1 :  0.362 0.372 0.072 0.195 
286 OmyAC19ROGR    (1)    1 :  0.502 0.203 0.035 0.260 
287 OmyAC19ROGR    (1)    1 :  0.016 0.016 0.955 0.013 
288 OmyAC19ROGR    (1)    1 :  0.084 0.050 0.807 0.060 
289 OmyAC19ROGR    (1)    1 :  0.536 0.062 0.142 0.260 
290 OmyAC19ROGR    (1)    1 :  0.025 0.028 0.921 0.026 
291 OmyAC19ROGR    (1)    1 :  0.109 0.259 0.475 0.158 
292 OmyAC19ROGR    (1)    1 :  0.266 0.093 0.288 0.353 
293 OmyAC19ROGR    (1)    1 :  0.111 0.717 0.045 0.127 
294 OmyAC19ROGR    (1)    1 :  0.445 0.069 0.250 0.237 
295 OmyAC19ROGR    (0)    1 :  0.427 0.248 0.045 0.279 
296 OmyAC19ROGR    (0)    1 :  0.542 0.148 0.054 0.257 
297 OmyAC19ROGR    (1)    1 :  0.070 0.034 0.826 0.070 
298 OmyAC19ROGR    (0)    1 :  0.547 0.055 0.034 0.364 
299 OmyAC19ROGR    (1)    1 :  0.247 0.344 0.279 0.130 
300 OmyAC19ROGR    (1)    1 :  0.460 0.144 0.067 0.329 
301 OmyAC19ROGR    (0)    1 :  0.040 0.039 0.885 0.037 
302 OmyAC19ROGR    (1)    1 :  0.266 0.067 0.485 0.181 
303 OmyAC19ROGR    (1)    1 :  0.452 0.080 0.180 0.287 
304 OmyAC19ROGR    (1)    1 :  0.608 0.104 0.192 0.096 
305 OmyAC19ROGR    (1)    1 :  0.506 0.124 0.044 0.325 
306 OmyAC19ROGR    (1)    1 :  0.108 0.028 0.693 0.171 
307 OmyAC19ROGR    (2)    1 :  0.275 0.351 0.037 0.336 
308 OmyAC19ROGR    (0)    1 :  0.408 0.083 0.163 0.346 
309 OmyAC19ROGR    (2)    1 :  0.032 0.029 0.905 0.033 
310 OmyAC19ROGR    (0)    1 :  0.208 0.104 0.483 0.204 
311 OmyAC19ROGR    (0)    1 :  0.284 0.059 0.548 0.110 
312 OmyAC19ROGR    (0)    1 :  0.168 0.607 0.056 0.168 
313 OmyAC19ROGR    (1)    1 :  0.410 0.169 0.028 0.393 
314 OmyAC19ROGR    (0)    1 :  0.128 0.673 0.065 0.134 
315 OmyAC19ROGR    (1)    1 :  0.227 0.166 0.102 0.505 
316 OmyAC19ROGR    (1)    1 :  0.501 0.117 0.048 0.334 
317 OmyAC19ROGR    (1)    1 :  0.263 0.481 0.075 0.181 
318 OmyAC19ROGR    (1)    1 :  0.161 0.555 0.045 0.239 
319 OmyAC19ROGR    (1)    1 :  0.403 0.208 0.031 0.359 
320 OmyAC19ROGR    (0)    1 :  0.528 0.150 0.022 0.300 
321 OmyAC19ROGR    (1)    1 :  0.439 0.106 0.045 0.411 
322 OmyAC19ROGR    (0)    1 :  0.249 0.099 0.401 0.251 
323 OmyAC19ROGR    (1)    1 :  0.531 0.046 0.042 0.381 
324 OmyAC19ROGR    (1)    1 :  0.194 0.179 0.038 0.589 
325 OmyAC19ROGR    (1)    1 :  0.131 0.083 0.473 0.314 
326 OmyAC19ROGR    (1)    1 :  0.330 0.064 0.076 0.529 
327 OmyAC19ROGR    (1)    1 :  0.394 0.173 0.059 0.374 
328 OmyJC18ROGR    (1)    2 :  0.175 0.630 0.047 0.149 
329 OmyJC18ROGR    (0)    2 :  0.247 0.100 0.084 0.569 
330 OmyJC18ROGR    (0)    2 :  0.253 0.037 0.086 0.624 
331 OmyJC18ROGR    (1)    2 :  0.109 0.093 0.681 0.116 
332 OmyJC18ROGR    (1)    2 :  0.093 0.081 0.754 0.072 
333 OmyJC18ROGR    (1)    2 :  0.057 0.044 0.845 0.054 
334 OmyJC18ROGR    (1)    2 :  0.128 0.243 0.235 0.394 
335 OmyJC18ROGR    (0)    2 :  0.197 0.542 0.034 0.227 
336 OmyJC18ROGR    (1)    2 :  0.038 0.028 0.885 0.050 
337 OmyJC18ROGR    (1)    2 :  0.503 0.070 0.051 0.376 
338 OmyJC18ROGR    (1)    2 :  0.057 0.022 0.880 0.041 
339 OmyJC18ROGR    (1)    2 :  0.345 0.071 0.078 0.506 
340 OmyJC18ROGR    (0)    2 :  0.158 0.507 0.170 0.165 
341 OmyJC18ROGR    (1)    2 :  0.494 0.288 0.022 0.196 
342 OmyJC18ROGR    (2)    2 :  0.199 0.121 0.433 0.247 
343 OmyJC18ROGR    (2)    2 :  0.132 0.312 0.374 0.182 
344 OmyJC18ROGR    (3)    2 :  0.207 0.165 0.518 0.109 
345 OmyJC18ROGR    (2)    2 :  0.062 0.108 0.717 0.113 
346 OmyJC18ROGR    (4)    2 :  0.189 0.042 0.040 0.730 
347 OmyJC18ROGR    (3)    2 :  0.581 0.068 0.072 0.278 
348 OmyJC18ROGR    (1)    2 :  0.226 0.123 0.225 0.426 
349 OmyJC18ROGR    (1)    2 :  0.653 0.085 0.059 0.203 
350 OmyJC18ROGR    (1)    2 :  0.662 0.053 0.063 0.221 
351 OmyJC18ROGR    (0)    2 :  0.173 0.043 0.722 0.061 
352 OmyJC18ROGR    (4)    2 :  0.187 0.127 0.478 0.208 
353 OmyJC18ROGR    (2)    2 :  0.154 0.200 0.232 0.414 
354 OmyJC18ROGR    (1)    2 :  0.256 0.080 0.121 0.543 
355 OmyJC18ROGR    (2)    2 :  0.194 0.114 0.055 0.637 
356 OmyJC18ROGR    (1)    2 :  0.201 0.508 0.058 0.233 
357 OmyJC18ROGR    (2)    2 :  0.059 0.192 0.686 0.062 
358 OmyJC18ROGR    (2)    2 :  0.275 0.434 0.026 0.265 
359 OmyJC18ROGR    (3)    2 :  0.507 0.136 0.118 0.239 
360 OmyJC18ROGR    (0)    2 :  0.163 0.501 0.078 0.259 
361 OmyJC18ROGR    (1)    2 :  0.316 0.086 0.026 0.572 
362 OmyJC18ROGR    (1)    2 :  0.218 0.108 0.223 0.451 
363 OmyJC18ROGR    (2)    2 :  0.175 0.280 0.286 0.259 
364 OmyJC18ROGR    (3)    2 :  0.763 0.080 0.027 0.130 
365 OmyJC18ROGR    (4)    2 :  0.354 0.054 0.059 0.533 
366 OmyJC18ROGR    (4)    2 :  0.292 0.406 0.057 0.245 
367 OmyJC18ROGR    (3)    2 :  0.079 0.048 0.793 0.079 
368 OmyJC18ROGR    (3)    2 :  0.318 0.090 0.409 0.183 
369 OmyJC18ROGR    (2)    2 :  0.116 0.436 0.107 0.341 
370 OmyJC18ROGR    (3)    2 :  0.284 0.132 0.084 0.500 
371 OmyJC18ROGR    (1)    2 :  0.318 0.210 0.054 0.419 
372 OmyJC18ROGR    (3)    2 :  0.463 0.175 0.135 0.227 
373 OmyJC18ROGR    (5)    2 :  0.112 0.582 0.135 0.172 
374 OmyJC18ROGR    (5)    2 :  0.102 0.783 0.029 0.086 
375 OmyJC18ROGR    (3)    2 :  0.342 0.075 0.132 0.450 
376 OmyJC18ROGR    (3)    2 :  0.056 0.026 0.884 0.034 
377 OmyJC18ROGR    (4)    2 :  0.105 0.551 0.233 0.110 
378 OmyJC18ROGR    (0)    2 :  0.476 0.230 0.108 0.187 
379 OmyJC18ROGR    (5)    2 :  0.357 0.210 0.156 0.277 
380 OmyJC18ROGR    (4)    2 :  0.144 0.291 0.207 0.358 
381 OmyJC18ROGR    (1)    2 :  0.528 0.181 0.071 0.220 
382 OmyJC18ROGR    (1)    2 :  0.396 0.190 0.055 0.360 
383 OmyJC18ROGR    (3)    2 :  0.144 0.107 0.482 0.267 
384 OmyJC18ROGR    (2)    2 :  0.544 0.044 0.231 0.181 
385 OmyJC18ROGR    (4)    2 :  0.206 0.037 0.065 0.692 
386 OmyJC18ROGR    (2)    2 :  0.387 0.042 0.384 0.187 
387 OmyJC18ROGR    (1)    2 :  0.180 0.334 0.336 0.150 
388 OmyJC18ROGR    (6)    2 :  0.180 0.469 0.088 0.263 
389 OmyJC18ROGR    (1)    2 :  0.342 0.087 0.170 0.401 
390 OmyJC18ROGR    (1)    2 :  0.509 0.116 0.091 0.284 
391 OmyJC18ROGR    (3)    2 :  0.033 0.057 0.870 0.040 
392 OmyJC18ROGR    (2)    2 :  0.243 0.283 0.046 0.428 
393 OmyJC18ROGR    (4)    2 :  0.054 0.773 0.084 0.089 
394 OmyJC18ROGR    (3)    2 :  0.106 0.041 0.762 0.091 
395 OmyJC18ROGR    (7)    2 :  0.102 0.467 0.255 0.175 
396 OmyJC18ROGR    (4)    2 :  0.106 0.231 0.571 0.093 
397 OmyJC18ROGR    (1)    2 :  0.333 0.168 0.073 0.425 
398 OmyJC18ROGR    (3)    2 :  0.147 0.207 0.254 0.391 
399 OmyJC18ROGR    (2)    2 :  0.124 0.297 0.385 0.195 
400 OmyJC18ROGR    (0)    2 :  0.353 0.128 0.067 0.452 
401 OmyJC18ROGR    (6)    2 :  0.076 0.723 0.077 0.124 
402 OmyJC18ROGR    (5)    2 :  0.069 0.503 0.258 0.170 
403 OmyJC18ROGR    (1)    2 :  0.227 0.273 0.182 0.318 
404 OmyJC18ROGR    (2)    2 :  0.367 0.066 0.185 0.382 
405 OmyJC18ROGR    (3)    2 :  0.526 0.128 0.049 0.296 
406 OmyJC18ROGR    (2)    2 :  0.451 0.064 0.050 0.434 
407 OmyJC18ROGR    (2)    2 :  0.385 0.337 0.153 0.125 
408 OmyJC18ROGR    (2)    2 :  0.307 0.380 0.152 0.160 
409 OmyJC18ROGR    (1)    2 :  0.216 0.346 0.052 0.386 
410 OmyJC18ROGR    (1)    2 :  0.375 0.090 0.042 0.494 
411 OmyJC18ROGR    (1)    2 :  0.154 0.125 0.054 0.667 
412 OmyJC18ROGR    (0)    2 :  0.713 0.059 0.033 0.195 
413 OmyJC18ROGR    (1)    2 :  0.278 0.052 0.054 0.616 
414 OmyJC18ROGR    (2)    2 :  0.514 0.058 0.040 0.387 
415 OmyJC18ROGR    (2)    2 :  0.104 0.250 0.031 0.614 
416 OmyJC18ROGR    (3)    2 :  0.350 0.093 0.100 0.457 
417 OmyJC18ROGR    (1)    2 :  0.194 0.390 0.069 0.347 
418 OmyJC18ROGR    (0)    2 :  0.045 0.807 0.051 0.097 
419 OmyJC18ROGR    (1)    2 :  0.190 0.421 0.041 0.348 
420 OmyJC18ROGR    (0)    2 :  0.128 0.041 0.047 0.784 
421 OmyJC18ROGR    (1)    2 :  0.555 0.099 0.077 0.269 
422 OmyJC18ROGR    (6)    2 :  0.181 0.216 0.085 0.518 
423 OmyJC18ROGR    (2)    2 :  0.217 0.151 0.072 0.560 
424 OmyJC18ROGR    (1)    2 :  0.152 0.244 0.280 0.325 
425 OmyJC18ROGR    (1)    2 :  0.194 0.074 0.326 0.405 
426 OmyJC18ROGR    (3)    2 :  0.285 0.240 0.052 0.423 
427 OmyJC18ROGR    (2)    2 :  0.242 0.032 0.639 0.087 
428 OmyJC18ROGR    (6)    2 :  0.208 0.064 0.028 0.700 
429 OmyJC18ROGR    (1)    2 :  0.347 0.037 0.246 0.371 
430 OmyJC18ROGR    (1)    2 :  0.254 0.261 0.201 0.284 
431 OmyJC18ROGR    (0)    2 :  0.243 0.060 0.078 0.619 
432 OmyJC18ROGR    (2)    2 :  0.074 0.062 0.805 0.059 
433 OmyJC18ROGR    (2)    2 :  0.119 0.679 0.098 0.103 
434 OmyJC18ROGR    (2)    2 :  0.304 0.101 0.177 0.418 
435 OmyJC18ROGR    (8)    2 :  0.305 0.181 0.103 0.411 
436 OmyJC18ROGR    (2)    2 :  0.181 0.162 0.044 0.613 
437 OmyJC18ROGR    (4)    2 :  0.240 0.263 0.049 0.449 
438 OmyJC18ROGR    (1)    2 :  0.043 0.817 0.073 0.067 
439 OmyJC18ROGR    (2)    2 :  0.166 0.114 0.577 0.143 
440 OmyJC18ROGR    (0)    2 :  0.053 0.747 0.139 0.061 
441 OmyJC18ROGR    (1)    2 :  0.741 0.052 0.039 0.168 
442 OmyJC18ROGR    (6)    2 :  0.386 0.234 0.169 0.211 
443 OmyJC18ROGR    (1)    2 :  0.691 0.045 0.027 0.237 
444 OmyJC18ROGR    (6)    2 :  0.179 0.419 0.060 0.341 
445 OmyJC18ROGR    (2)    2 :  0.136 0.287 0.099 0.477 
446 OmyJC18ROGR    (3)    2 :  0.122 0.373 0.347 0.158 
447 OmyJC18ROGR    (2)    2 :  0.434 0.149 0.139 0.278 
448 OmyJC18ROGR    (3)    2 :  0.539 0.103 0.086 0.272 
449 OmyJC18ROGR    (1)    2 :  0.578 0.076 0.048 0.298 
450 OmyJC18ROGR    (4)    2 :  0.091 0.268 0.244 0.397 
451 OmyJC18ROGR    (3)    2 :  0.445 0.114 0.071 0.370 
452 OmyJC18ROGR    (1)    2 :  0.490 0.044 0.087 0.379 
453 OmyJC18ROGR    (1)    2 :  0.522 0.044 0.030 0.404 
454 OmyJC18ROGR    (4)    2 :  0.272 0.483 0.071 0.174 
455 OmyJC18ROGR    (4)    2 :  0.207 0.186 0.489 0.118 
456 OmyJC18ROGR    (5)    2 :  0.171 0.121 0.186 0.523 
457 OmyJC18ROGR    (3)    2 :  0.133 0.584 0.040 0.244 
458 OmyJC18ROGR    (1)    2 :  0.349 0.243 0.065 0.343 
459 OmyJC18ROGR    (1)    2 :  0.047 0.033 0.871 0.048 
460 OmyJC18ROGR    (2)    2 :  0.457 0.071 0.065 0.407 
461 OmyJC18ROGR    (1)    2 :  0.058 0.093 0.784 0.064 
462 OmyJC18ROGR    (1)    2 :  0.258 0.340 0.022 0.380 
463 OmyJC18ROGR    (4)    2 :  0.613 0.087 0.072 0.228 
464 OmyJC18ROGR    (6)    2 :  0.256 0.304 0.033 0.406 
465 OmyJC18ROGR    (3)    2 :  0.134 0.584 0.054 0.228 
466 OmyJC18ROGR    (3)    2 :  0.306 0.304 0.108 0.282 
467 OmyJC18ROGR    (2)    2 :  0.305 0.109 0.125 0.461 
468 OmyJC18ROGR    (2)    2 :  0.312 0.144 0.026 0.517 
469 OmyJC18ROGR    (1)    2 :  0.028 0.023 0.915 0.035 
470 OmyJC18ROGR    (0)    2 :  0.128 0.474 0.298 0.099 
471 OmyJC18ROGR    (2)    2 :  0.149 0.137 0.134 0.579 
472 OmyJC18ROGR    (2)    2 :  0.176 0.048 0.016 0.760 
473 OmyJC18ROGR    (1)    2 :  0.351 0.103 0.108 0.438 
474 OmyJC18ROGR    (3)    2 :  0.187 0.094 0.083 0.636 
475 OmyJC18ROGR    (1)    2 :  0.200 0.472 0.110 0.218 
476 OmyJC18ROGR    (2)    2 :  0.402 0.130 0.055 0.414 
477 OmyJC18ROGR    (0)    2 :  0.143 0.428 0.130 0.298 
478 OmyJC18ROGR    (1)    2 :  0.465 0.115 0.112 0.308 
479 OmyJC18ROGR    (1)    2 :  0.161 0.257 0.072 0.511 
480 OmyJC18ROGR    (1)    2 :  0.381 0.098 0.127 0.395 
481 OmyJC18ROGR    (1)    2 :  0.465 0.103 0.056 0.376 
482 OmyJC18ROGR    (1)    2 :  0.150 0.530 0.057 0.263 
483 OmyJC18ROGR    (0)    2 :  0.425 0.250 0.050 0.274 
484 OmyJC18ROGR    (0)    2 :  0.694 0.073 0.110 0.124 
485 OmyJC18ROGR    (0)    2 :  0.163 0.611 0.038 0.188 
486 OmyJC18ROGR    (0)    2 :  0.326 0.209 0.069 0.396 
487 OmyJC18ROGR    (1)    2 :  0.080 0.770 0.041 0.109 
488 OmyJC18ROGR    (1)    2 :  0.190 0.423 0.098 0.288 
489 OmyJC18ROGR    (1)    2 :  0.657 0.068 0.071 0.204 
490 OmyJC18ROGR    (0)    2 :  0.525 0.055 0.032 0.388 
491 OmyJC18ROGR    (0)    2 :  0.175 0.655 0.065 0.105 
492 OmyJC18ROGR    (5)    2 :  0.048 0.114 0.788 0.050 
493 OmyJC18ROGR    (1)    2 :  0.146 0.300 0.309 0.244 
494 OmyJC18ROGR    (3)    2 :  0.246 0.205 0.054 0.495 
495 OmyJC18ROGR    (1)    2 :  0.188 0.273 0.152 0.387 
496 OmyJC18ROGR    (1)    2 :  0.163 0.051 0.163 0.624 
497 OmyJC18ROGR    (1)    2 :  0.185 0.330 0.030 0.454 
498 OmyJC18ROGR    (1)    2 :  0.335 0.362 0.096 0.207 
499 OmyJC18ROGR    (1)    2 :  0.359 0.308 0.059 0.274 
500 OmyJC18ROGR    (1)    2 :  0.327 0.047 0.120 0.506 
501 OmyJC18ROGR    (2)    2 :  0.111 0.535 0.034 0.320 
502 OmyJC18ROGR    (1)    2 :  0.115 0.499 0.256 0.130 
503 OmyJC18ROGR    (2)    2 :  0.334 0.268 0.149 0.250 
504 OmyJC18ROGR    (2)    2 :  0.136 0.587 0.093 0.184 
505 OmyJC18ROGR    (2)    2 :  0.312 0.134 0.126 0.428 
506 OmyJC18ROGR    (3)    2 :  0.161 0.148 0.079 0.612 
507 OmyJC18ROGR    (1)    2 :  0.209 0.062 0.134 0.595 
508 OmyJC18ROGR    (7)    2 :  0.144 0.120 0.047 0.689 
509 OmyJC18ROGR    (1)    2 :  0.183 0.354 0.210 0.254 
510 OmyJC18ROGR    (1)    2 :  0.025 0.021 0.932 0.022 
511 OmyJC18ROGR    (2)    2 :  0.136 0.576 0.167 0.121 
512 OmyJC18ROGR    (1)    2 :  0.176 0.593 0.036 0.195 
513 OmyJC18ROGR    (3)    2 :  0.379 0.088 0.047 0.487 
514 OmyJC18ROGR    (1)    2 :  0.055 0.852 0.040 0.052 
515 OmyJC18ROGR    (5)    2 :  0.293 0.105 0.044 0.558 
516 OmyJC18ROGR    (3)    2 :  0.074 0.482 0.343 0.100 
517 OmyJC18ROGR    (1)    2 :  0.380 0.423 0.028 0.169 
518 OmyJC18ROGR    (1)    2 :  0.167 0.178 0.541 0.114 
519 OmyJC18ROGR    (0)    2 :  0.098 0.325 0.136 0.441 
520 OmyJC18ROGR    (0)    2 :  0.653 0.174 0.050 0.124 
521 OmyJC18ROGR    (2)    2 :  0.182 0.151 0.132 0.536 
522 OmyJC18ROGR    (2)    2 :  0.140 0.105 0.416 0.339 
523 OmyJC18ROGR    (1)    2 :  0.121 0.384 0.345 0.150 
524 OmyJC18ROGR    (3)    2 :  0.223 0.145 0.164 0.467 
525 OmyJC18ROGR    (1)    2 :  0.386 0.314 0.072 0.229 
526 OmyJC18ROGR    (7)    2 :  0.440 0.085 0.025 0.450 
527 OmyJC18ROGR    (4)    2 :  0.421 0.093 0.113 0.373 
528 OmyJC18ROGR    (1)    2 :  0.523 0.234 0.032 0.211 
529 OmyJC18ROGR    (2)    2 :  0.426 0.080 0.040 0.454 
530 OmyJC18ROGR    (1)    2 :  0.123 0.499 0.106 0.273 
531 OmyJC18ROGR    (2)    2 :  0.674 0.116 0.044 0.166 
532 OmyJC18ROGR    (2)    2 :  0.251 0.162 0.031 0.556 
533 OmyJC18ROGR    (5)    2 :  0.035 0.043 0.894 0.027 
534 OmyJC18ROGR    (2)    2 :  0.250 0.215 0.141 0.394 
535 OmyJC18ROGR    (3)    2 :  0.284 0.410 0.077 0.228 
536 OmyJC18ROGR    (0)    2 :  0.299 0.088 0.170 0.444 
537 OmyJC18ROGR    (3)    2 :  0.339 0.128 0.298 0.235 
538 OmyJC18ROGR    (1)    2 :  0.234 0.253 0.048 0.465 
539 OmyJC18ROGR    (1)    2 :  0.211 0.404 0.076 0.309 
540 OmyJC18ROGR    (1)    2 :  0.415 0.150 0.068 0.367 
541 OmyJC18ROGR    (5)    2 :  0.359 0.373 0.021 0.248 
542 OmyJC18ROGR    (4)    2 :  0.437 0.138 0.137 0.288 
543 OmyJC18ROGR    (2)    2 :  0.234 0.510 0.024 0.231 
544 OmyJC18ROGR    (2)    2 :  0.090 0.406 0.073 0.431 
545 OmyJC18ROGR    (2)    2 :  0.242 0.222 0.356 0.181 
546 OmyJC18ROGR    (1)    2 :  0.276 0.373 0.060 0.291 
547 OmyJC18ROGR    (1)    2 :  0.240 0.343 0.092 0.326 
548 OmyJC18ROGR    (1)    2 :  0.091 0.049 0.763 0.097 
549 OmyJC18ROGR    (1)    2 :  0.352 0.217 0.317 0.114 
550 OmyJC18ROGR    (2)    2 :  0.345 0.112 0.321 0.221 
551 OmyJC18ROGR    (4)    2 :  0.485 0.075 0.179 0.261 
552 OmyJC18ROGR    (6)    2 :  0.612 0.031 0.046 0.311 
553 OmyJC18ROGR    (3)    2 :  0.048 0.842 0.044 0.066 
554 OmyJC18ROGR    (1)    2 :  0.182 0.559 0.027 0.232 
555 OmyJC18ROGR    (4)    2 :  0.268 0.433 0.045 0.254 
556 OmyJC18ROGR    (2)    2 :  0.316 0.239 0.101 0.343 
557 OmyJC18ROGR    (0)    2 :  0.294 0.183 0.049 0.475 
558 OmyJC18ROGR    (2)    2 :  0.235 0.412 0.098 0.254 
559 OmyJC18ROGR    (3)    2 :  0.399 0.104 0.335 0.162 
560 OmyJC18ROGR    (6)    2 :  0.313 0.529 0.050 0.108 
561 OmyJC18ROGR    (1)    2 :  0.425 0.042 0.220 0.313 
562 OmyJC18ROGR    (2)    2 :  0.090 0.657 0.075 0.177 
563 OmyJC18ROGR    (2)    2 :  0.247 0.301 0.350 0.102 
564 OmyJC18ROGR    (1)    2 :  0.185 0.155 0.391 0.269 
565 OmyJC18ROGR    (1)    2 :  0.285 0.044 0.077 0.594 
566 OmyJC18ROGR    (1)    2 :  0.207 0.132 0.034 0.627 
567 OmyJC18ROGR    (1)    2 :  0.679 0.055 0.048 0.218 
568 OmyJC18ROGR    (1)    2 :  0.676 0.085 0.032 0.207 
569 OmyJC18ROGR    (3)    2 :  0.441 0.137 0.058 0.364 
570 OmyJC18ROGR    (1)    2 :  0.182 0.290 0.306 0.223 
571 OmyJC18ROGR    (2)    2 :  0.136 0.142 0.581 0.141 
572 OmyJC18ROGR    (5)    2 :  0.094 0.594 0.176 0.136 
573 OmyJC18ROGR    (5)    2 :  0.546 0.173 0.187 0.094 
574 OmyJC18ROGR    (1)    2 :  0.603 0.063 0.196 0.139 
575 OmyJC18ROGR    (2)    2 :  0.319 0.304 0.039 0.338 
576 OmyJC18ROGR    (0)    2 :  0.202 0.673 0.028 0.097 
577 OmyJC18ROGR    (1)    2 :  0.382 0.091 0.332 0.196 
578 OmyJC18ROGR    (1)    2 :  0.861 0.029 0.028 0.082 
579 OmyJC18ROGR    (2)    2 :  0.231 0.467 0.092 0.210 
580 OmyJC18ROGR    (1)    2 :  0.268 0.428 0.027 0.277 
581 OmyJC18ROGR    (1)    2 :  0.105 0.604 0.164 0.126 
582 OmyJC18ROGR    (0)    2 :  0.207 0.053 0.109 0.632 
583 OmyJC18ROGR    (1)    2 :  0.394 0.322 0.082 0.201 
584 OmyJC18ROGR    (2)    2 :  0.359 0.225 0.341 0.075 
585 OmyJC18ROGR    (1)    2 :  0.548 0.033 0.241 0.179 
586 OmyJC18ROGR    (0)    2 :  0.197 0.087 0.618 0.098 
587 OmyJC18ROGR    (1)    2 :  0.147 0.194 0.040 0.619 
588 OmyJC18ROGR    (0)    2 :  0.253 0.127 0.508 0.112 
589 OmyJC18ROGR    (2)    2 :  0.050 0.842 0.041 0.068 
590 OmyJC18ROGR    (2)    2 :  0.121 0.278 0.207 0.394 
591 OmyJC18ROGR    (1)    2 :  0.256 0.171 0.437 0.136 
592 OmyJC18ROGR    (1)    2 :  0.266 0.257 0.057 0.420 
593 OmyJC18ROGR    (1)    2 :  0.258 0.061 0.304 0.377 
594 OmyJC18ROGR    (3)    2 :  0.295 0.163 0.050 0.492 
595 OmyJC18ROGR    (1)    2 :  0.674 0.113 0.123 0.090 
596 OmyJC18ROGR    (1)    2 :  0.216 0.102 0.100 0.582 
597 OmyJC18ROGR    (1)    2 :  0.425 0.057 0.103 0.415 
598 OmyJC18ROGR    (1)    2 :  0.162 0.087 0.631 0.120 
599 OmyJC18ROGR    (1)    2 :  0.280 0.442 0.098 0.181 
600 OmyJC18ROGR    (2)    2 :  0.220 0.530 0.059 0.191 
601 OmyJC18ROGR    (7)    2 :  0.134 0.768 0.021 0.078 
602 OmyJC18ROGR    (3)    2 :  0.131 0.050 0.090 0.729 
603 OmyJC18ROGR    (1)    2 :  0.259 0.399 0.061 0.281 
604 OmyJC18ROGR    (1)    2 :  0.478 0.216 0.066 0.239 
605 OmyJC18ROGR    (1)    2 :  0.170 0.585 0.043 0.202 
606 OmyJC18ROGR    (1)    2 :  0.306 0.061 0.466 0.167 
607 OmyJC18ROGR    (1)    2 :  0.175 0.199 0.075 0.551 
608 OmyJC18ROGR    (1)    2 :  0.223 0.390 0.069 0.318 
609 OmyJC18ROGR    (1)    2 :  0.067 0.815 0.059 0.060 
610 OmyJC18ROGR    (1)    2 :  0.128 0.353 0.214 0.305 
611 OmyJC18ROGR    (1)    2 :  0.216 0.295 0.069 0.420 
612 OmyJC18ROGR    (1)    2 :  0.399 0.109 0.165 0.327 
613 OmyJC18ROGR    (2)    2 :  0.104 0.142 0.613 0.142 
614 OmyJC18ROGR    (1)    2 :  0.058 0.574 0.288 0.080 
615 OmyJC18ROGR    (1)    2 :  0.403 0.090 0.045 0.462 
616 OmyJC18ROGR    (1)    2 :  0.184 0.067 0.045 0.704 
617 OmyJC18ROGR    (1)    2 :  0.188 0.328 0.038 0.446 
618 OmyJC18ROGR    (0)    2 :  0.446 0.047 0.157 0.350 
619 OmyJC18ROGR    (1)    2 :  0.649 0.058 0.111 0.182 
620 OmyJC18ROGR    (1)    2 :  0.261 0.155 0.305 0.279 
621 OmyJC18ROGR    (1)    2 :  0.183 0.360 0.222 0.235 
622 OmyJC18ROGR    (1)    2 :  0.182 0.297 0.016 0.505 
623 OmyJC18ROGR    (1)    2 :  0.474 0.070 0.316 0.141 
624 OmyJC18ROGR    (0)    2 :  0.519 0.212 0.104 0.165 
625 OmyJC18ROGR    (0)    2 :  0.781 0.035 0.050 0.134 
626 OmyJC18ROGR    (1)    2 :  0.142 0.125 0.029 0.705 
627 OmyJC18ROGR    (1)    2 :  0.307 0.088 0.041 0.564 
628 OmyJC18ROGR    (1)    2 :  0.209 0.060 0.560 0.171 
629 OmyJC18ROGR    (1)    2 :  0.035 0.019 0.904 0.043 
630 OmyJC18ROGR    (2)    2 :  0.731 0.052 0.098 0.119 
631 OmyJC18ROGR    (5)    2 :  0.150 0.454 0.307 0.089 
632 OmyJC18ROGR    (2)    2 :  0.289 0.150 0.085 0.476 
633 OmyJC18ROGR    (1)    2 :  0.346 0.037 0.328 0.289 
634 OmyJC18ROGR    (4)    2 :  0.405 0.338 0.029 0.228 
635 OmyJC18ROGR    (1)    2 :  0.813 0.022 0.021 0.144 
636 OmyJC18ROGR    (0)    2 :  0.549 0.114 0.071 0.267 
637 OmyJC18ROGR    (1)    2 :  0.056 0.836 0.051 0.058 
638 OmyJC18ROGR    (0)    2 :  0.581 0.045 0.141 0.233 
639 OmyJC18ROGR    (0)    2 :  0.253 0.523 0.077 0.148 
640 OmyJC18ROGR    (1)    2 :  0.160 0.125 0.150 0.565 
641 OmyJC18ROGR    (1)    2 :  0.342 0.221 0.136 0.301 
642 OmyJC18ROGR    (1)    2 :  0.181 0.181 0.394 0.243 
643 OmyJC18ROGR    (1)    2 :  0.752 0.043 0.018 0.187 
644 OmyJC18ROGR    (1)    2 :  0.611 0.057 0.036 0.296 
645 OmyJC18ROGR    (0)    2 :  0.470 0.099 0.263 0.168 
646 OmyAC19ROGR    (1)    3 :  0.230 0.160 0.084 0.526 
647 OmyJC18ROGR    (1)    2 :  0.603 0.108 0.105 0.184 
648 OmyAC19ROGR    (0)    3 :  0.262 0.139 0.027 0.573 
649 OmyAC19APPR    (1)    3 :  0.806 0.034 0.024 0.136 
650 OmyAC19APPR    (1)    3 :  0.730 0.049 0.092 0.129 
651 OmyJC18ROGR    (1)    2 :  0.582 0.216 0.051 0.151 
652 OmyAC19APPR    (0)    3 :  0.571 0.120 0.056 0.252 
653 OmyAC19CORH    (2)    4 :  0.320 0.489 0.056 0.135 
654 OmyJC18ROGR    (0)    2 :  0.707 0.073 0.033 0.187 
655 OmyAC19CORH    (1)    4 :  0.123 0.515 0.174 0.188 
656 OmyAC19CORH    (1)    4 :  0.071 0.791 0.053 0.085 
657 OmyAC19CORH    (1)    4 :  0.038 0.908 0.020 0.033 
658 OmyAC19CORH    (0)    4 :  0.032 0.877 0.052 0.038 
659 OmyAC19CORH    (0)    4 :  0.035 0.876 0.030 0.059 
660 OmyAC19ROGR    (3)    3 :  0.257 0.035 0.139 0.570 
661 OmyJC18ROGR    (1)    2 :  0.330 0.199 0.098 0.373 
662 OmyAC19ROGR    (1)    3 :  0.424 0.090 0.072 0.414 
663 OmyAC19ROGR    (1)    3 :  0.637 0.053 0.047 0.262 
664 OmyAC19APPR    (1)    3 :  0.127 0.108 0.074 0.691 
665 OmyAC19APPR    (1)    3 :  0.563 0.036 0.148 0.253 
666 OmyJC18ROGR    (0)    2 :  0.105 0.145 0.659 0.092 
667 OmyAC19APPR    (1)    3 :  0.732 0.043 0.055 0.170 
668 OmyAC19CORH    (1)    4 :  0.131 0.269 0.342 0.258 
669 OmyAC19CORH    (0)    4 :  0.048 0.867 0.037 0.048 
670 OmyAC19CORH    (1)    4 :  0.066 0.792 0.029 0.113 
671 OmyAC19CORH    (1)    4 :  0.252 0.600 0.073 0.075 
672 OmyAC19CORH    (1)    4 :  0.099 0.753 0.049 0.099 
673 OmyAC19CORH    (0)    4 :  0.162 0.534 0.054 0.250 
674 OmyAC19ROGR    (2)    3 :  0.485 0.151 0.040 0.323 
675 OmyAC19ROGR    (5)    3 :  0.362 0.135 0.076 0.428 
