

----------------------------------------------------
STRUCTURE by Pritchard, Stephens and Donnelly (2000)
     and Falush, Stephens and Pritchard (2003)
       Code by Pritchard, Falush and Hubisz
             Version 2.3.4 (Jul 2012)
----------------------------------------------------



Command line arguments:   bin/structure -m "/Users/ddayan/FRA/premature_migration/Rogue_Half-Pounder/rogue_half_pounder_repo/structure/halfpounder/10k_20k_adm_corr/mainparams" -e "/Users/ddayan/FRA/premature_migration/Rogue_Half-Pounder/rogue_half_pounder_repo/structure/halfpounder/10k_20k_adm_corr/extraparams" 
Input File:    /Users/ddayan/FRA/premature_migration/Rogue_Half-Pounder/rogue_half_pounder_repo/structure/halfpounder/project_data

Run parameters:
   882 individuals
   330 loci
   3 populations assumed
   10000 Burn-in period
   20000 Reps


--------------------------------------------
Proportion of membership of each pre-defined
 population in each of the 3 clusters

Given    Inferred Clusters       Number of
 Pop       1      2      3      Individuals

  1:     0.331  0.305  0.363      157
  2:     0.330  0.301  0.369      643
  3:     0.237  0.168  0.595       40
  4:     0.741  0.123  0.136       42
--------------------------------------------

Allele-freq. divergence among pops (Net nucleotide distance),
computed using point estimates of P.

      1       2       3      
 1      -    0.0112  0.0038  
 2   0.0112     -    0.0091  
 3   0.0038  0.0091     -    

Average distances (expected heterozygosity) between individuals in same cluster:
cluster  1  : 0.2823 
cluster  2  : 0.2563 
cluster  3  : 0.2895 

--------------------------------------------
Estimated Ln Prob of Data   = -247611.0
Mean value of ln likelihood = -246790.4
Variance of ln likelihood   = 1641.1
Mean value of alpha         = 0.6466

Mean value of Fst_1         = 0.0292
Mean value of Fst_2         = 0.0787
Mean value of Fst_3         = 0.0085


Inferred ancestry of individuals:
        Label (%Miss) Pop:  Inferred clusters
  1 OmyAC19ROGR    (0)    1 :  0.549 0.058 0.393 
  2 OmyAC19ROGR    (1)    1 :  0.507 0.251 0.242 
  3 OmyAC19ROGR    (1)    1 :  0.538 0.194 0.269 
  4 OmyAC19ROGR    (1)    1 :  0.402 0.095 0.503 
  5 OmyAC19ROGR    (2)    1 :  0.035 0.919 0.046 
  6 OmyAC19ROGR    (1)    1 :  0.169 0.448 0.383 
  7 OmyAC19ROGR    (1)    1 :  0.301 0.387 0.312 
  8 OmyAC19ROGR    (0)    1 :  0.483 0.062 0.456 
  9 OmyAC19ROGR    (1)    1 :  0.395 0.382 0.223 
 10 OmyAC19ROGR    (1)    1 :  0.244 0.568 0.188 
 11 OmyAC19ROGR    (0)    1 :  0.323 0.262 0.415 
 12 OmyAC19ROGR    (0)    1 :  0.198 0.308 0.494 
 13 OmyAC19ROGR    (1)    1 :  0.470 0.125 0.404 
 14 OmyAC19ROGR    (1)    1 :  0.081 0.557 0.362 
 15 OmyAC19ROGR    (2)    1 :  0.102 0.556 0.342 
 16 OmyAC19ROGR    (1)    1 :  0.351 0.301 0.347 
 17 OmyAC19ROGR    (1)    1 :  0.079 0.253 0.668 
 18 OmyAC19ROGR    (2)    1 :  0.646 0.093 0.261 
 19 OmyAC19ROGR    (1)    1 :  0.406 0.195 0.398 
 20 OmyAC19ROGR    (1)    1 :  0.101 0.357 0.542 
 21 OmyAC19ROGR    (1)    1 :  0.293 0.393 0.314 
 22 OmyAC19ROGR    (1)    1 :  0.619 0.194 0.187 
 23 OmyAC19ROGR    (1)    1 :  0.335 0.399 0.266 
 24 OmyAC19ROGR    (1)    1 :  0.835 0.057 0.107 
 25 OmyAC19ROGR    (1)    1 :  0.224 0.369 0.407 
 26 OmyAC19ROGR    (1)    1 :  0.494 0.281 0.225 
 27 OmyAC19ROGR    (1)    1 :  0.173 0.168 0.660 
 28 OmyAC19ROGR    (1)    1 :  0.845 0.085 0.070 
 29 OmyAC19ROGR    (1)    1 :  0.421 0.197 0.382 
 30 OmyAC19ROGR    (1)    1 :  0.137 0.691 0.172 
 31 OmyAC19ROGR    (1)    1 :  0.397 0.142 0.461 
 32 OmyAC19ROGR    (1)    1 :  0.415 0.277 0.307 
 33 OmyAC19ROGR    (1)    1 :  0.501 0.272 0.227 
 34 OmyAC19ROGR    (1)    1 :  0.128 0.634 0.239 
 35 OmyAC19ROGR    (0)    1 :  0.523 0.230 0.247 
 36 OmyAC19ROGR    (1)    1 :  0.263 0.385 0.352 
 37 OmyAC19ROGR    (1)    1 :  0.508 0.263 0.229 
 38 OmyAC19ROGR    (1)    1 :  0.347 0.558 0.096 
 39 OmyAC19ROGR    (1)    1 :  0.218 0.375 0.407 
 40 OmyAC19ROGR    (0)    1 :  0.097 0.410 0.493 
 41 OmyAC19ROGR    (1)    1 :  0.225 0.128 0.646 
 42 OmyAC19ROGR    (1)    1 :  0.064 0.816 0.119 
 43 OmyAC19ROGR    (1)    1 :  0.451 0.153 0.396 
 44 OmyAC19ROGR    (7)    1 :  0.373 0.179 0.448 
 45 OmyAC19ROGR    (2)    1 :  0.376 0.453 0.170 
 46 OmyAC19ROGR    (1)    1 :  0.510 0.193 0.297 
 47 OmyAC19ROGR    (0)    1 :  0.673 0.197 0.130 
 48 OmyAC19ROGR    (1)    1 :  0.369 0.153 0.478 
 49 OmyAC19ROGR    (0)    1 :  0.516 0.121 0.362 
 50 OmyAC19ROGR    (1)    1 :  0.111 0.093 0.796 
 51 OmyAC19ROGR    (2)    1 :  0.127 0.742 0.131 
 52 OmyAC19ROGR    (1)    1 :  0.097 0.829 0.074 
 53 OmyAC19ROGR    (2)    1 :  0.724 0.107 0.169 
 54 OmyAC19ROGR    (1)    1 :  0.587 0.198 0.215 
 55 OmyAC19ROGR    (3)    1 :  0.180 0.262 0.558 
 56 OmyAC19ROGR    (1)    1 :  0.552 0.242 0.206 
 57 OmyAC19ROGR    (0)    1 :  0.719 0.078 0.203 
 58 OmyAC19ROGR    (1)    1 :  0.118 0.737 0.144 
 59 OmyAC19ROGR    (0)    1 :  0.632 0.097 0.271 
 60 OmyAC19ROGR    (2)    1 :  0.254 0.311 0.435 
 61 OmyAC19ROGR    (1)    1 :  0.566 0.180 0.255 
 62 OmyAC19ROGR    (1)    1 :  0.341 0.157 0.503 
 63 OmyAC19ROGR    (0)    1 :  0.479 0.331 0.190 
 64 OmyAC19ROGR    (3)    1 :  0.224 0.182 0.594 
 65 OmyAC19ROGR    (1)    1 :  0.335 0.190 0.474 
 66 OmyAC19ROGR    (4)    1 :  0.131 0.474 0.395 
 67 OmyAC19ROGR    (0)    1 :  0.544 0.130 0.325 
 68 OmyAC19ROGR    (2)    1 :  0.614 0.173 0.213 
 69 OmyAC19ROGR    (2)    1 :  0.514 0.392 0.094 
 70 OmyAC19ROGR    (1)    1 :  0.539 0.130 0.331 
 71 OmyAC19ROGR    (0)    1 :  0.392 0.130 0.478 
 72 OmyAC19ROGR    (5)    1 :  0.389 0.097 0.514 
 73 OmyAC19ROGR    (1)    1 :  0.454 0.408 0.138 
 74 OmyAC19ROGR    (1)    1 :  0.103 0.096 0.801 
 75 OmyAC19ROGR    (1)    1 :  0.492 0.254 0.254 
 76 OmyAC19ROGR    (1)    1 :  0.707 0.140 0.153 
 77 OmyAC19ROGR    (1)    1 :  0.047 0.894 0.060 
 78 OmyAC19ROGR    (1)    1 :  0.364 0.146 0.491 
 79 OmyAC19ROGR    (2)    1 :  0.503 0.198 0.299 
 80 OmyAC19ROGR    (2)    1 :  0.139 0.730 0.131 
 81 OmyAC19ROGR    (2)    1 :  0.207 0.562 0.231 
 82 OmyAC19ROGR    (1)    1 :  0.720 0.070 0.210 
 83 OmyAC19ROGR    (0)    1 :  0.554 0.156 0.289 
 84 OmyAC19ROGR    (1)    1 :  0.212 0.422 0.365 
 85 OmyAC19ROGR    (6)    1 :  0.444 0.120 0.436 
 86 OmyAC19ROGR    (1)    1 :  0.074 0.219 0.707 
 87 OmyAC19ROGR    (2)    1 :  0.551 0.130 0.319 
 88 OmyJC19ROGR    (0)    2 :  0.059 0.859 0.082 
 89 OmyJC19ROGR    (1)    2 :  0.215 0.206 0.579 
 90 OmyJC19ROGR    (1)    2 :  0.065 0.870 0.065 
 91 OmyJC19ROGR    (2)    2 :  0.513 0.055 0.432 
 92 OmyJC19ROGR    (1)    2 :  0.671 0.144 0.186 
 93 OmyJC19ROGR    (1)    2 :  0.816 0.057 0.127 
 94 OmyJC19ROGR    (1)    2 :  0.136 0.394 0.470 
 95 OmyJC19ROGR    (0)    2 :  0.145 0.420 0.435 
 96 OmyJC19ROGR    (2)    2 :  0.293 0.238 0.469 
 97 OmyJC19ROGR    (1)    2 :  0.662 0.262 0.076 
 98 OmyJC19ROGR    (0)    2 :  0.329 0.146 0.525 
 99 OmyJC19ROGR    (0)    2 :  0.582 0.234 0.185 
100 OmyJC19ROGR    (1)    2 :  0.419 0.153 0.428 
101 OmyJC19ROGR    (1)    2 :  0.285 0.568 0.147 
102 OmyJC19ROGR    (1)    2 :  0.147 0.203 0.650 
103 OmyJC19ROGR    (2)    2 :  0.389 0.393 0.218 
104 OmyJC19ROGR    (1)    2 :  0.713 0.105 0.183 
105 OmyJC19ROGR    (1)    2 :  0.532 0.336 0.132 
106 OmyJC19ROGR    (1)    2 :  0.072 0.879 0.050 
107 OmyJC19ROGR    (2)    2 :  0.255 0.255 0.491 
108 OmyJC19ROGR    (0)    2 :  0.539 0.168 0.293 
109 OmyJC19ROGR    (1)    2 :  0.117 0.428 0.455 
110 OmyJC19ROGR    (1)    2 :  0.521 0.341 0.138 
111 OmyJC19ROGR    (1)    2 :  0.658 0.180 0.163 
112 OmyJC19ROGR    (2)    2 :  0.160 0.245 0.595 
113 OmyJC19ROGR    (1)    2 :  0.124 0.629 0.247 
114 OmyJC19ROGR    (3)    2 :  0.413 0.181 0.406 
115 OmyJC19ROGR    (2)    2 :  0.661 0.149 0.189 
116 OmyJC19ROGR    (0)    2 :  0.275 0.281 0.444 
117 OmyJC19ROGR    (1)    2 :  0.195 0.414 0.390 
118 OmyJC19ROGR    (1)    2 :  0.437 0.110 0.453 
119 OmyJC19ROGR    (3)    2 :  0.235 0.197 0.568 
120 OmyJC19ROGR    (1)    2 :  0.790 0.049 0.161 
121 OmyJC19ROGR    (0)    2 :  0.173 0.182 0.645 
122 OmyJC19ROGR    (1)    2 :  0.476 0.188 0.335 
123 OmyJC19ROGR    (1)    2 :  0.492 0.076 0.432 
124 OmyJC19ROGR    (0)    2 :  0.211 0.293 0.496 
125 OmyJC19ROGR    (1)    2 :  0.614 0.232 0.154 
126 OmyJC19ROGR    (1)    2 :  0.126 0.694 0.180 
127 OmyJC19ROGR    (1)    2 :  0.204 0.186 0.610 
128 OmyJC19ROGR    (1)    2 :  0.779 0.110 0.110 
129 OmyJC19ROGR    (1)    2 :  0.325 0.407 0.268 
130 OmyJC19ROGR    (1)    2 :  0.120 0.168 0.712 
131 OmyJC19ROGR    (1)    2 :  0.501 0.234 0.265 
132 OmyJC19ROGR    (1)    2 :  0.672 0.151 0.177 
133 OmyJC19ROGR    (1)    2 :  0.352 0.125 0.522 
134 OmyJC19ROGR    (1)    2 :  0.274 0.237 0.489 
135 OmyJC19ROGR    (1)    2 :  0.857 0.064 0.079 
136 OmyJC19ROGR    (3)    2 :  0.344 0.129 0.527 
137 OmyJC19ROGR    (1)    2 :  0.136 0.369 0.495 
138 OmyJC19ROGR    (1)    2 :  0.073 0.742 0.185 
139 OmyJC19ROGR    (2)    2 :  0.303 0.094 0.603 
140 OmyJC19ROGR    (3)    2 :  0.205 0.267 0.528 
141 OmyJC19ROGR    (0)    2 :  0.297 0.505 0.198 
142 OmyJC19ROGR    (1)    2 :  0.321 0.459 0.220 
143 OmyJC19ROGR    (0)    2 :  0.685 0.175 0.140 
144 OmyJC19ROGR    (1)    2 :  0.339 0.066 0.595 
145 OmyJC19ROGR    (1)    2 :  0.212 0.107 0.681 
146 OmyJC19ROGR    (2)    2 :  0.645 0.158 0.197 
147 OmyJC19ROGR    (1)    2 :  0.300 0.182 0.519 
148 OmyJC19ROGR    (1)    2 :  0.423 0.068 0.509 
149 OmyJC19ROGR    (2)    2 :  0.534 0.217 0.249 
150 OmyJC19ROGR    (2)    2 :  0.640 0.166 0.195 
151 OmyJC19ROGR    (1)    2 :  0.402 0.273 0.325 
152 OmyJC19ROGR    (0)    2 :  0.317 0.197 0.486 
153 OmyJC19ROGR    (1)    2 :  0.809 0.104 0.088 
154 OmyJC19ROGR    (2)    2 :  0.158 0.196 0.647 
155 OmyJC19ROGR    (1)    2 :  0.386 0.221 0.393 
156 OmyJC19ROGR    (1)    2 :  0.317 0.280 0.403 
157 OmyJC19ROGR    (0)    2 :  0.475 0.199 0.326 
158 OmyJC19ROGR    (2)    2 :  0.417 0.085 0.498 
159 OmyJC19ROGR    (1)    2 :  0.138 0.153 0.709 
160 OmyJC19ROGR    (0)    2 :  0.429 0.180 0.391 
161 OmyJC19ROGR    (1)    2 :  0.598 0.116 0.287 
162 OmyJC19ROGR    (1)    2 :  0.415 0.234 0.351 
163 OmyJC19ROGR    (1)    2 :  0.676 0.148 0.176 
164 OmyJC19ROGR    (1)    2 :  0.233 0.093 0.674 
165 OmyJC19ROGR    (0)    2 :  0.443 0.077 0.481 
166 OmyJC19ROGR    (0)    2 :  0.181 0.178 0.641 
167 OmyJC19ROGR    (2)    2 :  0.421 0.244 0.335 
168 OmyJC19ROGR    (0)    2 :  0.257 0.201 0.542 
169 OmyJC19ROGR    (1)    2 :  0.036 0.904 0.061 
170 OmyJC19ROGR    (1)    2 :  0.723 0.154 0.123 
171 OmyJC19ROGR    (1)    2 :  0.229 0.114 0.657 
172 OmyJC19ROGR    (0)    2 :  0.358 0.505 0.137 
173 OmyJC19ROGR    (1)    2 :  0.053 0.884 0.062 
174 OmyJC19ROGR    (0)    2 :  0.316 0.152 0.532 
175 OmyJC19ROGR    (1)    2 :  0.292 0.108 0.600 
176 OmyJC19ROGR    (1)    2 :  0.651 0.152 0.197 
177 OmyJC19ROGR    (1)    2 :  0.819 0.049 0.132 
178 OmyJC19ROGR    (0)    2 :  0.081 0.141 0.777 
179 OmyJC19ROGR    (1)    2 :  0.671 0.081 0.248 
180 OmyJC19ROGR    (1)    2 :  0.121 0.804 0.075 
181 OmyJC19ROGR    (1)    2 :  0.239 0.166 0.595 
182 OmyJC19ROGR    (1)    2 :  0.212 0.351 0.437 
183 OmyJC19ROGR    (1)    2 :  0.336 0.127 0.537 
184 OmyJC19ROGR    (1)    2 :  0.182 0.613 0.205 
185 OmyJC19ROGR    (2)    2 :  0.264 0.055 0.681 
186 OmyJC19ROGR    (1)    2 :  0.631 0.222 0.147 
187 OmyJC19ROGR    (0)    2 :  0.185 0.094 0.720 
188 OmyJC19ROGR    (1)    2 :  0.350 0.171 0.479 
189 OmyJC19ROGR    (0)    2 :  0.508 0.303 0.189 
190 OmyJC19ROGR    (0)    2 :  0.667 0.150 0.183 
191 OmyJC19ROGR    (2)    2 :  0.704 0.111 0.185 
192 OmyJC19ROGR    (1)    2 :  0.085 0.126 0.789 
193 OmyJC19ROGR    (1)    2 :  0.296 0.304 0.400 
194 OmyJC19ROGR    (0)    2 :  0.155 0.064 0.781 
195 OmyJC19ROGR    (1)    2 :  0.067 0.806 0.127 
196 OmyJC19ROGR    (1)    2 :  0.141 0.128 0.731 
197 OmyJC19ROGR    (1)    2 :  0.591 0.181 0.228 
198 OmyJC19ROGR    (1)    2 :  0.102 0.783 0.115 
199 OmyJC19ROGR    (0)    2 :  0.240 0.112 0.648 
200 OmyJC19ROGR    (0)    2 :  0.656 0.161 0.183 
201 OmyJC19ROGR    (1)    2 :  0.284 0.100 0.616 
202 OmyJC19ROGR    (0)    2 :  0.802 0.043 0.155 
203 OmyJC19ROGR    (0)    2 :  0.456 0.127 0.417 
204 OmyJC19ROGR    (1)    2 :  0.345 0.158 0.497 
205 OmyJC19ROGR    (1)    2 :  0.282 0.267 0.452 
206 OmyJC19ROGR    (1)    2 :  0.092 0.822 0.087 
207 OmyJC19ROGR    (1)    2 :  0.191 0.381 0.428 
208 OmyJC19ROGR    (1)    2 :  0.227 0.120 0.653 
209 OmyJC19ROGR    (0)    2 :  0.259 0.607 0.134 
210 OmyJC19ROGR    (1)    2 :  0.043 0.883 0.075 
211 OmyJC19ROGR    (0)    2 :  0.261 0.361 0.378 
212 OmyJC19ROGR    (1)    2 :  0.478 0.370 0.152 
213 OmyJC19ROGR    (1)    2 :  0.451 0.115 0.433 
214 OmyJC19ROGR    (1)    2 :  0.215 0.191 0.594 
215 OmyJC19ROGR    (1)    2 :  0.242 0.108 0.650 
216 OmyJC19ROGR    (1)    2 :  0.067 0.835 0.098 
217 OmyJC19ROGR    (1)    2 :  0.210 0.504 0.286 
218 OmyJC19ROGR    (1)    2 :  0.714 0.101 0.184 
219 OmyJC19ROGR    (1)    2 :  0.102 0.279 0.619 
220 OmyJC19ROGR    (1)    2 :  0.421 0.052 0.527 
221 OmyJC19ROGR    (0)    2 :  0.246 0.478 0.276 
222 OmyJC19ROGR    (1)    2 :  0.452 0.130 0.419 
223 OmyJC19ROGR    (0)    2 :  0.268 0.190 0.542 
224 OmyJC19ROGR    (1)    2 :  0.170 0.081 0.749 
225 OmyJC19ROGR    (1)    2 :  0.046 0.903 0.050 
226 OmyJC19ROGR    (0)    2 :  0.145 0.373 0.482 
227 OmyJC19ROGR    (1)    2 :  0.098 0.845 0.057 
228 OmyJC19ROGR    (1)    2 :  0.106 0.134 0.759 
229 OmyJC19ROGR    (2)    2 :  0.487 0.118 0.395 
230 OmyJC19ROGR    (1)    2 :  0.410 0.386 0.204 
231 OmyJC19ROGR    (1)    2 :  0.138 0.225 0.637 
232 OmyJC19ROGR    (2)    2 :  0.435 0.153 0.412 
233 OmyJC19ROGR    (1)    2 :  0.210 0.267 0.523 
234 OmyJC19ROGR    (1)    2 :  0.064 0.878 0.058 
235 OmyJC19ROGR    (0)    2 :  0.188 0.617 0.195 
236 OmyJC19ROGR    (1)    2 :  0.473 0.103 0.424 
237 OmyJC19ROGR    (1)    2 :  0.346 0.237 0.417 
238 OmyJC19ROGR    (0)    2 :  0.162 0.310 0.528 
239 OmyJC19ROGR    (1)    2 :  0.173 0.252 0.576 
240 OmyJC19ROGR    (1)    2 :  0.305 0.153 0.542 
241 OmyJC19ROGR    (0)    2 :  0.571 0.223 0.206 
242 OmyJC19ROGR    (1)    2 :  0.464 0.083 0.453 
243 OmyJC19ROGR    (1)    2 :  0.575 0.135 0.291 
244 OmyJC19ROGR    (1)    2 :  0.556 0.168 0.276 
245 OmyJC19ROGR    (0)    2 :  0.045 0.916 0.039 
246 OmyJC19ROGR    (1)    2 :  0.543 0.316 0.141 
247 OmyJC19ROGR    (0)    2 :  0.239 0.578 0.183 
248 OmyJC19ROGR    (1)    2 :  0.218 0.605 0.178 
249 OmyJC19ROGR    (1)    2 :  0.208 0.212 0.580 
250 OmyJC19ROGR    (0)    2 :  0.353 0.275 0.372 
251 OmyJC19ROGR    (1)    2 :  0.324 0.214 0.462 
252 OmyJC19ROGR    (0)    2 :  0.795 0.112 0.093 
253 OmyJC19ROGR    (0)    2 :  0.229 0.226 0.544 
254 OmyJC19ROGR    (1)    2 :  0.553 0.185 0.262 
255 OmyJC19ROGR    (1)    2 :  0.716 0.096 0.188 
256 OmyJC19ROGR    (1)    2 :  0.394 0.438 0.168 
257 OmyJC19ROGR    (0)    2 :  0.245 0.248 0.507 
258 OmyAC19ROGR    (1)    1 :  0.341 0.371 0.288 
259 OmyAC19ROGR    (2)    1 :  0.182 0.611 0.208 
260 OmyAC19ROGR    (1)    1 :  0.308 0.099 0.594 
261 OmyAC19ROGR    (0)    1 :  0.133 0.179 0.687 
262 OmyAC19ROGR    (1)    1 :  0.341 0.299 0.360 
263 OmyAC19ROGR    (0)    1 :  0.640 0.120 0.239 
264 OmyAC19ROGR    (1)    1 :  0.252 0.228 0.520 
265 OmyAC19ROGR    (1)    1 :  0.255 0.146 0.598 
266 OmyAC19ROGR    (1)    1 :  0.160 0.066 0.774 
267 OmyAC19ROGR    (1)    1 :  0.266 0.355 0.379 
268 OmyAC19ROGR    (2)    1 :  0.528 0.285 0.188 
269 OmyAC19ROGR    (1)    1 :  0.266 0.367 0.367 
270 OmyAC19ROGR    (1)    1 :  0.656 0.111 0.233 
271 OmyAC19ROGR    (1)    1 :  0.198 0.534 0.268 
272 OmyAC19ROGR    (0)    1 :  0.132 0.394 0.474 
273 OmyAC19ROGR    (0)    1 :  0.466 0.135 0.398 
274 OmyAC19ROGR    (1)    1 :  0.085 0.799 0.115 
275 OmyAC19ROGR    (1)    1 :  0.400 0.304 0.296 
276 OmyAC19ROGR    (1)    1 :  0.192 0.214 0.595 
277 OmyAC19ROGR    (1)    1 :  0.161 0.247 0.592 
278 OmyAC19ROGR    (1)    1 :  0.135 0.481 0.384 
279 OmyAC19ROGR    (0)    1 :  0.138 0.372 0.490 
280 OmyAC19ROGR    (1)    1 :  0.490 0.278 0.231 
281 OmyAC19ROGR    (1)    1 :  0.204 0.173 0.623 
282 OmyAC19ROGR    (1)    1 :  0.356 0.352 0.292 
283 OmyAC19ROGR    (1)    1 :  0.210 0.176 0.614 
284 OmyAC19ROGR    (0)    1 :  0.362 0.102 0.535 
285 OmyAC19ROGR    (1)    1 :  0.474 0.147 0.379 
286 OmyAC19ROGR    (1)    1 :  0.314 0.086 0.599 
287 OmyAC19ROGR    (1)    1 :  0.030 0.934 0.037 
288 OmyAC19ROGR    (1)    1 :  0.097 0.770 0.133 
289 OmyAC19ROGR    (1)    1 :  0.165 0.290 0.545 
290 OmyAC19ROGR    (1)    1 :  0.052 0.903 0.045 
291 OmyAC19ROGR    (1)    1 :  0.339 0.516 0.145 
292 OmyAC19ROGR    (1)    1 :  0.205 0.389 0.406 
293 OmyAC19ROGR    (1)    1 :  0.721 0.120 0.159 
294 OmyAC19ROGR    (1)    1 :  0.125 0.380 0.496 
295 OmyAC19ROGR    (0)    1 :  0.400 0.098 0.502 
296 OmyAC19ROGR    (0)    1 :  0.213 0.124 0.663 
297 OmyAC19ROGR    (1)    1 :  0.074 0.814 0.112 
298 OmyAC19ROGR    (0)    1 :  0.127 0.093 0.780 
299 OmyAC19ROGR    (1)    1 :  0.410 0.391 0.200 
300 OmyAC19ROGR    (1)    1 :  0.257 0.154 0.589 
301 OmyAC19ROGR    (0)    1 :  0.060 0.867 0.073 
302 OmyAC19ROGR    (1)    1 :  0.129 0.546 0.325 
303 OmyAC19ROGR    (1)    1 :  0.175 0.320 0.505 
304 OmyAC19ROGR    (1)    1 :  0.237 0.340 0.423 
305 OmyAC19ROGR    (1)    1 :  0.341 0.119 0.539 
306 OmyAC19ROGR    (1)    1 :  0.049 0.697 0.254 
307 OmyAC19ROGR    (2)    1 :  0.477 0.080 0.443 
308 OmyAC19ROGR    (0)    1 :  0.177 0.283 0.540 
309 OmyAC19ROGR    (2)    1 :  0.061 0.882 0.057 
310 OmyAC19ROGR    (0)    1 :  0.163 0.547 0.290 
311 OmyAC19ROGR    (0)    1 :  0.119 0.612 0.269 
312 OmyAC19ROGR    (0)    1 :  0.644 0.124 0.232 
313 OmyAC19ROGR    (1)    1 :  0.361 0.074 0.566 
314 OmyAC19ROGR    (0)    1 :  0.684 0.149 0.166 
315 OmyAC19ROGR    (1)    1 :  0.338 0.222 0.440 
316 OmyAC19ROGR    (1)    1 :  0.262 0.122 0.616 
317 OmyAC19ROGR    (1)    1 :  0.561 0.155 0.284 
318 OmyAC19ROGR    (1)    1 :  0.659 0.094 0.247 
319 OmyAC19ROGR    (1)    1 :  0.448 0.067 0.485 
320 OmyAC19ROGR    (0)    1 :  0.267 0.052 0.680 
321 OmyAC19ROGR    (1)    1 :  0.202 0.098 0.700 
322 OmyAC19ROGR    (0)    1 :  0.178 0.486 0.335 
323 OmyAC19ROGR    (1)    1 :  0.088 0.100 0.813 
324 OmyAC19ROGR    (1)    1 :  0.381 0.109 0.510 
325 OmyAC19ROGR    (1)    1 :  0.173 0.548 0.279 
326 OmyAC19ROGR    (1)    1 :  0.163 0.174 0.663 
327 OmyAC19ROGR    (1)    1 :  0.286 0.131 0.583 
328 OmyJC18ROGR    (1)    2 :  0.599 0.132 0.269 
329 OmyJC18ROGR    (0)    2 :  0.220 0.223 0.557 
330 OmyJC18ROGR    (0)    2 :  0.090 0.192 0.718 
331 OmyJC18ROGR    (1)    2 :  0.156 0.676 0.169 
332 OmyJC18ROGR    (1)    2 :  0.142 0.740 0.119 
333 OmyJC18ROGR    (1)    2 :  0.078 0.820 0.102 
334 OmyJC18ROGR    (1)    2 :  0.337 0.347 0.316 
335 OmyJC18ROGR    (0)    2 :  0.649 0.086 0.265 
336 OmyJC18ROGR    (1)    2 :  0.063 0.858 0.079 
337 OmyJC18ROGR    (1)    2 :  0.177 0.141 0.682 
338 OmyJC18ROGR    (1)    2 :  0.050 0.836 0.114 
339 OmyJC18ROGR    (1)    2 :  0.199 0.187 0.614 
340 OmyJC18ROGR    (0)    2 :  0.501 0.280 0.219 
341 OmyJC18ROGR    (1)    2 :  0.519 0.067 0.413 
342 OmyJC18ROGR    (2)    2 :  0.193 0.508 0.300 
343 OmyJC18ROGR    (2)    2 :  0.406 0.436 0.158 
344 OmyJC18ROGR    (3)    2 :  0.248 0.571 0.181 
345 OmyJC18ROGR    (2)    2 :  0.169 0.715 0.116 
346 OmyJC18ROGR    (4)    2 :  0.101 0.087 0.812 
347 OmyJC18ROGR    (3)    2 :  0.139 0.158 0.703 
348 OmyJC18ROGR    (1)    2 :  0.224 0.386 0.390 
349 OmyJC18ROGR    (1)    2 :  0.176 0.123 0.702 
350 OmyJC18ROGR    (1)    2 :  0.143 0.162 0.695 
351 OmyJC18ROGR    (0)    2 :  0.093 0.730 0.177 
352 OmyJC18ROGR    (4)    2 :  0.206 0.569 0.225 
353 OmyJC18ROGR    (2)    2 :  0.360 0.369 0.270 
354 OmyJC18ROGR    (1)    2 :  0.214 0.274 0.512 
355 OmyJC18ROGR    (2)    2 :  0.297 0.133 0.570 
356 OmyJC18ROGR    (1)    2 :  0.558 0.107 0.335 
357 OmyJC18ROGR    (2)    2 :  0.254 0.673 0.073 
358 OmyJC18ROGR    (2)    2 :  0.551 0.074 0.375 
359 OmyJC18ROGR    (3)    2 :  0.280 0.259 0.462 
360 OmyJC18ROGR    (0)    2 :  0.584 0.166 0.249 
361 OmyJC18ROGR    (1)    2 :  0.191 0.068 0.742 
362 OmyJC18ROGR    (1)    2 :  0.197 0.373 0.430 
363 OmyJC18ROGR    (2)    2 :  0.351 0.384 0.265 
364 OmyJC18ROGR    (3)    2 :  0.189 0.077 0.734 
365 OmyJC18ROGR    (4)    2 :  0.146 0.128 0.726 
366 OmyJC18ROGR    (4)    2 :  0.559 0.129 0.312 
367 OmyJC18ROGR    (3)    2 :  0.078 0.803 0.119 
368 OmyJC18ROGR    (3)    2 :  0.174 0.496 0.330 
369 OmyJC18ROGR    (2)    2 :  0.575 0.208 0.217 
370 OmyJC18ROGR    (3)    2 :  0.320 0.196 0.484 
371 OmyJC18ROGR    (1)    2 :  0.381 0.144 0.475 
372 OmyJC18ROGR    (3)    2 :  0.286 0.237 0.478 
373 OmyJC18ROGR    (5)    2 :  0.592 0.224 0.183 
374 OmyJC18ROGR    (5)    2 :  0.761 0.069 0.170 
375 OmyJC18ROGR    (3)    2 :  0.162 0.266 0.572 
376 OmyJC18ROGR    (3)    2 :  0.054 0.871 0.075 
377 OmyJC18ROGR    (4)    2 :  0.493 0.343 0.164 
378 OmyJC18ROGR    (0)    2 :  0.357 0.226 0.417 
379 OmyJC18ROGR    (5)    2 :  0.339 0.291 0.370 
380 OmyJC18ROGR    (4)    2 :  0.463 0.319 0.218 
381 OmyJC18ROGR    (1)    2 :  0.336 0.160 0.505 
382 OmyJC18ROGR    (1)    2 :  0.423 0.128 0.449 
383 OmyJC18ROGR    (3)    2 :  0.182 0.573 0.245 
384 OmyJC18ROGR    (2)    2 :  0.087 0.351 0.562 
385 OmyJC18ROGR    (4)    2 :  0.105 0.149 0.745 
386 OmyJC18ROGR    (2)    2 :  0.097 0.474 0.430 
387 OmyJC18ROGR    (1)    2 :  0.375 0.406 0.219 
388 OmyJC18ROGR    (6)    2 :  0.609 0.171 0.221 
389 OmyJC18ROGR    (1)    2 :  0.203 0.318 0.479 
390 OmyJC18ROGR    (1)    2 :  0.225 0.191 0.584 
391 OmyJC18ROGR    (3)    2 :  0.107 0.824 0.068 
392 OmyJC18ROGR    (2)    2 :  0.422 0.111 0.467 
393 OmyJC18ROGR    (4)    2 :  0.721 0.190 0.089 
394 OmyJC18ROGR    (3)    2 :  0.075 0.761 0.164 
395 OmyJC18ROGR    (7)    2 :  0.509 0.362 0.129 
396 OmyJC18ROGR    (4)    2 :  0.298 0.562 0.140 
397 OmyJC18ROGR    (1)    2 :  0.291 0.178 0.531 
398 OmyJC18ROGR    (3)    2 :  0.325 0.361 0.315 
399 OmyJC18ROGR    (2)    2 :  0.362 0.441 0.197 
400 OmyJC18ROGR    (0)    2 :  0.269 0.173 0.559 
401 OmyJC18ROGR    (6)    2 :  0.708 0.158 0.134 
402 OmyJC18ROGR    (5)    2 :  0.522 0.361 0.117 
403 OmyJC18ROGR    (1)    2 :  0.397 0.300 0.303 
404 OmyJC18ROGR    (2)    2 :  0.120 0.302 0.578 
405 OmyJC18ROGR    (3)    2 :  0.234 0.126 0.641 
406 OmyJC18ROGR    (2)    2 :  0.160 0.134 0.706 
407 OmyJC18ROGR    (2)    2 :  0.444 0.304 0.253 
408 OmyJC18ROGR    (2)    2 :  0.421 0.280 0.298 
409 OmyJC18ROGR    (1)    2 :  0.504 0.134 0.362 
410 OmyJC18ROGR    (1)    2 :  0.216 0.112 0.672 
411 OmyJC18ROGR    (1)    2 :  0.371 0.157 0.472 
412 OmyJC18ROGR    (0)    2 :  0.139 0.073 0.788 
413 OmyJC18ROGR    (1)    2 :  0.107 0.126 0.767 
414 OmyJC18ROGR    (2)    2 :  0.160 0.094 0.746 
415 OmyJC18ROGR    (2)    2 :  0.596 0.080 0.324 
416 OmyJC18ROGR    (3)    2 :  0.189 0.215 0.596 
417 OmyJC18ROGR    (1)    2 :  0.471 0.172 0.357 
418 OmyJC18ROGR    (0)    2 :  0.783 0.106 0.110 
419 OmyJC18ROGR    (1)    2 :  0.606 0.098 0.296 
420 OmyJC18ROGR    (0)    2 :  0.145 0.110 0.745 
421 OmyJC18ROGR    (1)    2 :  0.174 0.179 0.647 
422 OmyJC18ROGR    (6)    2 :  0.468 0.192 0.339 
423 OmyJC18ROGR    (2)    2 :  0.292 0.176 0.532 
424 OmyJC18ROGR    (1)    2 :  0.384 0.387 0.228 
425 OmyJC18ROGR    (1)    2 :  0.203 0.449 0.348 
426 OmyJC18ROGR    (3)    2 :  0.367 0.125 0.508 
427 OmyJC18ROGR    (2)    2 :  0.072 0.654 0.274 
428 OmyJC18ROGR    (6)    2 :  0.162 0.068 0.769 
429 OmyJC18ROGR    (1)    2 :  0.096 0.363 0.540 
430 OmyJC18ROGR    (1)    2 :  0.384 0.311 0.305 
431 OmyJC18ROGR    (0)    2 :  0.159 0.187 0.654 
432 OmyJC18ROGR    (2)    2 :  0.113 0.780 0.106 
433 OmyJC18ROGR    (2)    2 :  0.658 0.193 0.149 
434 OmyJC18ROGR    (2)    2 :  0.213 0.313 0.474 
435 OmyJC18ROGR    (8)    2 :  0.267 0.201 0.532 
436 OmyJC18ROGR    (2)    2 :  0.335 0.120 0.545 
437 OmyJC18ROGR    (4)    2 :  0.439 0.116 0.444 
438 OmyJC18ROGR    (1)    2 :  0.738 0.172 0.090 
439 OmyJC18ROGR    (2)    2 :  0.188 0.578 0.234 
440 OmyJC18ROGR    (0)    2 :  0.679 0.246 0.075 
441 OmyJC18ROGR    (1)    2 :  0.146 0.116 0.738 
442 OmyJC18ROGR    (6)    2 :  0.367 0.294 0.340 
443 OmyJC18ROGR    (1)    2 :  0.125 0.070 0.805 
444 OmyJC18ROGR    (6)    2 :  0.527 0.139 0.334 
445 OmyJC18ROGR    (2)    2 :  0.503 0.212 0.285 
446 OmyJC18ROGR    (3)    2 :  0.475 0.397 0.128 
447 OmyJC18ROGR    (2)    2 :  0.248 0.258 0.495 
448 OmyJC18ROGR    (3)    2 :  0.243 0.195 0.562 
449 OmyJC18ROGR    (1)    2 :  0.183 0.118 0.699 
450 OmyJC18ROGR    (4)    2 :  0.410 0.373 0.216 
451 OmyJC18ROGR    (3)    2 :  0.222 0.148 0.630 
452 OmyJC18ROGR    (1)    2 :  0.103 0.209 0.688 
453 OmyJC18ROGR    (1)    2 :  0.119 0.092 0.789 
454 OmyJC18ROGR    (4)    2 :  0.560 0.161 0.279 
455 OmyJC18ROGR    (4)    2 :  0.257 0.552 0.191 
456 OmyJC18ROGR    (5)    2 :  0.225 0.307 0.468 
457 OmyJC18ROGR    (3)    2 :  0.684 0.093 0.223 
458 OmyJC18ROGR    (1)    2 :  0.362 0.170 0.468 
459 OmyJC18ROGR    (1)    2 :  0.066 0.833 0.101 
460 OmyJC18ROGR    (2)    2 :  0.182 0.149 0.669 
461 OmyJC18ROGR    (1)    2 :  0.154 0.758 0.088 
462 OmyJC18ROGR    (1)    2 :  0.536 0.064 0.400 
463 OmyJC18ROGR    (4)    2 :  0.229 0.171 0.599 
464 OmyJC18ROGR    (6)    2 :  0.425 0.081 0.495 
465 OmyJC18ROGR    (3)    2 :  0.672 0.113 0.215 
466 OmyJC18ROGR    (3)    2 :  0.419 0.203 0.378 
467 OmyJC18ROGR    (2)    2 :  0.290 0.270 0.440 
468 OmyJC18ROGR    (2)    2 :  0.287 0.065 0.648 
469 OmyJC18ROGR    (1)    2 :  0.047 0.901 0.052 
470 OmyJC18ROGR    (0)    2 :  0.473 0.370 0.157 
471 OmyJC18ROGR    (2)    2 :  0.327 0.248 0.424 
472 OmyJC18ROGR    (2)    2 :  0.078 0.038 0.884 
473 OmyJC18ROGR    (1)    2 :  0.231 0.231 0.538 
474 OmyJC18ROGR    (3)    2 :  0.258 0.219 0.523 
475 OmyJC18ROGR    (1)    2 :  0.536 0.231 0.233 
476 OmyJC18ROGR    (2)    2 :  0.277 0.147 0.576 
477 OmyJC18ROGR    (0)    2 :  0.514 0.248 0.237 
478 OmyJC18ROGR    (1)    2 :  0.233 0.234 0.533 
479 OmyJC18ROGR    (1)    2 :  0.443 0.159 0.398 
480 OmyJC18ROGR    (1)    2 :  0.240 0.264 0.495 
481 OmyJC18ROGR    (1)    2 :  0.216 0.142 0.642 
482 OmyJC18ROGR    (1)    2 :  0.647 0.120 0.232 
483 OmyJC18ROGR    (0)    2 :  0.441 0.127 0.433 
484 OmyJC18ROGR    (0)    2 :  0.171 0.219 0.610 
485 OmyJC18ROGR    (0)    2 :  0.655 0.100 0.245 
486 OmyJC18ROGR    (0)    2 :  0.367 0.162 0.471 
487 OmyJC18ROGR    (1)    2 :  0.759 0.116 0.125 
488 OmyJC18ROGR    (1)    2 :  0.518 0.199 0.283 
489 OmyJC18ROGR    (1)    2 :  0.168 0.177 0.655 
490 OmyJC18ROGR    (0)    2 :  0.117 0.061 0.822 
491 OmyJC18ROGR    (0)    2 :  0.617 0.167 0.217 
492 OmyJC18ROGR    (5)    2 :  0.163 0.767 0.070 
493 OmyJC18ROGR    (1)    2 :  0.412 0.423 0.165 
494 OmyJC18ROGR    (3)    2 :  0.349 0.146 0.504 
495 OmyJC18ROGR    (1)    2 :  0.506 0.245 0.249 
496 OmyJC18ROGR    (1)    2 :  0.156 0.326 0.519 
497 OmyJC18ROGR    (1)    2 :  0.523 0.069 0.408 
498 OmyJC18ROGR    (1)    2 :  0.421 0.216 0.363 
499 OmyJC18ROGR    (1)    2 :  0.431 0.137 0.432 
500 OmyJC18ROGR    (1)    2 :  0.112 0.246 0.642 
501 OmyJC18ROGR    (2)    2 :  0.692 0.090 0.218 
502 OmyJC18ROGR    (1)    2 :  0.498 0.376 0.126 
503 OmyJC18ROGR    (2)    2 :  0.397 0.268 0.335 
504 OmyJC18ROGR    (2)    2 :  0.589 0.191 0.221 
505 OmyJC18ROGR    (2)    2 :  0.231 0.219 0.549 
506 OmyJC18ROGR    (3)    2 :  0.309 0.215 0.476 
507 OmyJC18ROGR    (1)    2 :  0.179 0.267 0.554 
508 OmyJC18ROGR    (7)    2 :  0.330 0.138 0.532 
509 OmyJC18ROGR    (1)    2 :  0.440 0.307 0.253 
510 OmyJC18ROGR    (1)    2 :  0.046 0.910 0.045 
511 OmyJC18ROGR    (2)    2 :  0.524 0.301 0.176 
512 OmyJC18ROGR    (1)    2 :  0.688 0.093 0.220 
513 OmyJC18ROGR    (3)    2 :  0.225 0.105 0.670 
514 OmyJC18ROGR    (1)    2 :  0.812 0.085 0.103 
515 OmyJC18ROGR    (5)    2 :  0.263 0.129 0.609 
516 OmyJC18ROGR    (3)    2 :  0.487 0.409 0.104 
517 OmyJC18ROGR    (1)    2 :  0.579 0.071 0.350 
518 OmyJC18ROGR    (1)    2 :  0.210 0.586 0.204 
519 OmyJC18ROGR    (0)    2 :  0.481 0.262 0.257 
520 OmyJC18ROGR    (0)    2 :  0.380 0.136 0.484 
521 OmyJC18ROGR    (2)    2 :  0.373 0.286 0.341 
522 OmyJC18ROGR    (2)    2 :  0.241 0.509 0.250 
523 OmyJC18ROGR    (1)    2 :  0.420 0.434 0.146 
524 OmyJC18ROGR    (3)    2 :  0.289 0.311 0.400 
525 OmyJC18ROGR    (1)    2 :  0.495 0.173 0.332 
526 OmyJC18ROGR    (7)    2 :  0.173 0.066 0.761 
527 OmyJC18ROGR    (4)    2 :  0.172 0.232 0.595 
528 OmyJC18ROGR    (1)    2 :  0.330 0.082 0.588 
529 OmyJC18ROGR    (2)    2 :  0.154 0.109 0.737 
530 OmyJC18ROGR    (1)    2 :  0.608 0.192 0.200 
531 OmyJC18ROGR    (2)    2 :  0.222 0.107 0.671 
532 OmyJC18ROGR    (2)    2 :  0.324 0.075 0.601 
533 OmyJC18ROGR    (5)    2 :  0.098 0.843 0.060 
534 OmyJC18ROGR    (2)    2 :  0.344 0.260 0.396 
535 OmyJC18ROGR    (3)    2 :  0.527 0.182 0.291 
536 OmyJC18ROGR    (0)    2 :  0.213 0.296 0.492 
537 OmyJC18ROGR    (3)    2 :  0.254 0.435 0.312 
538 OmyJC18ROGR    (1)    2 :  0.406 0.114 0.481 
539 OmyJC18ROGR    (1)    2 :  0.511 0.170 0.319 
540 OmyJC18ROGR    (1)    2 :  0.256 0.154 0.590 
541 OmyJC18ROGR    (5)    2 :  0.547 0.055 0.398 
542 OmyJC18ROGR    (4)    2 :  0.332 0.287 0.381 
543 OmyJC18ROGR    (2)    2 :  0.591 0.061 0.348 
544 OmyJC18ROGR    (2)    2 :  0.610 0.178 0.212 
545 OmyJC18ROGR    (2)    2 :  0.288 0.475 0.236 
546 OmyJC18ROGR    (1)    2 :  0.517 0.143 0.340 
547 OmyJC18ROGR    (1)    2 :  0.493 0.184 0.324 
548 OmyJC18ROGR    (1)    2 :  0.096 0.774 0.130 
549 OmyJC18ROGR    (1)    2 :  0.328 0.436 0.236 
550 OmyJC18ROGR    (2)    2 :  0.187 0.443 0.370 
551 OmyJC18ROGR    (4)    2 :  0.157 0.287 0.556 
552 OmyJC18ROGR    (6)    2 :  0.068 0.121 0.811 
553 OmyJC18ROGR    (3)    2 :  0.812 0.088 0.101 
554 OmyJC18ROGR    (1)    2 :  0.647 0.066 0.287 
555 OmyJC18ROGR    (4)    2 :  0.613 0.106 0.281 
556 OmyJC18ROGR    (2)    2 :  0.395 0.222 0.384 
557 OmyJC18ROGR    (0)    2 :  0.365 0.132 0.503 
558 OmyJC18ROGR    (2)    2 :  0.554 0.164 0.282 
559 OmyJC18ROGR    (3)    2 :  0.211 0.457 0.332 
560 OmyJC18ROGR    (6)    2 :  0.613 0.106 0.281 
561 OmyJC18ROGR    (1)    2 :  0.106 0.330 0.564 
562 OmyJC18ROGR    (2)    2 :  0.662 0.162 0.176 
563 OmyJC18ROGR    (2)    2 :  0.357 0.440 0.202 
564 OmyJC18ROGR    (1)    2 :  0.241 0.512 0.247 
565 OmyJC18ROGR    (1)    2 :  0.137 0.165 0.698 
566 OmyJC18ROGR    (1)    2 :  0.282 0.096 0.621 
567 OmyJC18ROGR    (1)    2 :  0.140 0.124 0.736 
568 OmyJC18ROGR    (1)    2 :  0.259 0.094 0.647 
569 OmyJC18ROGR    (3)    2 :  0.279 0.133 0.588 
570 OmyJC18ROGR    (1)    2 :  0.406 0.417 0.177 
571 OmyJC18ROGR    (2)    2 :  0.200 0.622 0.178 
572 OmyJC18ROGR    (5)    2 :  0.618 0.276 0.106 
573 OmyJC18ROGR    (5)    2 :  0.320 0.344 0.336 
574 OmyJC18ROGR    (1)    2 :  0.135 0.338 0.527 
575 OmyJC18ROGR    (2)    2 :  0.511 0.114 0.375 
576 OmyJC18ROGR    (0)    2 :  0.733 0.072 0.194 
577 OmyJC18ROGR    (1)    2 :  0.194 0.448 0.358 
578 OmyJC18ROGR    (1)    2 :  0.071 0.077 0.851 
579 OmyJC18ROGR    (2)    2 :  0.562 0.194 0.243 
580 OmyJC18ROGR    (1)    2 :  0.613 0.057 0.330 
581 OmyJC18ROGR    (1)    2 :  0.603 0.248 0.149 
582 OmyJC18ROGR    (0)    2 :  0.156 0.216 0.628 
583 OmyJC18ROGR    (1)    2 :  0.521 0.170 0.309 
584 OmyJC18ROGR    (2)    2 :  0.297 0.442 0.262 
585 OmyJC18ROGR    (1)    2 :  0.071 0.391 0.538 
586 OmyJC18ROGR    (0)    2 :  0.170 0.654 0.176 
587 OmyJC18ROGR    (1)    2 :  0.434 0.110 0.456 
588 OmyJC18ROGR    (0)    2 :  0.198 0.595 0.207 
589 OmyJC18ROGR    (2)    2 :  0.806 0.096 0.098 
590 OmyJC18ROGR    (2)    2 :  0.415 0.310 0.274 
591 OmyJC18ROGR    (1)    2 :  0.253 0.513 0.234 
592 OmyJC18ROGR    (1)    2 :  0.476 0.149 0.375 
593 OmyJC18ROGR    (1)    2 :  0.124 0.381 0.495 
594 OmyJC18ROGR    (3)    2 :  0.274 0.129 0.596 
595 OmyJC18ROGR    (1)    2 :  0.268 0.249 0.483 
596 OmyJC18ROGR    (1)    2 :  0.256 0.238 0.506 
597 OmyJC18ROGR    (1)    2 :  0.137 0.229 0.634 
598 OmyJC18ROGR    (1)    2 :  0.153 0.658 0.188 
599 OmyJC18ROGR    (1)    2 :  0.554 0.198 0.248 
600 OmyJC18ROGR    (2)    2 :  0.603 0.128 0.269 
601 OmyJC18ROGR    (7)    2 :  0.730 0.061 0.209 
602 OmyJC18ROGR    (3)    2 :  0.159 0.234 0.607 
603 OmyJC18ROGR    (1)    2 :  0.478 0.150 0.371 
604 OmyJC18ROGR    (1)    2 :  0.417 0.165 0.418 
605 OmyJC18ROGR    (1)    2 :  0.591 0.107 0.302 
606 OmyJC18ROGR    (1)    2 :  0.122 0.554 0.324 
607 OmyJC18ROGR    (1)    2 :  0.358 0.153 0.489 
608 OmyJC18ROGR    (1)    2 :  0.560 0.147 0.293 
609 OmyJC18ROGR    (1)    2 :  0.763 0.141 0.096 
610 OmyJC18ROGR    (1)    2 :  0.425 0.330 0.245 
611 OmyJC18ROGR    (1)    2 :  0.491 0.167 0.343 
612 OmyJC18ROGR    (1)    2 :  0.212 0.286 0.501 
613 OmyJC18ROGR    (2)    2 :  0.233 0.629 0.138 
614 OmyJC18ROGR    (1)    2 :  0.535 0.377 0.088 
615 OmyJC18ROGR    (1)    2 :  0.239 0.128 0.633 
616 OmyJC18ROGR    (1)    2 :  0.235 0.111 0.654 
617 OmyJC18ROGR    (1)    2 :  0.519 0.100 0.381 
618 OmyJC18ROGR    (0)    2 :  0.128 0.295 0.577 
619 OmyJC18ROGR    (1)    2 :  0.117 0.250 0.633 
620 OmyJC18ROGR    (1)    2 :  0.262 0.416 0.322 
621 OmyJC18ROGR    (1)    2 :  0.431 0.338 0.231 
622 OmyJC18ROGR    (1)    2 :  0.544 0.055 0.401 
623 OmyJC18ROGR    (1)    2 :  0.183 0.459 0.357 
624 OmyJC18ROGR    (0)    2 :  0.354 0.212 0.434 
625 OmyJC18ROGR    (0)    2 :  0.084 0.125 0.791 
626 OmyJC18ROGR    (1)    2 :  0.336 0.081 0.583 
627 OmyJC18ROGR    (1)    2 :  0.222 0.095 0.683 
628 OmyJC18ROGR    (1)    2 :  0.123 0.573 0.305 
629 OmyJC18ROGR    (1)    2 :  0.050 0.876 0.075 
630 OmyJC18ROGR    (2)    2 :  0.117 0.217 0.666 
631 OmyJC18ROGR    (5)    2 :  0.449 0.419 0.131 
632 OmyJC18ROGR    (2)    2 :  0.287 0.196 0.517 
633 OmyJC18ROGR    (1)    2 :  0.080 0.424 0.496 
634 OmyJC18ROGR    (4)    2 :  0.536 0.067 0.398 
635 OmyJC18ROGR    (1)    2 :  0.066 0.063 0.871 
636 OmyJC18ROGR    (0)    2 :  0.267 0.188 0.546 
637 OmyJC18ROGR    (1)    2 :  0.792 0.099 0.109 
638 OmyJC18ROGR    (0)    2 :  0.104 0.290 0.606 
639 OmyJC18ROGR    (0)    2 :  0.623 0.171 0.207 
640 OmyJC18ROGR    (1)    2 :  0.292 0.273 0.435 
641 OmyJC18ROGR    (1)    2 :  0.352 0.235 0.413 
642 OmyJC18ROGR    (1)    2 :  0.266 0.510 0.224 
643 OmyJC18ROGR    (1)    2 :  0.103 0.054 0.842 
644 OmyJC18ROGR    (1)    2 :  0.118 0.089 0.792 
645 OmyJC18ROGR    (0)    2 :  0.194 0.390 0.416 
646 OmyAC19ROGR    (1)    3 :  0.333 0.180 0.488 
647 OmyJC18ROGR    (1)    2 :  0.221 0.234 0.545 
648 OmyAC19ROGR    (0)    3 :  0.267 0.070 0.663 
649 OmyAC19APPR    (1)    3 :  0.058 0.058 0.884 
650 OmyAC19APPR    (1)    3 :  0.101 0.178 0.721 
651 OmyJC18ROGR    (1)    2 :  0.350 0.133 0.517 
652 OmyAC19APPR    (0)    3 :  0.253 0.151 0.596 
653 OmyAC19CORH    (2)    4 :  0.613 0.114 0.273 
654 OmyJC18ROGR    (0)    2 :  0.202 0.096 0.702 
655 OmyAC19CORH    (1)    4 :  0.511 0.296 0.193 
656 OmyAC19CORH    (1)    4 :  0.778 0.106 0.116 
657 OmyAC19CORH    (1)    4 :  0.869 0.062 0.069 
658 OmyAC19CORH    (0)    4 :  0.828 0.112 0.060 
659 OmyAC19CORH    (0)    4 :  0.834 0.076 0.089 
660 OmyAC19ROGR    (3)    3 :  0.100 0.296 0.603 
661 OmyJC18ROGR    (1)    2 :  0.365 0.206 0.429 
662 OmyAC19ROGR    (1)    3 :  0.242 0.168 0.590 
663 OmyAC19ROGR    (1)    3 :  0.148 0.123 0.728 
664 OmyAC19APPR    (1)    3 :  0.333 0.210 0.457 
665 OmyAC19APPR    (1)    3 :  0.108 0.249 0.643 
666 OmyJC18ROGR    (0)    2 :  0.190 0.676 0.134 
667 OmyAC19APPR    (1)    3 :  0.109 0.143 0.748 
668 OmyAC19CORH    (1)    4 :  0.390 0.438 0.172 
669 OmyAC19CORH    (0)    4 :  0.832 0.093 0.075 
670 OmyAC19CORH    (1)    4 :  0.792 0.069 0.139 
671 OmyAC19CORH    (1)    4 :  0.610 0.150 0.240 
672 OmyAC19CORH    (1)    4 :  0.729 0.110 0.161 
673 OmyAC19CORH    (0)    4 :  0.558 0.120 0.322 
674 OmyAC19ROGR    (2)    3 :  0.285 0.100 0.615 
675 OmyAC19ROGR    (5)    3 :  0.277 0.172 0.551 
676 OmyAC19ROGR    (0)    3 :  0.454 0.072 0.474 
677 OmyAC19APPR    (3)    3 :  0.138 0.347 0.515 
678 OmyAC19APPR    (0)    3 :  0.243 0.166 0.591 
679 OmyJC18ROGR    (2)    2 :  0.233 0.400 0.367 
680 OmyAC19APPR    (0)    3 :  0.264 0.333 0.404 
681 OmyAC19CORH    (2)    4 :  0.640 0.234 0.125 
682 OmyJC18ROGR    (0)    2 :  0.592 0.240 0.168 
683 OmyAC19CORH    (2)    4 :  0.647 0.098 0.255 
684 OmyAC19CORH    (1)    4 :  0.694 0.239 0.067 
685 OmyAC19CORH    (1)    4 :  0.822 0.100 0.078 
686 OmyAC19CORH    (0)    4 :  0.859 0.067 0.074 
687 OmyAC19ROGR    (1)    3 :  0.226 0.185 0.589 
688 OmyAC19ROGR    (2)    3 :  0.196 0.079 0.725 
689 OmyAC19APPR    (1)    3 :  0.321 0.178 0.501 
690 OmyAC19APPR    (1)    3 :  0.136 0.176 0.687 
691 OmyJC18ROGR    (1)    2 :  0.638 0.186 0.176 
692 OmyAC19APPR    (0)    3 :  0.261 0.173 0.566 
693 OmyJC18ROGR    (0)    2 :  0.358 0.198 0.444 
694 OmyAC19CORH    (1)    4 :  0.484 0.132 0.384 
695 OmyAC19CORH    (0)    4 :  0.816 0.043 0.141 
696 OmyAC19CORH    (1)    4 :  0.614 0.272 0.114 
697 OmyAC19CORH    (0)    4 :  0.820 0.104 0.076 
698 OmyAC19CORH    (1)    4 :  0.761 0.121 0.119 
699 OmyAC19ROGR    (6)    3 :  0.331 0.229 0.440 
700 OmyJC18ROGR    (1)    2 :  0.206 0.501 0.293 
701 OmyAC19ROGR    (3)    3 :  0.323 0.146 0.532 
702 OmyAC19ROGR    (1)    3 :  0.246 0.107 0.647 
703 OmyAC19APPR    (3)    3 :  0.124 0.211 0.665 
704 OmyAC19APPR    (1)    3 :  0.136 0.141 0.724 
705 OmyJC18ROGR    (1)    2 :  0.149 0.290 0.561 
706 OmyAC19APPR    (0)    3 :  0.166 0.130 0.703 
707 OmyJC18ROGR    (1)    2 :  0.057 0.811 0.133 
708 OmyAC19CORH    (2)    4 :  0.870 0.046 0.084 
709 OmyJC18ROGR    (1)    2 :  0.136 0.797 0.066 
710 OmyAC19CORH    (1)    4 :  0.661 0.118 0.221 
711 OmyAC19CORH    (2)    4 :  0.715 0.138 0.147 
712 OmyAC19CORH    (1)    4 :  0.706 0.181 0.112 
713 OmyAC19CORH    (0)    4 :  0.862 0.064 0.074 
714 OmyAC19ROGR    (1)    3 :  0.572 0.217 0.211 
715 OmyJC18ROGR    (1)    2 :  0.414 0.098 0.488 
716 OmyAC19ROGR    (3)    3 :  0.127 0.104 0.770 
717 OmyAC19ROGR    (0)    3 :  0.320 0.195 0.485 
718 OmyAC19APPR    (4)    3 :  0.138 0.104 0.758 
719 OmyAC19APPR    (1)    3 :  0.311 0.239 0.451 
720 OmyJC18ROGR    (1)    2 :  0.264 0.289 0.447 
721 OmyJC18ROGR    (1)    2 :  0.334 0.254 0.412 
722 OmyAC19CORH    (1)    4 :  0.669 0.180 0.151 
723 OmyAC19CORH    (0)    4 :  0.775 0.149 0.076 
724 OmyAC19CORH    (0)    4 :  0.868 0.032 0.101 
725 OmyAC19CORH    (2)    4 :  0.844 0.063 0.093 
726 OmyAC19CORH    (1)    4 :  0.871 0.055 0.074 
727 OmyJC18ROGR    (2)    2 :  0.232 0.085 0.683 
728 OmyAC19ROGR    (3)    3 :  0.148 0.124 0.728 
729 OmyAC19ROGR    (1)    3 :  0.201 0.205 0.594 
730 OmyAC19APPR    (2)    3 :  0.453 0.177 0.370 
731 OmyAC19APPR    (1)    3 :  0.170 0.210 0.620 
732 OmyAC19CORH    (1)    4 :  0.564 0.288 0.148 
733 OmyAC19CORH    (1)    4 :  0.779 0.107 0.114 
734 OmyAC19CORH    (1)    4 :  0.853 0.061 0.086 
735 OmyAC19CORH    (2)    4 :  0.768 0.105 0.127 
736 OmyAC19CORH    (1)    4 :  0.892 0.033 0.076 
737 OmyJC18ROGR    (0)    2 :  0.345 0.535 0.121 
738 OmyAC19APPR    (0)    3 :  0.137 0.108 0.755 
739 OmyAC19APPR    (1)    3 :  0.424 0.113 0.463 
740 OmyAC19APPR    (1)    3 :  0.293 0.166 0.542 
741 OmyJC18ROGR    (1)    2 :  0.353 0.333 0.313 
742 OmyJC18ROGR    (1)    2 :  0.233 0.115 0.652 
743 OmyAC19CORH    (0)    4 :  0.684 0.114 0.203 
744 OmyAC19CORH    (0)    4 :  0.819 0.109 0.072 
745 OmyAC19CORH    (0)    4 :  0.894 0.034 0.072 
746 OmyAC19CORH    (0)    4 :  0.681 0.060 0.258 
747 OmyAC19CORH    (1)    4 :  0.830 0.080 0.090 
748 OmyJC19ROGR    (1)    2 :  0.160 0.626 0.214 
749 OmyJC19ROGR    (1)    2 :  0.149 0.578 0.273 
750 OmyJC19ROGR    (0)    2 :  0.707 0.166 0.127 
751 OmyJC19ROGR    (1)    2 :  0.101 0.839 0.060 
752 OmyJC19ROGR    (1)    2 :  0.729 0.114 0.158 
753 OmyJC19ROGR    (1)    2 :  0.133 0.231 0.637 
754 OmyJC19ROGR    (0)    2 :  0.640 0.199 0.161 
755 OmyJC19ROGR    (1)    2 :  0.093 0.235 0.672 
756 OmyJC19ROGR    (0)    2 :  0.075 0.862 0.064 
757 OmyJC19ROGR    (1)    2 :  0.224 0.700 0.076 
758 OmyJC19ROGR    (2)    2 :  0.066 0.835 0.099 
759 OmyJC19ROGR    (0)    2 :  0.127 0.164 0.709 
