

----------------------------------------------------
STRUCTURE by Pritchard, Stephens and Donnelly (2000)
     and Falush, Stephens and Pritchard (2003)
       Code by Pritchard, Falush and Hubisz
             Version 2.3.4 (Jul 2012)
----------------------------------------------------



Command line arguments:   bin/structure -m "/Users/ddayan/FRA/premature_migration/Rogue_Half-Pounder/rogue_half_pounder_repo/structure/halfpounder/10k_20k_adm_corr/mainparams" -e "/Users/ddayan/FRA/premature_migration/Rogue_Half-Pounder/rogue_half_pounder_repo/structure/halfpounder/10k_20k_adm_corr/extraparams" 
Input File:    /Users/ddayan/FRA/premature_migration/Rogue_Half-Pounder/rogue_half_pounder_repo/structure/halfpounder/project_data

Run parameters:
   882 individuals
   330 loci
   6 populations assumed
   10000 Burn-in period
   20000 Reps


--------------------------------------------
Proportion of membership of each pre-defined
 population in each of the 6 clusters

Given    Inferred Clusters                            Number of
 Pop       1      2      3      4      5      6      Individuals

  1:     0.147  0.172  0.158  0.183  0.168  0.172      157
  2:     0.153  0.164  0.172  0.164  0.174  0.174      643
  3:     0.058  0.211  0.237  0.229  0.225  0.040       40
  4:     0.676  0.105  0.059  0.066  0.058  0.037       42
--------------------------------------------

Allele-freq. divergence among pops (Net nucleotide distance),
computed using point estimates of P.

      1       2       3       4       5       6      
 1      -    0.0036  0.0036  0.0042  0.0041  0.0115  
 2   0.0036     -    0.0014  0.0015  0.0015  0.0086  
 3   0.0036  0.0014     -    0.0010  0.0012  0.0083  
 4   0.0042  0.0015  0.0010     -    0.0013  0.0084  
 5   0.0041  0.0015  0.0012  0.0013     -    0.0087  
 6   0.0115  0.0086  0.0083  0.0084  0.0087     -    

Average distances (expected heterozygosity) between individuals in same cluster:
cluster  1  : 0.2792 
cluster  2  : 0.2852 
cluster  3  : 0.2854 
cluster  4  : 0.2856 
cluster  5  : 0.2840 
cluster  6  : 0.2525 

--------------------------------------------
Estimated Ln Prob of Data   = -248861.0
Mean value of ln likelihood = -245875.5
Variance of ln likelihood   = 5970.9
Mean value of alpha         = 0.1527

Mean value of Fst_1         = 0.0286
Mean value of Fst_2         = 0.0143
Mean value of Fst_3         = 0.0125
Mean value of Fst_4         = 0.0147
Mean value of Fst_5         = 0.0149
Mean value of Fst_6         = 0.0755


Inferred ancestry of individuals:
        Label (%Miss) Pop:  Inferred clusters
  1 OmyAC19ROGR    (0)    1 :  0.217 0.156 0.202 0.122 0.291 0.012 
  2 OmyAC19ROGR    (1)    1 :  0.110 0.403 0.086 0.107 0.230 0.063 
  3 OmyAC19ROGR    (1)    1 :  0.114 0.288 0.116 0.057 0.391 0.034 
  4 OmyAC19ROGR    (1)    1 :  0.073 0.322 0.304 0.140 0.140 0.021 
  5 OmyAC19ROGR    (2)    1 :  0.010 0.012 0.013 0.009 0.016 0.939 
  6 OmyAC19ROGR    (1)    1 :  0.039 0.153 0.205 0.041 0.398 0.164 
  7 OmyAC19ROGR    (1)    1 :  0.126 0.067 0.065 0.450 0.146 0.145 
  8 OmyAC19ROGR    (0)    1 :  0.081 0.299 0.203 0.306 0.097 0.013 
  9 OmyAC19ROGR    (1)    1 :  0.137 0.163 0.088 0.066 0.398 0.148 
 10 OmyAC19ROGR    (1)    1 :  0.112 0.116 0.100 0.148 0.056 0.468 
 11 OmyAC19ROGR    (0)    1 :  0.083 0.056 0.451 0.104 0.228 0.078 
 12 OmyAC19ROGR    (0)    1 :  0.043 0.069 0.119 0.058 0.623 0.089 
 13 OmyAC19ROGR    (1)    1 :  0.129 0.204 0.233 0.337 0.076 0.020 
 14 OmyAC19ROGR    (1)    1 :  0.017 0.034 0.102 0.323 0.112 0.412 
 15 OmyAC19ROGR    (2)    1 :  0.032 0.041 0.119 0.303 0.119 0.386 
 16 OmyAC19ROGR    (1)    1 :  0.091 0.053 0.467 0.151 0.153 0.086 
 17 OmyAC19ROGR    (1)    1 :  0.014 0.282 0.131 0.301 0.184 0.087 
 18 OmyAC19ROGR    (2)    1 :  0.144 0.347 0.144 0.287 0.061 0.017 
 19 OmyAC19ROGR    (1)    1 :  0.067 0.425 0.286 0.139 0.043 0.041 
 20 OmyAC19ROGR    (1)    1 :  0.020 0.056 0.157 0.287 0.290 0.191 
 21 OmyAC19ROGR    (1)    1 :  0.055 0.278 0.089 0.293 0.109 0.176 
 22 OmyAC19ROGR    (1)    1 :  0.276 0.148 0.230 0.123 0.167 0.057 
 23 OmyAC19ROGR    (1)    1 :  0.096 0.269 0.125 0.138 0.237 0.134 
 24 OmyAC19ROGR    (1)    1 :  0.829 0.052 0.040 0.023 0.039 0.016 
 25 OmyAC19ROGR    (1)    1 :  0.057 0.257 0.157 0.266 0.090 0.172 
 26 OmyAC19ROGR    (1)    1 :  0.104 0.721 0.042 0.033 0.037 0.062 
 27 OmyAC19ROGR    (1)    1 :  0.036 0.075 0.461 0.276 0.109 0.043 
 28 OmyAC19ROGR    (1)    1 :  0.862 0.022 0.032 0.028 0.038 0.018 
 29 OmyAC19ROGR    (1)    1 :  0.100 0.105 0.272 0.238 0.238 0.046 
 30 OmyAC19ROGR    (1)    1 :  0.028 0.240 0.067 0.043 0.050 0.572 
 31 OmyAC19ROGR    (1)    1 :  0.105 0.221 0.158 0.269 0.216 0.031 
 32 OmyAC19ROGR    (1)    1 :  0.146 0.088 0.081 0.490 0.117 0.077 
 33 OmyAC19ROGR    (1)    1 :  0.301 0.145 0.123 0.117 0.196 0.119 
 34 OmyAC19ROGR    (1)    1 :  0.026 0.094 0.150 0.175 0.043 0.512 
 35 OmyAC19ROGR    (0)    1 :  0.148 0.377 0.104 0.169 0.134 0.068 
 36 OmyAC19ROGR    (1)    1 :  0.062 0.368 0.148 0.114 0.174 0.134 
 37 OmyAC19ROGR    (1)    1 :  0.551 0.111 0.113 0.079 0.066 0.081 
 38 OmyAC19ROGR    (1)    1 :  0.342 0.037 0.044 0.060 0.036 0.481 
 39 OmyAC19ROGR    (1)    1 :  0.026 0.604 0.023 0.214 0.061 0.072 
 40 OmyAC19ROGR    (0)    1 :  0.031 0.164 0.075 0.224 0.278 0.228 
 41 OmyAC19ROGR    (1)    1 :  0.071 0.086 0.157 0.420 0.242 0.025 
 42 OmyAC19ROGR    (1)    1 :  0.016 0.052 0.050 0.038 0.051 0.793 
 43 OmyAC19ROGR    (1)    1 :  0.132 0.186 0.050 0.136 0.466 0.031 
 44 OmyAC19ROGR    (7)    1 :  0.068 0.191 0.129 0.065 0.514 0.033 
 45 OmyAC19ROGR    (2)    1 :  0.206 0.063 0.135 0.082 0.169 0.345 
 46 OmyAC19ROGR    (1)    1 :  0.382 0.214 0.140 0.130 0.090 0.044 
 47 OmyAC19ROGR    (0)    1 :  0.692 0.055 0.067 0.042 0.104 0.041 
 48 OmyAC19ROGR    (1)    1 :  0.110 0.137 0.083 0.242 0.392 0.035 
 49 OmyAC19ROGR    (0)    1 :  0.240 0.299 0.148 0.175 0.109 0.029 
 50 OmyAC19ROGR    (1)    1 :  0.024 0.097 0.136 0.621 0.100 0.022 
 51 OmyAC19ROGR    (2)    1 :  0.047 0.047 0.091 0.054 0.070 0.691 
 52 OmyAC19ROGR    (1)    1 :  0.030 0.040 0.030 0.023 0.029 0.848 
 53 OmyAC19ROGR    (2)    1 :  0.653 0.072 0.083 0.046 0.123 0.024 
 54 OmyAC19ROGR    (1)    1 :  0.508 0.143 0.052 0.130 0.112 0.056 
 55 OmyAC19ROGR    (3)    1 :  0.037 0.258 0.161 0.311 0.143 0.090 
 56 OmyAC19ROGR    (1)    1 :  0.376 0.081 0.334 0.085 0.069 0.055 
 57 OmyAC19ROGR    (0)    1 :  0.576 0.148 0.097 0.096 0.062 0.020 
 58 OmyAC19ROGR    (1)    1 :  0.049 0.051 0.115 0.054 0.051 0.680 
 59 OmyAC19ROGR    (0)    1 :  0.509 0.051 0.109 0.163 0.144 0.024 
 60 OmyAC19ROGR    (2)    1 :  0.047 0.076 0.512 0.107 0.174 0.085 
 61 OmyAC19ROGR    (1)    1 :  0.412 0.081 0.170 0.184 0.107 0.046 
 62 OmyAC19ROGR    (1)    1 :  0.061 0.291 0.159 0.093 0.364 0.032 
 63 OmyAC19ROGR    (0)    1 :  0.352 0.079 0.155 0.087 0.150 0.177 
 64 OmyAC19ROGR    (3)    1 :  0.076 0.192 0.241 0.152 0.283 0.056 
 65 OmyAC19ROGR    (1)    1 :  0.068 0.183 0.380 0.203 0.111 0.055 
 66 OmyAC19ROGR    (4)    1 :  0.036 0.128 0.095 0.437 0.070 0.234 
 67 OmyAC19ROGR    (0)    1 :  0.245 0.128 0.423 0.110 0.065 0.029 
 68 OmyAC19ROGR    (2)    1 :  0.314 0.262 0.078 0.071 0.238 0.036 
 69 OmyAC19ROGR    (2)    1 :  0.498 0.076 0.106 0.104 0.049 0.167 
 70 OmyAC19ROGR    (1)    1 :  0.112 0.483 0.058 0.113 0.203 0.031 
 71 OmyAC19ROGR    (0)    1 :  0.074 0.130 0.183 0.370 0.218 0.025 
 72 OmyAC19ROGR    (5)    1 :  0.126 0.067 0.227 0.192 0.371 0.017 
 73 OmyAC19ROGR    (1)    1 :  0.284 0.145 0.080 0.126 0.125 0.239 
 74 OmyAC19ROGR    (1)    1 :  0.024 0.280 0.083 0.132 0.456 0.026 
 75 OmyAC19ROGR    (1)    1 :  0.254 0.183 0.117 0.288 0.064 0.095 
 76 OmyAC19ROGR    (1)    1 :  0.524 0.255 0.059 0.055 0.076 0.030 
 77 OmyAC19ROGR    (1)    1 :  0.014 0.010 0.021 0.024 0.024 0.908 
 78 OmyAC19ROGR    (1)    1 :  0.109 0.268 0.111 0.203 0.273 0.035 
 79 OmyAC19ROGR    (2)    1 :  0.110 0.303 0.134 0.214 0.193 0.047 
 80 OmyAC19ROGR    (2)    1 :  0.083 0.035 0.062 0.048 0.059 0.713 
 81 OmyAC19ROGR    (2)    1 :  0.063 0.064 0.161 0.104 0.217 0.391 
 82 OmyAC19ROGR    (1)    1 :  0.506 0.117 0.092 0.050 0.219 0.016 
 83 OmyAC19ROGR    (0)    1 :  0.184 0.200 0.108 0.380 0.098 0.031 
 84 OmyAC19ROGR    (1)    1 :  0.042 0.284 0.229 0.122 0.179 0.143 
 85 OmyAC19ROGR    (6)    1 :  0.111 0.298 0.236 0.228 0.105 0.023 
 86 OmyAC19ROGR    (1)    1 :  0.019 0.075 0.178 0.468 0.195 0.065 
 87 OmyAC19ROGR    (2)    1 :  0.261 0.251 0.154 0.078 0.233 0.023 
 88 OmyJC19ROGR    (0)    2 :  0.018 0.045 0.039 0.045 0.024 0.830 
 89 OmyJC19ROGR    (1)    2 :  0.039 0.750 0.076 0.064 0.036 0.036 
 90 OmyJC19ROGR    (1)    2 :  0.017 0.024 0.024 0.022 0.026 0.888 
 91 OmyJC19ROGR    (2)    2 :  0.217 0.193 0.173 0.114 0.292 0.011 
 92 OmyJC19ROGR    (1)    2 :  0.494 0.176 0.106 0.125 0.064 0.035 
 93 OmyJC19ROGR    (1)    2 :  0.729 0.157 0.032 0.034 0.036 0.012 
 94 OmyJC19ROGR    (1)    2 :  0.028 0.174 0.163 0.261 0.229 0.145 
 95 OmyJC19ROGR    (0)    2 :  0.021 0.406 0.071 0.070 0.284 0.149 
 96 OmyJC19ROGR    (2)    2 :  0.067 0.059 0.496 0.229 0.085 0.063 
 97 OmyJC19ROGR    (1)    2 :  0.716 0.071 0.035 0.025 0.030 0.124 
 98 OmyJC19ROGR    (0)    2 :  0.088 0.100 0.493 0.123 0.159 0.037 
 99 OmyJC19ROGR    (0)    2 :  0.269 0.041 0.399 0.093 0.128 0.071 
100 OmyJC19ROGR    (1)    2 :  0.043 0.742 0.074 0.057 0.063 0.021 
101 OmyJC19ROGR    (1)    2 :  0.087 0.262 0.071 0.051 0.068 0.461 
102 OmyJC19ROGR    (1)    2 :  0.029 0.233 0.403 0.207 0.073 0.054 
103 OmyJC19ROGR    (2)    2 :  0.108 0.433 0.141 0.065 0.098 0.155 
104 OmyJC19ROGR    (1)    2 :  0.434 0.270 0.112 0.071 0.087 0.026 
105 OmyJC19ROGR    (1)    2 :  0.499 0.020 0.157 0.037 0.115 0.171 
106 OmyJC19ROGR    (1)    2 :  0.032 0.016 0.011 0.013 0.018 0.909 
107 OmyJC19ROGR    (2)    2 :  0.089 0.038 0.597 0.138 0.068 0.070 
108 OmyJC19ROGR    (0)    2 :  0.177 0.076 0.382 0.186 0.130 0.049 
109 OmyJC19ROGR    (1)    2 :  0.025 0.138 0.459 0.115 0.109 0.153 
110 OmyJC19ROGR    (1)    2 :  0.466 0.075 0.121 0.068 0.100 0.169 
111 OmyJC19ROGR    (1)    2 :  0.379 0.076 0.276 0.105 0.114 0.049 
112 OmyJC19ROGR    (2)    2 :  0.033 0.139 0.348 0.194 0.207 0.080 
113 OmyJC19ROGR    (1)    2 :  0.034 0.227 0.107 0.099 0.065 0.468 
114 OmyJC19ROGR    (3)    2 :  0.050 0.525 0.105 0.181 0.111 0.029 
115 OmyJC19ROGR    (2)    2 :  0.267 0.086 0.039 0.027 0.544 0.037 
116 OmyJC19ROGR    (0)    2 :  0.032 0.718 0.064 0.064 0.058 0.065 
117 OmyJC19ROGR    (1)    2 :  0.044 0.131 0.236 0.250 0.174 0.165 
118 OmyJC19ROGR    (1)    2 :  0.099 0.633 0.091 0.092 0.061 0.024 
119 OmyJC19ROGR    (3)    2 :  0.053 0.118 0.389 0.298 0.094 0.049 
120 OmyJC19ROGR    (1)    2 :  0.813 0.067 0.049 0.028 0.030 0.013 
121 OmyJC19ROGR    (0)    2 :  0.026 0.289 0.140 0.198 0.304 0.043 
122 OmyJC19ROGR    (1)    2 :  0.142 0.478 0.065 0.148 0.125 0.043 
123 OmyJC19ROGR    (1)    2 :  0.159 0.231 0.240 0.169 0.186 0.015 
124 OmyJC19ROGR    (0)    2 :  0.026 0.088 0.135 0.065 0.603 0.083 
125 OmyJC19ROGR    (1)    2 :  0.456 0.081 0.052 0.070 0.262 0.080 
126 OmyJC19ROGR    (1)    2 :  0.034 0.062 0.088 0.064 0.098 0.655 
127 OmyJC19ROGR    (1)    2 :  0.040 0.037 0.454 0.371 0.060 0.037 
128 OmyJC19ROGR    (1)    2 :  0.653 0.074 0.158 0.046 0.043 0.025 
129 OmyJC19ROGR    (1)    2 :  0.092 0.303 0.066 0.235 0.106 0.198 
130 OmyJC19ROGR    (1)    2 :  0.023 0.305 0.099 0.079 0.449 0.044 
131 OmyJC19ROGR    (1)    2 :  0.116 0.410 0.157 0.094 0.160 0.062 
132 OmyJC19ROGR    (1)    2 :  0.468 0.133 0.154 0.085 0.123 0.037 
133 OmyJC19ROGR    (1)    2 :  0.048 0.450 0.194 0.119 0.172 0.018 
134 OmyJC19ROGR    (1)    2 :  0.046 0.092 0.263 0.421 0.136 0.043 
135 OmyJC19ROGR    (1)    2 :  0.872 0.025 0.038 0.021 0.028 0.017 
136 OmyJC19ROGR    (3)    2 :  0.070 0.617 0.141 0.086 0.057 0.029 
137 OmyJC19ROGR    (1)    2 :  0.044 0.062 0.112 0.305 0.330 0.147 
138 OmyJC19ROGR    (1)    2 :  0.021 0.129 0.064 0.048 0.073 0.666 
139 OmyJC19ROGR    (2)    2 :  0.047 0.282 0.081 0.199 0.375 0.017 
140 OmyJC19ROGR    (3)    2 :  0.037 0.139 0.082 0.569 0.093 0.079 
141 OmyJC19ROGR    (0)    2 :  0.119 0.093 0.063 0.303 0.060 0.361 
142 OmyJC19ROGR    (1)    2 :  0.173 0.132 0.155 0.146 0.116 0.278 
143 OmyJC19ROGR    (0)    2 :  0.643 0.097 0.097 0.043 0.076 0.044 
144 OmyJC19ROGR    (1)    2 :  0.053 0.120 0.067 0.311 0.438 0.011 
145 OmyJC19ROGR    (1)    2 :  0.031 0.119 0.412 0.064 0.351 0.022 
146 OmyJC19ROGR    (2)    2 :  0.557 0.128 0.090 0.107 0.066 0.052 
147 OmyJC19ROGR    (1)    2 :  0.099 0.113 0.482 0.208 0.065 0.032 
148 OmyJC19ROGR    (1)    2 :  0.124 0.046 0.442 0.172 0.204 0.012 
149 OmyJC19ROGR    (2)    2 :  0.288 0.092 0.244 0.219 0.101 0.056 
150 OmyJC19ROGR    (2)    2 :  0.357 0.274 0.115 0.149 0.072 0.034 
151 OmyJC19ROGR    (1)    2 :  0.103 0.225 0.070 0.449 0.086 0.065 
152 OmyJC19ROGR    (0)    2 :  0.101 0.110 0.372 0.078 0.295 0.045 
153 OmyJC19ROGR    (1)    2 :  0.841 0.033 0.030 0.039 0.032 0.026 
154 OmyJC19ROGR    (2)    2 :  0.030 0.160 0.279 0.247 0.238 0.047 
155 OmyJC19ROGR    (1)    2 :  0.168 0.145 0.080 0.389 0.157 0.062 
156 OmyJC19ROGR    (1)    2 :  0.124 0.075 0.123 0.321 0.266 0.091 
157 OmyJC19ROGR    (0)    2 :  0.181 0.256 0.110 0.072 0.327 0.056 
158 OmyJC19ROGR    (2)    2 :  0.067 0.566 0.216 0.092 0.046 0.013 
159 OmyJC19ROGR    (1)    2 :  0.031 0.251 0.256 0.251 0.174 0.037 
160 OmyJC19ROGR    (0)    2 :  0.135 0.026 0.153 0.473 0.177 0.035 
161 OmyJC19ROGR    (1)    2 :  0.313 0.185 0.127 0.151 0.202 0.022 
162 OmyJC19ROGR    (1)    2 :  0.187 0.131 0.302 0.197 0.132 0.051 
163 OmyJC19ROGR    (1)    2 :  0.545 0.056 0.159 0.080 0.128 0.034 
164 OmyJC19ROGR    (1)    2 :  0.057 0.183 0.410 0.178 0.152 0.020 
165 OmyJC19ROGR    (0)    2 :  0.152 0.083 0.271 0.103 0.373 0.018 
166 OmyJC19ROGR    (0)    2 :  0.040 0.161 0.079 0.111 0.576 0.033 
167 OmyJC19ROGR    (2)    2 :  0.238 0.178 0.175 0.147 0.191 0.071 
168 OmyJC19ROGR    (0)    2 :  0.037 0.775 0.057 0.063 0.030 0.038 
169 OmyJC19ROGR    (1)    2 :  0.013 0.018 0.020 0.023 0.014 0.912 
170 OmyJC19ROGR    (1)    2 :  0.549 0.055 0.158 0.077 0.116 0.045 
171 OmyJC19ROGR    (1)    2 :  0.093 0.161 0.347 0.154 0.220 0.024 
172 OmyJC19ROGR    (0)    2 :  0.251 0.118 0.171 0.073 0.048 0.340 
173 OmyJC19ROGR    (1)    2 :  0.021 0.026 0.036 0.024 0.025 0.867 
174 OmyJC19ROGR    (0)    2 :  0.083 0.139 0.122 0.079 0.551 0.027 
175 OmyJC19ROGR    (1)    2 :  0.045 0.632 0.079 0.116 0.110 0.019 
176 OmyJC19ROGR    (1)    2 :  0.512 0.076 0.211 0.128 0.035 0.037 
177 OmyJC19ROGR    (1)    2 :  0.747 0.031 0.081 0.035 0.096 0.011 
178 OmyJC19ROGR    (0)    2 :  0.018 0.088 0.409 0.266 0.186 0.034 
179 OmyJC19ROGR    (1)    2 :  0.414 0.120 0.151 0.151 0.147 0.018 
180 OmyJC19ROGR    (1)    2 :  0.046 0.059 0.027 0.044 0.036 0.788 
181 OmyJC19ROGR    (1)    2 :  0.039 0.095 0.279 0.213 0.346 0.028 
182 OmyJC19ROGR    (1)    2 :  0.044 0.128 0.073 0.517 0.131 0.107 
183 OmyJC19ROGR    (1)    2 :  0.082 0.083 0.109 0.311 0.392 0.023 
184 OmyJC19ROGR    (1)    2 :  0.080 0.075 0.162 0.154 0.046 0.483 
185 OmyJC19ROGR    (2)    2 :  0.026 0.873 0.022 0.050 0.023 0.006 
186 OmyJC19ROGR    (1)    2 :  0.439 0.262 0.062 0.062 0.087 0.087 
187 OmyJC19ROGR    (0)    2 :  0.041 0.069 0.085 0.059 0.728 0.018 
188 OmyJC19ROGR    (1)    2 :  0.095 0.289 0.188 0.146 0.231 0.051 
189 OmyJC19ROGR    (0)    2 :  0.243 0.257 0.163 0.117 0.094 0.126 
190 OmyJC19ROGR    (0)    2 :  0.491 0.093 0.245 0.071 0.061 0.039 
191 OmyJC19ROGR    (2)    2 :  0.537 0.085 0.111 0.063 0.176 0.027 
192 OmyJC19ROGR    (1)    2 :  0.018 0.078 0.570 0.266 0.038 0.030 
193 OmyJC19ROGR    (1)    2 :  0.076 0.307 0.210 0.171 0.156 0.080 
194 OmyJC19ROGR    (0)    2 :  0.040 0.073 0.517 0.323 0.037 0.011 
195 OmyJC19ROGR    (1)    2 :  0.017 0.046 0.064 0.047 0.049 0.777 
196 OmyJC19ROGR    (1)    2 :  0.019 0.073 0.034 0.051 0.804 0.020 
197 OmyJC19ROGR    (1)    2 :  0.323 0.062 0.065 0.336 0.171 0.042 
198 OmyJC19ROGR    (1)    2 :  0.040 0.051 0.099 0.049 0.033 0.728 
199 OmyJC19ROGR    (0)    2 :  0.052 0.358 0.083 0.222 0.262 0.023 
200 OmyJC19ROGR    (0)    2 :  0.638 0.200 0.038 0.033 0.058 0.034 
201 OmyJC19ROGR    (1)    2 :  0.055 0.071 0.470 0.143 0.243 0.018 
202 OmyJC19ROGR    (0)    2 :  0.778 0.059 0.065 0.050 0.039 0.011 
203 OmyJC19ROGR    (0)    2 :  0.076 0.057 0.188 0.186 0.467 0.025 
204 OmyJC19ROGR    (1)    2 :  0.093 0.050 0.369 0.267 0.183 0.038 
205 OmyJC19ROGR    (1)    2 :  0.044 0.084 0.304 0.042 0.440 0.085 
206 OmyJC19ROGR    (1)    2 :  0.034 0.061 0.043 0.024 0.019 0.819 
207 OmyJC19ROGR    (1)    2 :  0.055 0.183 0.300 0.067 0.205 0.189 
208 OmyJC19ROGR    (1)    2 :  0.043 0.124 0.256 0.330 0.217 0.030 
209 OmyJC19ROGR    (0)    2 :  0.125 0.145 0.078 0.075 0.061 0.517 
210 OmyJC19ROGR    (1)    2 :  0.013 0.022 0.013 0.027 0.033 0.892 
211 OmyJC19ROGR    (0)    2 :  0.041 0.589 0.086 0.111 0.073 0.101 
212 OmyJC19ROGR    (1)    2 :  0.316 0.056 0.236 0.081 0.124 0.187 
213 OmyJC19ROGR    (1)    2 :  0.058 0.082 0.085 0.110 0.646 0.019 
214 OmyJC19ROGR    (1)    2 :  0.030 0.036 0.503 0.037 0.364 0.030 
215 OmyJC19ROGR    (1)    2 :  0.044 0.069 0.099 0.730 0.041 0.017 
216 OmyJC19ROGR    (1)    2 :  0.020 0.040 0.027 0.040 0.069 0.804 
217 OmyJC19ROGR    (1)    2 :  0.061 0.052 0.249 0.210 0.106 0.322 
218 OmyJC19ROGR    (1)    2 :  0.422 0.086 0.089 0.083 0.299 0.022 
219 OmyJC19ROGR    (1)    2 :  0.026 0.099 0.115 0.544 0.143 0.073 
220 OmyJC19ROGR    (1)    2 :  0.094 0.360 0.380 0.073 0.083 0.010 
221 OmyJC19ROGR    (0)    2 :  0.045 0.204 0.138 0.042 0.346 0.225 
222 OmyJC19ROGR    (1)    2 :  0.148 0.099 0.144 0.322 0.257 0.030 
223 OmyJC19ROGR    (0)    2 :  0.078 0.138 0.224 0.177 0.338 0.045 
224 OmyJC19ROGR    (1)    2 :  0.067 0.212 0.197 0.398 0.104 0.021 
225 OmyJC19ROGR    (1)    2 :  0.015 0.022 0.019 0.019 0.014 0.910 
226 OmyJC19ROGR    (0)    2 :  0.026 0.617 0.038 0.117 0.093 0.109 
227 OmyJC19ROGR    (1)    2 :  0.026 0.025 0.017 0.020 0.034 0.878 
228 OmyJC19ROGR    (1)    2 :  0.036 0.079 0.105 0.256 0.486 0.039 
229 OmyJC19ROGR    (2)    2 :  0.125 0.148 0.138 0.089 0.469 0.031 
230 OmyJC19ROGR    (1)    2 :  0.136 0.065 0.356 0.076 0.219 0.148 
231 OmyJC19ROGR    (1)    2 :  0.032 0.291 0.126 0.124 0.386 0.041 
232 OmyJC19ROGR    (2)    2 :  0.086 0.584 0.073 0.076 0.156 0.024 
233 OmyJC19ROGR    (1)    2 :  0.061 0.073 0.364 0.231 0.203 0.068 
234 OmyJC19ROGR    (1)    2 :  0.020 0.032 0.019 0.022 0.017 0.891 
235 OmyJC19ROGR    (0)    2 :  0.091 0.060 0.160 0.156 0.064 0.469 
236 OmyJC19ROGR    (1)    2 :  0.189 0.044 0.540 0.139 0.071 0.017 
237 OmyJC19ROGR    (1)    2 :  0.120 0.321 0.209 0.184 0.099 0.067 
238 OmyJC19ROGR    (0)    2 :  0.027 0.044 0.683 0.058 0.112 0.076 
239 OmyJC19ROGR    (1)    2 :  0.043 0.236 0.135 0.475 0.041 0.069 
240 OmyJC19ROGR    (1)    2 :  0.055 0.484 0.108 0.107 0.211 0.035 
241 OmyJC19ROGR    (0)    2 :  0.400 0.072 0.090 0.254 0.128 0.055 
242 OmyJC19ROGR    (1)    2 :  0.095 0.053 0.110 0.691 0.037 0.013 
243 OmyJC19ROGR    (1)    2 :  0.260 0.096 0.141 0.139 0.329 0.035 
244 OmyJC19ROGR    (1)    2 :  0.187 0.074 0.166 0.133 0.396 0.045 
245 OmyJC19ROGR    (0)    2 :  0.015 0.026 0.015 0.014 0.015 0.915 
246 OmyJC19ROGR    (1)    2 :  0.595 0.057 0.090 0.042 0.061 0.156 
247 OmyJC19ROGR    (0)    2 :  0.096 0.035 0.217 0.094 0.131 0.427 
248 OmyJC19ROGR    (1)    2 :  0.045 0.259 0.045 0.097 0.065 0.489 
249 OmyJC19ROGR    (1)    2 :  0.034 0.334 0.193 0.102 0.298 0.039 
250 OmyJC19ROGR    (0)    2 :  0.097 0.138 0.200 0.309 0.174 0.082 
251 OmyJC19ROGR    (1)    2 :  0.061 0.145 0.233 0.066 0.457 0.037 
252 OmyJC19ROGR    (0)    2 :  0.764 0.047 0.044 0.038 0.080 0.028 
253 OmyJC19ROGR    (0)    2 :  0.032 0.307 0.109 0.386 0.107 0.059 
254 OmyJC19ROGR    (1)    2 :  0.314 0.104 0.122 0.183 0.241 0.037 
255 OmyJC19ROGR    (1)    2 :  0.435 0.169 0.077 0.030 0.262 0.027 
256 OmyJC19ROGR    (1)    2 :  0.291 0.064 0.130 0.044 0.228 0.243 
257 OmyJC19ROGR    (0)    2 :  0.049 0.210 0.147 0.084 0.455 0.056 
258 OmyAC19ROGR    (1)    1 :  0.098 0.206 0.059 0.279 0.209 0.150 
259 OmyAC19ROGR    (2)    1 :  0.081 0.152 0.106 0.179 0.053 0.430 
260 OmyAC19ROGR    (1)    1 :  0.051 0.085 0.075 0.708 0.064 0.019 
261 OmyAC19ROGR    (0)    1 :  0.031 0.224 0.196 0.317 0.195 0.037 
262 OmyAC19ROGR    (1)    1 :  0.136 0.251 0.157 0.180 0.168 0.108 
263 OmyAC19ROGR    (0)    1 :  0.351 0.030 0.312 0.088 0.193 0.025 
264 OmyAC19ROGR    (1)    1 :  0.049 0.063 0.167 0.228 0.447 0.046 
265 OmyAC19ROGR    (1)    1 :  0.102 0.188 0.371 0.151 0.157 0.031 
266 OmyAC19ROGR    (1)    1 :  0.034 0.142 0.099 0.073 0.639 0.013 
267 OmyAC19ROGR    (1)    1 :  0.058 0.269 0.254 0.165 0.142 0.111 
268 OmyAC19ROGR    (2)    1 :  0.290 0.158 0.208 0.116 0.122 0.107 
269 OmyAC19ROGR    (1)    1 :  0.048 0.290 0.115 0.271 0.128 0.148 
270 OmyAC19ROGR    (1)    1 :  0.417 0.211 0.094 0.034 0.218 0.025 
271 OmyAC19ROGR    (1)    1 :  0.055 0.236 0.135 0.168 0.105 0.302 
272 OmyAC19ROGR    (0)    1 :  0.028 0.081 0.140 0.192 0.388 0.170 
273 OmyAC19ROGR    (0)    1 :  0.075 0.087 0.133 0.572 0.097 0.036 
274 OmyAC19ROGR    (1)    1 :  0.025 0.106 0.032 0.049 0.051 0.737 
275 OmyAC19ROGR    (1)    1 :  0.181 0.112 0.268 0.228 0.117 0.095 
276 OmyAC19ROGR    (1)    1 :  0.050 0.130 0.290 0.376 0.107 0.046 
277 OmyAC19ROGR    (1)    1 :  0.029 0.197 0.084 0.379 0.262 0.049 
278 OmyAC19ROGR    (1)    1 :  0.034 0.095 0.411 0.090 0.139 0.231 
279 OmyAC19ROGR    (0)    1 :  0.034 0.063 0.192 0.520 0.066 0.126 
280 OmyAC19ROGR    (1)    1 :  0.172 0.632 0.045 0.033 0.057 0.060 
281 OmyAC19ROGR    (1)    1 :  0.034 0.449 0.172 0.192 0.114 0.039 
282 OmyAC19ROGR    (1)    1 :  0.086 0.382 0.136 0.106 0.126 0.164 
283 OmyAC19ROGR    (1)    1 :  0.062 0.170 0.234 0.278 0.213 0.043 
284 OmyAC19ROGR    (0)    1 :  0.100 0.049 0.081 0.140 0.612 0.019 
285 OmyAC19ROGR    (1)    1 :  0.259 0.090 0.231 0.274 0.108 0.038 
286 OmyAC19ROGR    (1)    1 :  0.083 0.088 0.247 0.316 0.249 0.017 
287 OmyAC19ROGR    (1)    1 :  0.010 0.011 0.009 0.011 0.008 0.950 
288 OmyAC19ROGR    (1)    1 :  0.034 0.055 0.114 0.032 0.033 0.732 
289 OmyAC19ROGR    (1)    1 :  0.040 0.076 0.108 0.585 0.116 0.076 
290 OmyAC19ROGR    (1)    1 :  0.020 0.019 0.015 0.016 0.020 0.909 
291 OmyAC19ROGR    (1)    1 :  0.124 0.079 0.202 0.069 0.158 0.369 
292 OmyAC19ROGR    (1)    1 :  0.049 0.391 0.051 0.174 0.125 0.211 
293 OmyAC19ROGR    (1)    1 :  0.588 0.123 0.108 0.082 0.070 0.029 
294 OmyAC19ROGR    (1)    1 :  0.035 0.091 0.120 0.462 0.153 0.139 
295 OmyAC19ROGR    (0)    1 :  0.110 0.053 0.058 0.552 0.211 0.017 
296 OmyAC19ROGR    (0)    1 :  0.090 0.118 0.287 0.276 0.202 0.026 
297 OmyAC19ROGR    (1)    1 :  0.024 0.052 0.041 0.065 0.058 0.760 
298 OmyAC19ROGR    (0)    1 :  0.030 0.076 0.247 0.478 0.148 0.020 
299 OmyAC19ROGR    (1)    1 :  0.279 0.054 0.292 0.138 0.065 0.172 
300 OmyAC19ROGR    (1)    1 :  0.037 0.617 0.110 0.148 0.061 0.027 
301 OmyAC19ROGR    (0)    1 :  0.015 0.030 0.021 0.026 0.039 0.870 
302 OmyAC19ROGR    (1)    1 :  0.044 0.068 0.226 0.125 0.122 0.415 
303 OmyAC19ROGR    (1)    1 :  0.041 0.343 0.106 0.301 0.090 0.121 
304 OmyAC19ROGR    (1)    1 :  0.074 0.253 0.269 0.218 0.056 0.130 
305 OmyAC19ROGR    (1)    1 :  0.068 0.107 0.498 0.210 0.095 0.022 
306 OmyAC19ROGR    (1)    1 :  0.016 0.050 0.034 0.089 0.240 0.572 
307 OmyAC19ROGR    (2)    1 :  0.114 0.516 0.205 0.061 0.086 0.018 
308 OmyAC19ROGR    (0)    1 :  0.044 0.372 0.188 0.165 0.146 0.085 
309 OmyAC19ROGR    (2)    1 :  0.019 0.024 0.018 0.029 0.021 0.890 
310 OmyAC19ROGR    (0)    1 :  0.043 0.274 0.129 0.095 0.088 0.371 
311 OmyAC19ROGR    (0)    1 :  0.036 0.054 0.162 0.234 0.065 0.449 
312 OmyAC19ROGR    (0)    1 :  0.524 0.117 0.167 0.088 0.074 0.029 
313 OmyAC19ROGR    (1)    1 :  0.088 0.104 0.503 0.092 0.198 0.014 
314 OmyAC19ROGR    (0)    1 :  0.583 0.072 0.130 0.086 0.093 0.037 
315 OmyAC19ROGR    (1)    1 :  0.062 0.156 0.182 0.104 0.449 0.048 
316 OmyAC19ROGR    (1)    1 :  0.062 0.150 0.410 0.142 0.213 0.023 
317 OmyAC19ROGR    (1)    1 :  0.209 0.457 0.103 0.148 0.044 0.039 
318 OmyAC19ROGR    (1)    1 :  0.391 0.152 0.121 0.103 0.211 0.023 
319 OmyAC19ROGR    (1)    1 :  0.100 0.058 0.265 0.384 0.178 0.015 
320 OmyAC19ROGR    (0)    1 :  0.049 0.053 0.418 0.119 0.352 0.010 
321 OmyAC19ROGR    (1)    1 :  0.040 0.491 0.142 0.156 0.148 0.021 
322 OmyAC19ROGR    (0)    1 :  0.046 0.228 0.062 0.294 0.100 0.270 
323 OmyAC19ROGR    (1)    1 :  0.020 0.060 0.177 0.334 0.389 0.021 
324 OmyAC19ROGR    (1)    1 :  0.071 0.093 0.060 0.091 0.668 0.018 
325 OmyAC19ROGR    (1)    1 :  0.029 0.363 0.072 0.084 0.121 0.331 
326 OmyAC19ROGR    (1)    1 :  0.047 0.180 0.220 0.166 0.343 0.045 
327 OmyAC19ROGR    (1)    1 :  0.095 0.039 0.144 0.287 0.406 0.029 
328 OmyJC18ROGR    (1)    2 :  0.608 0.046 0.102 0.090 0.122 0.032 
329 OmyJC18ROGR    (0)    2 :  0.048 0.170 0.221 0.179 0.347 0.034 
330 OmyJC18ROGR    (0)    2 :  0.022 0.286 0.042 0.179 0.419 0.051 
331 OmyJC18ROGR    (1)    2 :  0.053 0.061 0.112 0.075 0.093 0.606 
332 OmyJC18ROGR    (1)    2 :  0.060 0.050 0.062 0.087 0.043 0.698 
333 OmyJC18ROGR    (1)    2 :  0.016 0.065 0.045 0.047 0.021 0.805 
334 OmyJC18ROGR    (1)    2 :  0.121 0.112 0.084 0.137 0.375 0.171 
335 OmyJC18ROGR    (0)    2 :  0.357 0.246 0.189 0.082 0.109 0.016 
336 OmyJC18ROGR    (1)    2 :  0.020 0.023 0.030 0.042 0.027 0.857 
337 OmyJC18ROGR    (1)    2 :  0.033 0.088 0.124 0.547 0.181 0.027 
338 OmyJC18ROGR    (1)    2 :  0.015 0.037 0.059 0.032 0.034 0.824 
339 OmyJC18ROGR    (1)    2 :  0.024 0.101 0.078 0.443 0.316 0.037 
340 OmyJC18ROGR    (0)    2 :  0.485 0.073 0.114 0.100 0.104 0.124 
341 OmyJC18ROGR    (1)    2 :  0.144 0.032 0.421 0.253 0.138 0.012 
342 OmyJC18ROGR    (2)    2 :  0.050 0.283 0.090 0.169 0.098 0.310 
343 OmyJC18ROGR    (2)    2 :  0.161 0.164 0.218 0.056 0.114 0.287 
344 OmyJC18ROGR    (3)    2 :  0.069 0.182 0.109 0.202 0.053 0.385 
345 OmyJC18ROGR    (2)    2 :  0.083 0.070 0.076 0.045 0.098 0.629 
346 OmyJC18ROGR    (4)    2 :  0.021 0.294 0.065 0.046 0.558 0.017 
347 OmyJC18ROGR    (3)    2 :  0.034 0.062 0.208 0.530 0.134 0.032 
348 OmyJC18ROGR    (1)    2 :  0.046 0.664 0.074 0.048 0.068 0.101 
349 OmyJC18ROGR    (1)    2 :  0.028 0.308 0.373 0.186 0.078 0.028 
350 OmyJC18ROGR    (1)    2 :  0.026 0.064 0.595 0.253 0.041 0.020 
351 OmyJC18ROGR    (0)    2 :  0.026 0.063 0.082 0.135 0.022 0.672 
352 OmyJC18ROGR    (4)    2 :  0.044 0.039 0.489 0.074 0.071 0.282 
353 OmyJC18ROGR    (2)    2 :  0.103 0.125 0.125 0.131 0.378 0.136 
354 OmyJC18ROGR    (1)    2 :  0.026 0.151 0.086 0.207 0.478 0.052 
355 OmyJC18ROGR    (2)    2 :  0.046 0.345 0.090 0.077 0.415 0.026 
356 OmyJC18ROGR    (1)    2 :  0.377 0.083 0.325 0.078 0.105 0.031 
357 OmyJC18ROGR    (2)    2 :  0.215 0.043 0.034 0.037 0.042 0.629 
358 OmyJC18ROGR    (2)    2 :  0.271 0.113 0.068 0.314 0.223 0.011 
359 OmyJC18ROGR    (3)    2 :  0.065 0.320 0.120 0.368 0.069 0.058 
360 OmyJC18ROGR    (0)    2 :  0.313 0.242 0.093 0.140 0.171 0.040 
361 OmyJC18ROGR    (1)    2 :  0.042 0.061 0.095 0.134 0.654 0.013 
362 OmyJC18ROGR    (1)    2 :  0.057 0.070 0.124 0.164 0.442 0.143 
363 OmyJC18ROGR    (2)    2 :  0.156 0.085 0.190 0.205 0.197 0.167 
364 OmyJC18ROGR    (3)    2 :  0.045 0.208 0.174 0.477 0.078 0.018 
365 OmyJC18ROGR    (4)    2 :  0.030 0.211 0.236 0.316 0.179 0.028 
366 OmyJC18ROGR    (4)    2 :  0.270 0.135 0.408 0.081 0.082 0.024 
367 OmyJC18ROGR    (3)    2 :  0.025 0.047 0.063 0.044 0.096 0.725 
368 OmyJC18ROGR    (3)    2 :  0.047 0.143 0.240 0.186 0.078 0.306 
369 OmyJC18ROGR    (2)    2 :  0.158 0.614 0.045 0.054 0.070 0.059 
370 OmyJC18ROGR    (3)    2 :  0.045 0.387 0.283 0.057 0.187 0.040 
371 OmyJC18ROGR    (1)    2 :  0.082 0.156 0.119 0.407 0.211 0.025 
372 OmyJC18ROGR    (3)    2 :  0.067 0.307 0.143 0.284 0.137 0.061 
373 OmyJC18ROGR    (5)    2 :  0.542 0.074 0.074 0.103 0.145 0.062 
374 OmyJC18ROGR    (5)    2 :  0.766 0.056 0.058 0.072 0.033 0.014 
375 OmyJC18ROGR    (3)    2 :  0.038 0.441 0.166 0.122 0.169 0.065 
376 OmyJC18ROGR    (3)    2 :  0.014 0.024 0.041 0.035 0.026 0.861 
377 OmyJC18ROGR    (4)    2 :  0.286 0.207 0.100 0.085 0.125 0.196 
378 OmyJC18ROGR    (0)    2 :  0.140 0.117 0.248 0.356 0.095 0.044 
379 OmyJC18ROGR    (5)    2 :  0.105 0.113 0.235 0.185 0.275 0.086 
380 OmyJC18ROGR    (4)    2 :  0.114 0.297 0.050 0.177 0.255 0.107 
381 OmyJC18ROGR    (1)    2 :  0.065 0.277 0.099 0.456 0.069 0.034 
382 OmyJC18ROGR    (1)    2 :  0.070 0.084 0.479 0.160 0.180 0.028 
383 OmyJC18ROGR    (3)    2 :  0.045 0.177 0.068 0.137 0.194 0.379 
384 OmyJC18ROGR    (2)    2 :  0.020 0.023 0.581 0.193 0.065 0.118 
385 OmyJC18ROGR    (4)    2 :  0.027 0.051 0.123 0.204 0.559 0.035 
386 OmyJC18ROGR    (2)    2 :  0.031 0.088 0.123 0.389 0.083 0.285 
387 OmyJC18ROGR    (1)    2 :  0.231 0.156 0.143 0.142 0.081 0.248 
388 OmyJC18ROGR    (6)    2 :  0.215 0.458 0.112 0.094 0.090 0.031 
389 OmyJC18ROGR    (1)    2 :  0.039 0.106 0.207 0.261 0.288 0.098 
390 OmyJC18ROGR    (1)    2 :  0.061 0.141 0.181 0.339 0.224 0.054 
391 OmyJC18ROGR    (3)    2 :  0.043 0.042 0.023 0.024 0.017 0.852 
392 OmyJC18ROGR    (2)    2 :  0.212 0.376 0.149 0.093 0.138 0.032 
393 OmyJC18ROGR    (4)    2 :  0.687 0.065 0.055 0.028 0.089 0.076 
394 OmyJC18ROGR    (3)    2 :  0.021 0.054 0.113 0.042 0.041 0.729 
395 OmyJC18ROGR    (7)    2 :  0.270 0.328 0.093 0.053 0.113 0.143 
396 OmyJC18ROGR    (4)    2 :  0.163 0.042 0.141 0.059 0.062 0.533 
397 OmyJC18ROGR    (1)    2 :  0.082 0.252 0.302 0.123 0.203 0.038 
398 OmyJC18ROGR    (3)    2 :  0.093 0.144 0.080 0.168 0.346 0.169 
399 OmyJC18ROGR    (2)    2 :  0.176 0.272 0.122 0.073 0.097 0.259 
400 OmyJC18ROGR    (0)    2 :  0.068 0.096 0.247 0.171 0.378 0.041 
401 OmyJC18ROGR    (6)    2 :  0.640 0.076 0.038 0.072 0.127 0.047 
402 OmyJC18ROGR    (5)    2 :  0.347 0.199 0.060 0.057 0.147 0.189 
403 OmyJC18ROGR    (1)    2 :  0.139 0.450 0.051 0.133 0.128 0.099 
404 OmyJC18ROGR    (2)    2 :  0.029 0.186 0.121 0.430 0.146 0.087 
405 OmyJC18ROGR    (3)    2 :  0.068 0.197 0.260 0.297 0.154 0.024 
406 OmyJC18ROGR    (2)    2 :  0.032 0.280 0.080 0.337 0.246 0.025 
407 OmyJC18ROGR    (2)    2 :  0.215 0.054 0.296 0.263 0.083 0.089 
408 OmyJC18ROGR    (2)    2 :  0.205 0.121 0.401 0.086 0.121 0.066 
409 OmyJC18ROGR    (1)    2 :  0.213 0.243 0.166 0.078 0.272 0.028 
410 OmyJC18ROGR    (1)    2 :  0.039 0.068 0.491 0.083 0.299 0.021 
411 OmyJC18ROGR    (1)    2 :  0.044 0.114 0.114 0.129 0.575 0.024 
412 OmyJC18ROGR    (0)    2 :  0.027 0.217 0.205 0.412 0.119 0.020 
413 OmyJC18ROGR    (1)    2 :  0.027 0.132 0.158 0.074 0.576 0.033 
414 OmyJC18ROGR    (2)    2 :  0.045 0.134 0.129 0.523 0.153 0.016 
415 OmyJC18ROGR    (2)    2 :  0.109 0.248 0.072 0.063 0.491 0.016 
416 OmyJC18ROGR    (3)    2 :  0.052 0.234 0.132 0.251 0.280 0.051 
417 OmyJC18ROGR    (1)    2 :  0.283 0.058 0.080 0.237 0.308 0.034 
418 OmyJC18ROGR    (0)    2 :  0.607 0.064 0.067 0.042 0.193 0.028 
419 OmyJC18ROGR    (1)    2 :  0.225 0.223 0.144 0.171 0.218 0.020 
420 OmyJC18ROGR    (0)    2 :  0.021 0.089 0.104 0.110 0.651 0.025 
421 OmyJC18ROGR    (1)    2 :  0.056 0.216 0.257 0.319 0.097 0.056 
422 OmyJC18ROGR    (6)    2 :  0.022 0.813 0.044 0.042 0.053 0.026 
423 OmyJC18ROGR    (2)    2 :  0.086 0.126 0.126 0.077 0.547 0.038 
424 OmyJC18ROGR    (1)    2 :  0.123 0.059 0.152 0.052 0.437 0.177 
425 OmyJC18ROGR    (1)    2 :  0.041 0.172 0.318 0.074 0.166 0.229 
426 OmyJC18ROGR    (3)    2 :  0.097 0.339 0.140 0.081 0.317 0.025 
427 OmyJC18ROGR    (2)    2 :  0.013 0.060 0.067 0.236 0.059 0.564 
428 OmyJC18ROGR    (6)    2 :  0.023 0.037 0.057 0.043 0.826 0.014 
429 OmyJC18ROGR    (1)    2 :  0.020 0.126 0.102 0.412 0.214 0.126 
430 OmyJC18ROGR    (1)    2 :  0.101 0.549 0.089 0.116 0.067 0.079 
431 OmyJC18ROGR    (0)    2 :  0.030 0.112 0.089 0.095 0.639 0.035 
432 OmyJC18ROGR    (2)    2 :  0.039 0.056 0.057 0.060 0.036 0.752 
433 OmyJC18ROGR    (2)    2 :  0.559 0.131 0.050 0.140 0.060 0.061 
434 OmyJC18ROGR    (2)    2 :  0.038 0.058 0.065 0.427 0.332 0.080 
435 OmyJC18ROGR    (8)    2 :  0.115 0.071 0.241 0.096 0.416 0.062 
436 OmyJC18ROGR    (2)    2 :  0.090 0.255 0.106 0.053 0.470 0.025 
437 OmyJC18ROGR    (4)    2 :  0.141 0.293 0.099 0.200 0.239 0.028 
438 OmyJC18ROGR    (1)    2 :  0.719 0.085 0.043 0.029 0.076 0.048 
439 OmyJC18ROGR    (2)    2 :  0.065 0.200 0.059 0.178 0.049 0.448 
440 OmyJC18ROGR    (0)    2 :  0.724 0.064 0.023 0.035 0.050 0.104 
441 OmyJC18ROGR    (1)    2 :  0.033 0.152 0.290 0.429 0.067 0.029 
442 OmyJC18ROGR    (6)    2 :  0.069 0.593 0.187 0.055 0.031 0.065 
443 OmyJC18ROGR    (1)    2 :  0.036 0.054 0.193 0.569 0.131 0.016 
444 OmyJC18ROGR    (6)    2 :  0.249 0.126 0.281 0.061 0.242 0.040 
445 OmyJC18ROGR    (2)    2 :  0.143 0.227 0.186 0.082 0.308 0.054 
446 OmyJC18ROGR    (3)    2 :  0.178 0.039 0.253 0.086 0.201 0.243 
447 OmyJC18ROGR    (2)    2 :  0.071 0.283 0.337 0.153 0.080 0.076 
448 OmyJC18ROGR    (3)    2 :  0.044 0.076 0.272 0.417 0.151 0.040 
449 OmyJC18ROGR    (1)    2 :  0.078 0.111 0.297 0.353 0.134 0.026 
450 OmyJC18ROGR    (4)    2 :  0.195 0.079 0.143 0.044 0.400 0.139 
451 OmyJC18ROGR    (3)    2 :  0.090 0.088 0.306 0.372 0.118 0.026 
452 OmyJC18ROGR    (1)    2 :  0.026 0.113 0.066 0.584 0.165 0.046 
453 OmyJC18ROGR    (1)    2 :  0.019 0.067 0.365 0.236 0.298 0.015 
454 OmyJC18ROGR    (4)    2 :  0.303 0.152 0.156 0.241 0.108 0.039 
455 OmyJC18ROGR    (4)    2 :  0.101 0.037 0.083 0.336 0.081 0.363 
456 OmyJC18ROGR    (5)    2 :  0.044 0.081 0.134 0.071 0.576 0.094 
457 OmyJC18ROGR    (3)    2 :  0.327 0.325 0.099 0.075 0.150 0.024 
458 OmyJC18ROGR    (1)    2 :  0.102 0.055 0.437 0.080 0.292 0.034 
459 OmyJC18ROGR    (1)    2 :  0.018 0.028 0.039 0.036 0.050 0.829 
460 OmyJC18ROGR    (2)    2 :  0.026 0.065 0.338 0.146 0.398 0.027 
461 OmyJC18ROGR    (1)    2 :  0.069 0.040 0.044 0.103 0.040 0.704 
462 OmyJC18ROGR    (1)    2 :  0.148 0.434 0.200 0.113 0.094 0.011 
463 OmyJC18ROGR    (4)    2 :  0.051 0.214 0.287 0.308 0.098 0.041 
464 OmyJC18ROGR    (6)    2 :  0.177 0.405 0.109 0.131 0.164 0.015 
465 OmyJC18ROGR    (3)    2 :  0.386 0.068 0.125 0.076 0.315 0.032 
466 OmyJC18ROGR    (3)    2 :  0.288 0.066 0.167 0.285 0.131 0.062 
467 OmyJC18ROGR    (2)    2 :  0.034 0.653 0.041 0.160 0.078 0.034 
468 OmyJC18ROGR    (2)    2 :  0.090 0.172 0.181 0.105 0.439 0.012 
469 OmyJC18ROGR    (1)    2 :  0.018 0.016 0.021 0.015 0.026 0.904 
470 OmyJC18ROGR    (0)    2 :  0.402 0.059 0.068 0.226 0.050 0.194 
471 OmyJC18ROGR    (2)    2 :  0.061 0.082 0.140 0.078 0.586 0.053 
472 OmyJC18ROGR    (2)    2 :  0.016 0.120 0.105 0.064 0.686 0.008 
473 OmyJC18ROGR    (1)    2 :  0.050 0.385 0.137 0.165 0.217 0.045 
474 OmyJC18ROGR    (3)    2 :  0.047 0.079 0.168 0.112 0.547 0.046 
475 OmyJC18ROGR    (1)    2 :  0.246 0.210 0.129 0.191 0.158 0.066 
476 OmyJC18ROGR    (2)    2 :  0.068 0.301 0.121 0.247 0.239 0.025 
477 OmyJC18ROGR    (0)    2 :  0.170 0.399 0.171 0.066 0.131 0.062 
478 OmyJC18ROGR    (1)    2 :  0.043 0.071 0.268 0.266 0.305 0.047 
479 OmyJC18ROGR    (1)    2 :  0.164 0.391 0.121 0.076 0.209 0.039 
480 OmyJC18ROGR    (1)    2 :  0.037 0.118 0.162 0.252 0.371 0.060 
481 OmyJC18ROGR    (1)    2 :  0.041 0.190 0.531 0.062 0.145 0.031 
482 OmyJC18ROGR    (1)    2 :  0.222 0.295 0.272 0.092 0.093 0.027 
483 OmyJC18ROGR    (0)    2 :  0.108 0.089 0.608 0.080 0.093 0.022 
484 OmyJC18ROGR    (0)    2 :  0.039 0.153 0.399 0.318 0.038 0.054 
485 OmyJC18ROGR    (0)    2 :  0.309 0.221 0.107 0.176 0.167 0.021 
486 OmyJC18ROGR    (0)    2 :  0.087 0.075 0.248 0.208 0.343 0.039 
487 OmyJC18ROGR    (1)    2 :  0.464 0.316 0.062 0.096 0.039 0.022 
488 OmyJC18ROGR    (1)    2 :  0.220 0.188 0.174 0.138 0.230 0.050 
489 OmyJC18ROGR    (1)    2 :  0.031 0.121 0.094 0.621 0.100 0.034 
490 OmyJC18ROGR    (0)    2 :  0.025 0.143 0.268 0.250 0.298 0.015 
491 OmyJC18ROGR    (0)    2 :  0.486 0.088 0.256 0.079 0.051 0.040 
492 OmyJC18ROGR    (5)    2 :  0.072 0.046 0.040 0.048 0.030 0.765 
493 OmyJC18ROGR    (1)    2 :  0.113 0.452 0.062 0.122 0.073 0.178 
494 OmyJC18ROGR    (3)    2 :  0.077 0.052 0.108 0.217 0.517 0.029 
495 OmyJC18ROGR    (1)    2 :  0.116 0.285 0.142 0.083 0.300 0.074 
496 OmyJC18ROGR    (1)    2 :  0.021 0.040 0.120 0.139 0.610 0.069 
497 OmyJC18ROGR    (1)    2 :  0.134 0.166 0.068 0.172 0.444 0.015 
498 OmyJC18ROGR    (1)    2 :  0.195 0.109 0.456 0.122 0.081 0.038 
499 OmyJC18ROGR    (1)    2 :  0.144 0.103 0.345 0.189 0.190 0.028 
500 OmyJC18ROGR    (1)    2 :  0.026 0.152 0.205 0.166 0.371 0.081 
501 OmyJC18ROGR    (2)    2 :  0.293 0.235 0.239 0.053 0.160 0.020 
502 OmyJC18ROGR    (1)    2 :  0.300 0.103 0.238 0.119 0.071 0.168 
503 OmyJC18ROGR    (2)    2 :  0.131 0.104 0.507 0.083 0.100 0.075 
504 OmyJC18ROGR    (2)    2 :  0.488 0.208 0.060 0.102 0.082 0.061 
505 OmyJC18ROGR    (2)    2 :  0.052 0.021 0.056 0.223 0.601 0.047 
506 OmyJC18ROGR    (3)    2 :  0.090 0.072 0.116 0.104 0.579 0.038 
507 OmyJC18ROGR    (1)    2 :  0.035 0.337 0.207 0.087 0.256 0.078 
508 OmyJC18ROGR    (7)    2 :  0.056 0.129 0.155 0.105 0.533 0.022 
509 OmyJC18ROGR    (1)    2 :  0.217 0.128 0.124 0.227 0.163 0.141 
510 OmyJC18ROGR    (1)    2 :  0.014 0.014 0.015 0.014 0.015 0.928 
511 OmyJC18ROGR    (2)    2 :  0.564 0.062 0.121 0.066 0.075 0.112 
512 OmyJC18ROGR    (1)    2 :  0.395 0.063 0.243 0.092 0.189 0.017 
513 OmyJC18ROGR    (3)    2 :  0.027 0.570 0.083 0.131 0.170 0.020 
514 OmyJC18ROGR    (1)    2 :  0.808 0.022 0.076 0.031 0.038 0.024 
515 OmyJC18ROGR    (5)    2 :  0.047 0.532 0.158 0.102 0.140 0.021 
516 OmyJC18ROGR    (3)    2 :  0.349 0.061 0.099 0.080 0.127 0.284 
517 OmyJC18ROGR    (1)    2 :  0.278 0.086 0.421 0.121 0.081 0.013 
518 OmyJC18ROGR    (1)    2 :  0.194 0.072 0.095 0.112 0.058 0.469 
519 OmyJC18ROGR    (0)    2 :  0.166 0.129 0.096 0.059 0.476 0.074 
520 OmyJC18ROGR    (0)    2 :  0.119 0.193 0.131 0.490 0.043 0.025 
521 OmyJC18ROGR    (2)    2 :  0.055 0.601 0.078 0.052 0.169 0.046 
522 OmyJC18ROGR    (2)    2 :  0.071 0.082 0.079 0.162 0.343 0.262 
523 OmyJC18ROGR    (1)    2 :  0.250 0.148 0.047 0.241 0.101 0.212 
524 OmyJC18ROGR    (3)    2 :  0.081 0.051 0.109 0.235 0.427 0.097 
525 OmyJC18ROGR    (1)    2 :  0.125 0.357 0.096 0.335 0.055 0.032 
526 OmyJC18ROGR    (7)    2 :  0.042 0.277 0.207 0.219 0.243 0.013 
527 OmyJC18ROGR    (4)    2 :  0.054 0.066 0.100 0.349 0.373 0.058 
528 OmyJC18ROGR    (1)    2 :  0.167 0.056 0.404 0.266 0.091 0.016 
529 OmyJC18ROGR    (2)    2 :  0.037 0.153 0.404 0.094 0.286 0.027 
530 OmyJC18ROGR    (1)    2 :  0.245 0.333 0.115 0.037 0.226 0.044 
531 OmyJC18ROGR    (2)    2 :  0.064 0.073 0.184 0.555 0.095 0.029 
532 OmyJC18ROGR    (2)    2 :  0.052 0.466 0.098 0.066 0.304 0.014 
533 OmyJC18ROGR    (5)    2 :  0.033 0.031 0.024 0.036 0.020 0.856 
534 OmyJC18ROGR    (2)    2 :  0.071 0.073 0.324 0.090 0.372 0.071 
535 OmyJC18ROGR    (3)    2 :  0.283 0.203 0.153 0.192 0.125 0.044 
536 OmyJC18ROGR    (0)    2 :  0.049 0.175 0.117 0.257 0.321 0.080 
537 OmyJC18ROGR    (3)    2 :  0.044 0.068 0.109 0.457 0.176 0.146 
538 OmyJC18ROGR    (1)    2 :  0.103 0.417 0.077 0.119 0.261 0.024 
539 OmyJC18ROGR    (1)    2 :  0.280 0.064 0.118 0.289 0.214 0.035 
540 OmyJC18ROGR    (1)    2 :  0.066 0.374 0.265 0.098 0.161 0.037 
541 OmyJC18ROGR    (5)    2 :  0.210 0.083 0.122 0.380 0.195 0.011 
542 OmyJC18ROGR    (4)    2 :  0.052 0.248 0.167 0.296 0.166 0.071 
543 OmyJC18ROGR    (2)    2 :  0.258 0.138 0.275 0.110 0.206 0.012 
544 OmyJC18ROGR    (2)    2 :  0.151 0.539 0.033 0.073 0.170 0.033 
545 OmyJC18ROGR    (2)    2 :  0.118 0.294 0.194 0.095 0.074 0.225 
546 OmyJC18ROGR    (1)    2 :  0.238 0.104 0.259 0.164 0.206 0.030 
547 OmyJC18ROGR    (1)    2 :  0.144 0.188 0.288 0.139 0.200 0.041 
548 OmyJC18ROGR    (1)    2 :  0.028 0.048 0.064 0.065 0.107 0.687 
549 OmyJC18ROGR    (1)    2 :  0.090 0.102 0.338 0.239 0.030 0.201 
550 OmyJC18ROGR    (2)    2 :  0.045 0.130 0.184 0.203 0.217 0.222 
