

----------------------------------------------------
STRUCTURE by Pritchard, Stephens and Donnelly (2000)
     and Falush, Stephens and Pritchard (2003)
       Code by Pritchard, Falush and Hubisz
             Version 2.3.4 (Jul 2012)
----------------------------------------------------



Command line arguments:   bin/structure -m "/Users/ddayan/FRA/premature_migration/Rogue_Half-Pounder/rogue_half_pounder_repo/structure/halfpounder/10k_20k_adm_corr/mainparams" -e "/Users/ddayan/FRA/premature_migration/Rogue_Half-Pounder/rogue_half_pounder_repo/structure/halfpounder/10k_20k_adm_corr/extraparams" 
Input File:    /Users/ddayan/FRA/premature_migration/Rogue_Half-Pounder/rogue_half_pounder_repo/structure/halfpounder/project_data

Run parameters:
   882 individuals
   330 loci
   6 populations assumed
   10000 Burn-in period
   20000 Reps


--------------------------------------------
Proportion of membership of each pre-defined
 population in each of the 6 clusters

Given    Inferred Clusters                            Number of
 Pop       1      2      3      4      5      6      Individuals

  1:     0.144  0.163  0.163  0.166  0.191  0.173      157
  2:     0.151  0.171  0.171  0.171  0.161  0.174      643
  3:     0.064  0.262  0.229  0.228  0.177  0.040       40
  4:     0.677  0.054  0.067  0.084  0.083  0.036       42
--------------------------------------------

Allele-freq. divergence among pops (Net nucleotide distance),
computed using point estimates of P.

      1       2       3       4       5       6      
 1      -    0.0042  0.0031  0.0040  0.0037  0.0113  
 2   0.0042     -    0.0011  0.0014  0.0017  0.0085  
 3   0.0031  0.0011     -    0.0006  0.0013  0.0078  
 4   0.0040  0.0014  0.0006     -    0.0015  0.0082  
 5   0.0037  0.0017  0.0013  0.0015     -    0.0085  
 6   0.0113  0.0085  0.0078  0.0082  0.0085     -    

Average distances (expected heterozygosity) between individuals in same cluster:
cluster  1  : 0.2795 
cluster  2  : 0.2846 
cluster  3  : 0.2859 
cluster  4  : 0.2855 
cluster  5  : 0.2842 
cluster  6  : 0.2530 

--------------------------------------------
Estimated Ln Prob of Data   = -247768.2
Mean value of ln likelihood = -245861.7
Variance of ln likelihood   = 3812.9
Mean value of alpha         = 0.1425

Mean value of Fst_1         = 0.0280
Mean value of Fst_2         = 0.0145
Mean value of Fst_3         = 0.0104
Mean value of Fst_4         = 0.0144
Mean value of Fst_5         = 0.0165
Mean value of Fst_6         = 0.0733


Inferred ancestry of individuals:
        Label (%Miss) Pop:  Inferred clusters
  1 OmyAC19ROGR    (0)    1 :  0.215 0.226 0.252 0.103 0.193 0.011 
  2 OmyAC19ROGR    (1)    1 :  0.104 0.306 0.092 0.120 0.321 0.056 
  3 OmyAC19ROGR    (1)    1 :  0.121 0.421 0.124 0.045 0.248 0.041 
  4 OmyAC19ROGR    (1)    1 :  0.083 0.211 0.377 0.178 0.132 0.019 
  5 OmyAC19ROGR    (2)    1 :  0.013 0.015 0.011 0.013 0.007 0.942 
  6 OmyAC19ROGR    (1)    1 :  0.031 0.445 0.209 0.050 0.077 0.188 
  7 OmyAC19ROGR    (1)    1 :  0.126 0.145 0.069 0.405 0.091 0.164 
  8 OmyAC19ROGR    (0)    1 :  0.065 0.052 0.125 0.146 0.602 0.010 
  9 OmyAC19ROGR    (1)    1 :  0.115 0.387 0.177 0.058 0.142 0.121 
 10 OmyAC19ROGR    (1)    1 :  0.092 0.070 0.095 0.153 0.108 0.482 
 11 OmyAC19ROGR    (0)    1 :  0.092 0.301 0.364 0.112 0.060 0.071 
 12 OmyAC19ROGR    (0)    1 :  0.050 0.620 0.119 0.065 0.071 0.074 
 13 OmyAC19ROGR    (1)    1 :  0.103 0.057 0.190 0.269 0.362 0.019 
 14 OmyAC19ROGR    (1)    1 :  0.019 0.156 0.062 0.280 0.049 0.433 
 15 OmyAC19ROGR    (2)    1 :  0.031 0.088 0.151 0.282 0.035 0.413 
 16 OmyAC19ROGR    (1)    1 :  0.092 0.110 0.463 0.129 0.113 0.093 
 17 OmyAC19ROGR    (1)    1 :  0.013 0.170 0.122 0.149 0.479 0.068 
 18 OmyAC19ROGR    (2)    1 :  0.134 0.046 0.186 0.244 0.372 0.018 
 19 OmyAC19ROGR    (1)    1 :  0.069 0.028 0.303 0.410 0.159 0.031 
 20 OmyAC19ROGR    (1)    1 :  0.019 0.259 0.172 0.316 0.056 0.178 
 21 OmyAC19ROGR    (1)    1 :  0.060 0.065 0.161 0.160 0.374 0.180 
 22 OmyAC19ROGR    (1)    1 :  0.274 0.138 0.256 0.118 0.161 0.053 
 23 OmyAC19ROGR    (1)    1 :  0.086 0.232 0.146 0.055 0.359 0.123 
 24 OmyAC19ROGR    (1)    1 :  0.852 0.057 0.037 0.015 0.022 0.017 
 25 OmyAC19ROGR    (1)    1 :  0.046 0.079 0.217 0.329 0.169 0.162 
 26 OmyAC19ROGR    (1)    1 :  0.275 0.132 0.105 0.070 0.315 0.103 
 27 OmyAC19ROGR    (1)    1 :  0.033 0.158 0.379 0.330 0.062 0.038 
 28 OmyAC19ROGR    (1)    1 :  0.866 0.035 0.039 0.019 0.019 0.021 
 29 OmyAC19ROGR    (1)    1 :  0.070 0.195 0.227 0.200 0.266 0.043 
 30 OmyAC19ROGR    (1)    1 :  0.034 0.053 0.104 0.052 0.130 0.628 
 31 OmyAC19ROGR    (1)    1 :  0.107 0.183 0.198 0.126 0.359 0.027 
 32 OmyAC19ROGR    (1)    1 :  0.129 0.056 0.143 0.144 0.449 0.080 
 33 OmyAC19ROGR    (1)    1 :  0.295 0.196 0.152 0.111 0.128 0.118 
 34 OmyAC19ROGR    (1)    1 :  0.043 0.045 0.091 0.178 0.079 0.565 
 35 OmyAC19ROGR    (0)    1 :  0.109 0.061 0.104 0.135 0.510 0.081 
 36 OmyAC19ROGR    (1)    1 :  0.054 0.168 0.131 0.083 0.414 0.151 
 37 OmyAC19ROGR    (1)    1 :  0.488 0.090 0.140 0.156 0.059 0.067 
 38 OmyAC19ROGR    (1)    1 :  0.309 0.029 0.070 0.044 0.066 0.481 
 39 OmyAC19ROGR    (1)    1 :  0.025 0.047 0.040 0.129 0.680 0.078 
 40 OmyAC19ROGR    (0)    1 :  0.027 0.377 0.097 0.222 0.044 0.233 
 41 OmyAC19ROGR    (1)    1 :  0.062 0.232 0.150 0.445 0.083 0.027 
 42 OmyAC19ROGR    (1)    1 :  0.015 0.038 0.041 0.048 0.051 0.808 
 43 OmyAC19ROGR    (1)    1 :  0.125 0.320 0.091 0.091 0.346 0.028 
 44 OmyAC19ROGR    (7)    1 :  0.054 0.292 0.173 0.066 0.380 0.034 
 45 OmyAC19ROGR    (2)    1 :  0.249 0.159 0.149 0.056 0.070 0.317 
 46 OmyAC19ROGR    (1)    1 :  0.268 0.083 0.252 0.173 0.179 0.046 
 47 OmyAC19ROGR    (0)    1 :  0.702 0.085 0.073 0.053 0.035 0.052 
 48 OmyAC19ROGR    (1)    1 :  0.084 0.349 0.163 0.109 0.266 0.029 
 49 OmyAC19ROGR    (0)    1 :  0.236 0.161 0.187 0.248 0.137 0.031 
 50 OmyAC19ROGR    (1)    1 :  0.022 0.079 0.131 0.491 0.258 0.019 
 51 OmyAC19ROGR    (2)    1 :  0.061 0.052 0.092 0.063 0.039 0.692 
 52 OmyAC19ROGR    (1)    1 :  0.030 0.030 0.029 0.020 0.040 0.851 
 53 OmyAC19ROGR    (2)    1 :  0.603 0.172 0.075 0.057 0.070 0.024 
 54 OmyAC19ROGR    (1)    1 :  0.568 0.152 0.067 0.087 0.071 0.056 
 55 OmyAC19ROGR    (3)    1 :  0.040 0.110 0.133 0.138 0.502 0.078 
 56 OmyAC19ROGR    (1)    1 :  0.342 0.036 0.307 0.173 0.082 0.059 
 57 OmyAC19ROGR    (0)    1 :  0.572 0.088 0.113 0.075 0.133 0.019 
 58 OmyAC19ROGR    (1)    1 :  0.029 0.059 0.084 0.037 0.071 0.719 
 59 OmyAC19ROGR    (0)    1 :  0.499 0.136 0.110 0.133 0.102 0.020 
 60 OmyAC19ROGR    (2)    1 :  0.049 0.148 0.488 0.161 0.072 0.083 
 61 OmyAC19ROGR    (1)    1 :  0.311 0.081 0.238 0.262 0.069 0.039 
 62 OmyAC19ROGR    (1)    1 :  0.058 0.336 0.193 0.093 0.287 0.032 
 63 OmyAC19ROGR    (0)    1 :  0.336 0.144 0.161 0.068 0.092 0.199 
 64 OmyAC19ROGR    (3)    1 :  0.075 0.328 0.351 0.106 0.086 0.053 
 65 OmyAC19ROGR    (1)    1 :  0.062 0.102 0.311 0.209 0.274 0.043 
 66 OmyAC19ROGR    (4)    1 :  0.030 0.052 0.143 0.440 0.144 0.190 
 67 OmyAC19ROGR    (0)    1 :  0.207 0.079 0.318 0.312 0.060 0.024 
 68 OmyAC19ROGR    (2)    1 :  0.402 0.179 0.135 0.086 0.166 0.032 
 69 OmyAC19ROGR    (2)    1 :  0.466 0.035 0.121 0.063 0.125 0.190 
 70 OmyAC19ROGR    (1)    1 :  0.108 0.137 0.073 0.102 0.553 0.026 
 71 OmyAC19ROGR    (0)    1 :  0.069 0.135 0.168 0.144 0.461 0.022 
 72 OmyAC19ROGR    (5)    1 :  0.121 0.349 0.241 0.134 0.137 0.018 
 73 OmyAC19ROGR    (1)    1 :  0.134 0.052 0.068 0.082 0.476 0.188 
 74 OmyAC19ROGR    (1)    1 :  0.026 0.595 0.069 0.240 0.047 0.024 
 75 OmyAC19ROGR    (1)    1 :  0.288 0.047 0.185 0.221 0.173 0.086 
 76 OmyAC19ROGR    (1)    1 :  0.627 0.091 0.056 0.083 0.114 0.028 
 77 OmyAC19ROGR    (1)    1 :  0.014 0.019 0.018 0.015 0.010 0.923 
 78 OmyAC19ROGR    (1)    1 :  0.089 0.188 0.104 0.107 0.486 0.025 
 79 OmyAC19ROGR    (2)    1 :  0.053 0.049 0.103 0.106 0.660 0.030 
 80 OmyAC19ROGR    (2)    1 :  0.067 0.043 0.061 0.058 0.031 0.739 
 81 OmyAC19ROGR    (2)    1 :  0.077 0.244 0.117 0.116 0.062 0.384 
 82 OmyAC19ROGR    (1)    1 :  0.530 0.157 0.103 0.062 0.132 0.017 
 83 OmyAC19ROGR    (0)    1 :  0.162 0.079 0.165 0.237 0.316 0.040 
 84 OmyAC19ROGR    (1)    1 :  0.048 0.204 0.243 0.197 0.170 0.138 
 85 OmyAC19ROGR    (6)    1 :  0.081 0.081 0.122 0.159 0.537 0.021 
 86 OmyAC19ROGR    (1)    1 :  0.015 0.229 0.148 0.459 0.081 0.068 
 87 OmyAC19ROGR    (2)    1 :  0.212 0.304 0.173 0.179 0.108 0.024 
 88 OmyJC19ROGR    (0)    2 :  0.016 0.016 0.027 0.041 0.048 0.852 
 89 OmyJC19ROGR    (1)    2 :  0.054 0.070 0.107 0.435 0.289 0.044 
 90 OmyJC19ROGR    (1)    2 :  0.014 0.028 0.023 0.017 0.023 0.895 
 91 OmyJC19ROGR    (2)    2 :  0.319 0.242 0.128 0.203 0.097 0.010 
 92 OmyJC19ROGR    (1)    2 :  0.464 0.057 0.177 0.078 0.198 0.026 
 93 OmyJC19ROGR    (1)    2 :  0.833 0.031 0.037 0.032 0.053 0.014 
 94 OmyJC19ROGR    (1)    2 :  0.025 0.197 0.158 0.117 0.352 0.151 
 95 OmyJC19ROGR    (0)    2 :  0.024 0.196 0.072 0.098 0.433 0.178 
 96 OmyJC19ROGR    (2)    2 :  0.071 0.072 0.485 0.166 0.140 0.067 
 97 OmyJC19ROGR    (1)    2 :  0.749 0.023 0.041 0.025 0.051 0.111 
 98 OmyJC19ROGR    (0)    2 :  0.086 0.123 0.463 0.181 0.110 0.037 
 99 OmyJC19ROGR    (0)    2 :  0.291 0.059 0.430 0.094 0.055 0.071 
100 OmyJC19ROGR    (1)    2 :  0.047 0.089 0.086 0.056 0.697 0.026 
101 OmyJC19ROGR    (1)    2 :  0.093 0.082 0.073 0.071 0.168 0.513 
102 OmyJC19ROGR    (1)    2 :  0.027 0.060 0.446 0.345 0.057 0.066 
103 OmyJC19ROGR    (2)    2 :  0.107 0.094 0.156 0.190 0.303 0.150 
104 OmyJC19ROGR    (1)    2 :  0.394 0.118 0.108 0.085 0.273 0.023 
105 OmyJC19ROGR    (1)    2 :  0.475 0.118 0.166 0.038 0.018 0.185 
106 OmyJC19ROGR    (1)    2 :  0.033 0.013 0.013 0.015 0.010 0.917 
107 OmyJC19ROGR    (2)    2 :  0.073 0.060 0.531 0.242 0.040 0.053 
108 OmyJC19ROGR    (0)    2 :  0.163 0.142 0.383 0.175 0.094 0.042 
109 OmyJC19ROGR    (1)    2 :  0.018 0.115 0.344 0.272 0.092 0.160 
110 OmyJC19ROGR    (1)    2 :  0.441 0.091 0.148 0.063 0.107 0.151 
111 OmyJC19ROGR    (1)    2 :  0.314 0.111 0.318 0.109 0.100 0.048 
112 OmyJC19ROGR    (2)    2 :  0.036 0.139 0.409 0.165 0.189 0.061 
113 OmyJC19ROGR    (1)    2 :  0.038 0.096 0.100 0.172 0.124 0.470 
114 OmyJC19ROGR    (3)    2 :  0.045 0.086 0.130 0.150 0.560 0.029 
115 OmyJC19ROGR    (2)    2 :  0.287 0.543 0.053 0.029 0.047 0.041 
116 OmyJC19ROGR    (0)    2 :  0.047 0.167 0.100 0.097 0.533 0.055 
117 OmyJC19ROGR    (1)    2 :  0.033 0.129 0.133 0.161 0.390 0.153 
118 OmyJC19ROGR    (1)    2 :  0.106 0.047 0.123 0.271 0.428 0.024 
119 OmyJC19ROGR    (3)    2 :  0.032 0.105 0.270 0.432 0.119 0.042 
120 OmyJC19ROGR    (1)    2 :  0.827 0.037 0.050 0.042 0.033 0.011 
121 OmyJC19ROGR    (0)    2 :  0.022 0.177 0.107 0.257 0.397 0.039 
122 OmyJC19ROGR    (1)    2 :  0.152 0.210 0.124 0.264 0.202 0.048 
123 OmyJC19ROGR    (1)    2 :  0.170 0.159 0.283 0.169 0.206 0.013 
124 OmyJC19ROGR    (0)    2 :  0.031 0.608 0.098 0.068 0.094 0.101 
125 OmyJC19ROGR    (1)    2 :  0.510 0.136 0.058 0.051 0.181 0.063 
126 OmyJC19ROGR    (1)    2 :  0.048 0.099 0.081 0.055 0.074 0.642 
127 OmyJC19ROGR    (1)    2 :  0.039 0.038 0.349 0.503 0.026 0.045 
128 OmyJC19ROGR    (1)    2 :  0.596 0.039 0.177 0.078 0.084 0.025 
129 OmyJC19ROGR    (1)    2 :  0.045 0.050 0.065 0.137 0.569 0.135 
130 OmyJC19ROGR    (1)    2 :  0.021 0.521 0.081 0.067 0.257 0.052 
131 OmyJC19ROGR    (1)    2 :  0.096 0.142 0.132 0.080 0.494 0.057 
132 OmyJC19ROGR    (1)    2 :  0.474 0.115 0.162 0.145 0.073 0.032 
133 OmyJC19ROGR    (1)    2 :  0.043 0.103 0.177 0.109 0.548 0.019 
134 OmyJC19ROGR    (1)    2 :  0.042 0.096 0.130 0.605 0.081 0.045 
135 OmyJC19ROGR    (1)    2 :  0.878 0.029 0.038 0.020 0.021 0.014 
136 OmyJC19ROGR    (3)    2 :  0.100 0.090 0.191 0.280 0.310 0.028 
137 OmyJC19ROGR    (1)    2 :  0.030 0.359 0.107 0.297 0.057 0.149 
138 OmyJC19ROGR    (1)    2 :  0.020 0.084 0.063 0.048 0.115 0.669 
139 OmyJC19ROGR    (2)    2 :  0.034 0.135 0.052 0.067 0.700 0.011 
140 OmyJC19ROGR    (3)    2 :  0.039 0.091 0.113 0.221 0.450 0.085 
141 OmyJC19ROGR    (0)    2 :  0.099 0.064 0.103 0.156 0.235 0.342 
142 OmyJC19ROGR    (1)    2 :  0.162 0.119 0.224 0.145 0.083 0.266 
143 OmyJC19ROGR    (0)    2 :  0.591 0.072 0.132 0.044 0.113 0.047 
144 OmyJC19ROGR    (1)    2 :  0.029 0.059 0.028 0.065 0.806 0.013 
145 OmyJC19ROGR    (1)    2 :  0.031 0.452 0.376 0.059 0.064 0.018 
146 OmyJC19ROGR    (2)    2 :  0.456 0.073 0.114 0.127 0.184 0.046 
147 OmyJC19ROGR    (1)    2 :  0.058 0.074 0.409 0.388 0.036 0.034 
148 OmyJC19ROGR    (1)    2 :  0.156 0.155 0.410 0.207 0.056 0.015 
149 OmyJC19ROGR    (2)    2 :  0.234 0.072 0.259 0.242 0.138 0.055 
150 OmyJC19ROGR    (2)    2 :  0.329 0.061 0.207 0.225 0.127 0.051 
151 OmyJC19ROGR    (1)    2 :  0.063 0.039 0.060 0.154 0.625 0.058 
152 OmyJC19ROGR    (0)    2 :  0.098 0.358 0.305 0.143 0.046 0.049 
153 OmyJC19ROGR    (1)    2 :  0.846 0.023 0.055 0.035 0.020 0.022 
154 OmyJC19ROGR    (2)    2 :  0.032 0.205 0.194 0.394 0.134 0.041 
155 OmyJC19ROGR    (1)    2 :  0.185 0.209 0.123 0.197 0.223 0.064 
156 OmyJC19ROGR    (1)    2 :  0.145 0.230 0.152 0.308 0.064 0.101 
157 OmyJC19ROGR    (0)    2 :  0.144 0.380 0.110 0.100 0.216 0.051 
158 OmyJC19ROGR    (2)    2 :  0.103 0.066 0.404 0.235 0.177 0.016 
159 OmyJC19ROGR    (1)    2 :  0.031 0.320 0.242 0.271 0.105 0.031 
160 OmyJC19ROGR    (0)    2 :  0.151 0.157 0.213 0.375 0.065 0.039 
161 OmyJC19ROGR    (1)    2 :  0.333 0.231 0.153 0.141 0.113 0.029 
162 OmyJC19ROGR    (1)    2 :  0.179 0.135 0.264 0.296 0.074 0.052 
163 OmyJC19ROGR    (1)    2 :  0.535 0.107 0.133 0.145 0.047 0.034 
164 OmyJC19ROGR    (1)    2 :  0.045 0.126 0.513 0.155 0.144 0.018 
165 OmyJC19ROGR    (0)    2 :  0.170 0.314 0.278 0.097 0.128 0.012 
166 OmyJC19ROGR    (0)    2 :  0.038 0.661 0.043 0.163 0.062 0.034 
167 OmyJC19ROGR    (2)    2 :  0.227 0.205 0.181 0.185 0.132 0.071 
168 OmyJC19ROGR    (0)    2 :  0.040 0.040 0.096 0.108 0.672 0.044 
169 OmyJC19ROGR    (1)    2 :  0.010 0.014 0.015 0.024 0.012 0.925 
170 OmyJC19ROGR    (1)    2 :  0.577 0.134 0.111 0.057 0.071 0.050 
171 OmyJC19ROGR    (1)    2 :  0.089 0.167 0.304 0.174 0.242 0.025 
172 OmyJC19ROGR    (0)    2 :  0.253 0.047 0.117 0.099 0.141 0.342 
173 OmyJC19ROGR    (1)    2 :  0.014 0.025 0.027 0.025 0.017 0.892 
174 OmyJC19ROGR    (0)    2 :  0.069 0.564 0.143 0.073 0.127 0.024 
175 OmyJC19ROGR    (1)    2 :  0.047 0.173 0.121 0.099 0.536 0.023 
176 OmyJC19ROGR    (1)    2 :  0.404 0.022 0.181 0.265 0.099 0.030 
177 OmyJC19ROGR    (1)    2 :  0.712 0.123 0.075 0.049 0.030 0.012 
178 OmyJC19ROGR    (0)    2 :  0.018 0.212 0.278 0.397 0.062 0.033 
179 OmyJC19ROGR    (1)    2 :  0.376 0.119 0.196 0.100 0.195 0.015 
180 OmyJC19ROGR    (1)    2 :  0.038 0.024 0.043 0.039 0.058 0.799 
181 OmyJC19ROGR    (1)    2 :  0.038 0.261 0.330 0.237 0.106 0.027 
182 OmyJC19ROGR    (1)    2 :  0.045 0.061 0.059 0.135 0.614 0.085 
183 OmyJC19ROGR    (1)    2 :  0.071 0.274 0.124 0.207 0.291 0.032 
184 OmyJC19ROGR    (1)    2 :  0.074 0.034 0.159 0.103 0.141 0.489 
185 OmyJC19ROGR    (2)    2 :  0.021 0.029 0.034 0.032 0.876 0.007 
186 OmyJC19ROGR    (1)    2 :  0.367 0.055 0.079 0.090 0.336 0.072 
187 OmyJC19ROGR    (0)    2 :  0.040 0.811 0.065 0.041 0.027 0.015 
188 OmyJC19ROGR    (1)    2 :  0.053 0.119 0.110 0.099 0.579 0.040 
189 OmyJC19ROGR    (0)    2 :  0.224 0.052 0.222 0.129 0.252 0.120 
190 OmyJC19ROGR    (0)    2 :  0.467 0.044 0.251 0.145 0.061 0.033 
191 OmyJC19ROGR    (2)    2 :  0.536 0.226 0.094 0.049 0.065 0.029 
192 OmyJC19ROGR    (1)    2 :  0.020 0.021 0.327 0.593 0.017 0.023 
193 OmyJC19ROGR    (1)    2 :  0.094 0.143 0.361 0.228 0.081 0.093 
194 OmyJC19ROGR    (0)    2 :  0.031 0.034 0.252 0.639 0.033 0.010 
195 OmyJC19ROGR    (1)    2 :  0.015 0.045 0.045 0.041 0.046 0.808 
196 OmyJC19ROGR    (1)    2 :  0.015 0.776 0.028 0.060 0.101 0.021 
197 OmyJC19ROGR    (1)    2 :  0.384 0.134 0.091 0.178 0.171 0.042 
198 OmyJC19ROGR    (1)    2 :  0.048 0.034 0.100 0.051 0.035 0.732 
199 OmyJC19ROGR    (0)    2 :  0.036 0.146 0.073 0.090 0.633 0.022 
200 OmyJC19ROGR    (0)    2 :  0.661 0.094 0.050 0.046 0.112 0.037 
201 OmyJC19ROGR    (1)    2 :  0.054 0.239 0.312 0.293 0.085 0.017 
202 OmyJC19ROGR    (0)    2 :  0.802 0.038 0.066 0.060 0.026 0.008 
203 OmyJC19ROGR    (0)    2 :  0.090 0.310 0.335 0.131 0.109 0.024 
204 OmyJC19ROGR    (1)    2 :  0.083 0.158 0.435 0.170 0.112 0.042 
205 OmyJC19ROGR    (1)    2 :  0.073 0.490 0.221 0.050 0.093 0.073 
206 OmyJC19ROGR    (1)    2 :  0.028 0.024 0.037 0.044 0.048 0.818 
207 OmyJC19ROGR    (1)    2 :  0.059 0.326 0.183 0.118 0.121 0.193 
208 OmyJC19ROGR    (1)    2 :  0.049 0.218 0.286 0.203 0.218 0.026 
209 OmyJC19ROGR    (0)    2 :  0.115 0.049 0.082 0.065 0.219 0.470 
210 OmyJC19ROGR    (1)    2 :  0.012 0.025 0.018 0.024 0.020 0.901 
211 OmyJC19ROGR    (0)    2 :  0.044 0.148 0.167 0.215 0.315 0.111 
212 OmyJC19ROGR    (1)    2 :  0.318 0.116 0.198 0.157 0.032 0.179 
213 OmyJC19ROGR    (1)    2 :  0.065 0.422 0.079 0.066 0.344 0.024 
214 OmyJC19ROGR    (1)    2 :  0.033 0.427 0.401 0.080 0.028 0.030 
215 OmyJC19ROGR    (1)    2 :  0.046 0.033 0.097 0.740 0.066 0.018 
216 OmyJC19ROGR    (1)    2 :  0.016 0.060 0.031 0.022 0.050 0.821 
217 OmyJC19ROGR    (1)    2 :  0.075 0.101 0.184 0.223 0.077 0.340 
218 OmyJC19ROGR    (1)    2 :  0.420 0.274 0.141 0.066 0.078 0.022 
219 OmyJC19ROGR    (1)    2 :  0.024 0.216 0.103 0.486 0.089 0.081 
220 OmyJC19ROGR    (1)    2 :  0.085 0.150 0.249 0.336 0.171 0.010 
221 OmyJC19ROGR    (0)    2 :  0.039 0.401 0.130 0.049 0.148 0.233 
222 OmyJC19ROGR    (1)    2 :  0.197 0.266 0.245 0.179 0.083 0.030 
223 OmyJC19ROGR    (0)    2 :  0.069 0.308 0.186 0.271 0.120 0.046 
224 OmyJC19ROGR    (1)    2 :  0.076 0.159 0.251 0.383 0.112 0.019 
225 OmyJC19ROGR    (1)    2 :  0.013 0.012 0.017 0.012 0.017 0.929 
226 OmyJC19ROGR    (0)    2 :  0.029 0.135 0.056 0.131 0.510 0.140 
227 OmyJC19ROGR    (1)    2 :  0.025 0.028 0.018 0.024 0.020 0.885 
228 OmyJC19ROGR    (1)    2 :  0.030 0.535 0.153 0.143 0.104 0.034 
229 OmyJC19ROGR    (2)    2 :  0.075 0.241 0.135 0.084 0.449 0.016 
230 OmyJC19ROGR    (1)    2 :  0.096 0.176 0.413 0.067 0.087 0.161 
231 OmyJC19ROGR    (1)    2 :  0.030 0.484 0.119 0.170 0.153 0.044 
232 OmyJC19ROGR    (2)    2 :  0.126 0.187 0.100 0.095 0.460 0.032 
233 OmyJC19ROGR    (1)    2 :  0.061 0.190 0.376 0.199 0.109 0.064 
234 OmyJC19ROGR    (1)    2 :  0.017 0.018 0.015 0.019 0.030 0.901 
235 OmyJC19ROGR    (0)    2 :  0.058 0.049 0.116 0.251 0.055 0.471 
236 OmyJC19ROGR    (1)    2 :  0.154 0.092 0.492 0.207 0.035 0.021 
237 OmyJC19ROGR    (1)    2 :  0.146 0.090 0.281 0.333 0.081 0.068 
238 OmyJC19ROGR    (0)    2 :  0.031 0.141 0.561 0.152 0.025 0.091 
239 OmyJC19ROGR    (1)    2 :  0.026 0.023 0.088 0.685 0.125 0.052 
240 OmyJC19ROGR    (1)    2 :  0.039 0.148 0.145 0.100 0.537 0.032 
241 OmyJC19ROGR    (0)    2 :  0.395 0.074 0.103 0.200 0.183 0.045 
242 OmyJC19ROGR    (1)    2 :  0.120 0.021 0.134 0.640 0.075 0.010 
243 OmyJC19ROGR    (1)    2 :  0.308 0.260 0.138 0.130 0.129 0.034 
244 OmyJC19ROGR    (1)    2 :  0.169 0.372 0.225 0.079 0.112 0.043 
245 OmyJC19ROGR    (0)    2 :  0.009 0.009 0.018 0.012 0.022 0.930 
246 OmyJC19ROGR    (1)    2 :  0.627 0.044 0.073 0.088 0.037 0.131 
247 OmyJC19ROGR    (0)    2 :  0.083 0.103 0.183 0.071 0.091 0.469 
248 OmyJC19ROGR    (1)    2 :  0.029 0.050 0.037 0.075 0.373 0.437 
249 OmyJC19ROGR    (1)    2 :  0.043 0.434 0.244 0.081 0.149 0.049 
250 OmyJC19ROGR    (0)    2 :  0.060 0.149 0.148 0.189 0.367 0.088 
251 OmyJC19ROGR    (1)    2 :  0.051 0.527 0.119 0.169 0.098 0.037 
252 OmyJC19ROGR    (0)    2 :  0.738 0.065 0.088 0.029 0.053 0.027 
253 OmyJC19ROGR    (0)    2 :  0.034 0.070 0.079 0.180 0.587 0.049 
254 OmyJC19ROGR    (1)    2 :  0.309 0.296 0.113 0.156 0.088 0.037 
255 OmyJC19ROGR    (1)    2 :  0.402 0.340 0.113 0.042 0.081 0.022 
256 OmyJC19ROGR    (1)    2 :  0.281 0.220 0.134 0.074 0.034 0.257 
257 OmyJC19ROGR    (0)    2 :  0.047 0.466 0.185 0.065 0.182 0.056 
258 OmyAC19ROGR    (1)    1 :  0.127 0.225 0.080 0.150 0.224 0.194 
259 OmyAC19ROGR    (2)    1 :  0.072 0.054 0.146 0.201 0.108 0.419 
260 OmyAC19ROGR    (1)    1 :  0.069 0.055 0.098 0.528 0.233 0.018 
261 OmyAC19ROGR    (0)    1 :  0.029 0.234 0.207 0.158 0.340 0.033 
262 OmyAC19ROGR    (1)    1 :  0.159 0.157 0.176 0.170 0.230 0.108 
263 OmyAC19ROGR    (0)    1 :  0.386 0.152 0.283 0.108 0.044 0.028 
264 OmyAC19ROGR    (1)    1 :  0.046 0.395 0.244 0.180 0.087 0.048 
265 OmyAC19ROGR    (1)    1 :  0.086 0.204 0.207 0.380 0.088 0.034 
266 OmyAC19ROGR    (1)    1 :  0.041 0.748 0.075 0.039 0.083 0.015 
267 OmyAC19ROGR    (1)    1 :  0.060 0.079 0.334 0.158 0.249 0.120 
268 OmyAC19ROGR    (2)    1 :  0.324 0.118 0.194 0.091 0.157 0.115 
269 OmyAC19ROGR    (1)    1 :  0.029 0.087 0.068 0.104 0.601 0.111 
270 OmyAC19ROGR    (1)    1 :  0.468 0.324 0.074 0.030 0.077 0.027 
271 OmyAC19ROGR    (1)    1 :  0.037 0.059 0.095 0.103 0.418 0.288 
272 OmyAC19ROGR    (0)    1 :  0.031 0.450 0.115 0.141 0.084 0.180 
273 OmyAC19ROGR    (0)    1 :  0.048 0.045 0.140 0.248 0.489 0.030 
274 OmyAC19ROGR    (1)    1 :  0.024 0.074 0.047 0.035 0.066 0.755 
275 OmyAC19ROGR    (1)    1 :  0.186 0.128 0.253 0.231 0.099 0.104 
276 OmyAC19ROGR    (1)    1 :  0.037 0.130 0.277 0.395 0.122 0.038 
277 OmyAC19ROGR    (1)    1 :  0.026 0.284 0.075 0.296 0.257 0.062 
278 OmyAC19ROGR    (1)    1 :  0.037 0.148 0.380 0.107 0.079 0.250 
279 OmyAC19ROGR    (0)    1 :  0.044 0.060 0.266 0.401 0.086 0.144 
280 OmyAC19ROGR    (1)    1 :  0.401 0.127 0.145 0.061 0.179 0.087 
281 OmyAC19ROGR    (1)    1 :  0.045 0.063 0.225 0.097 0.534 0.037 
282 OmyAC19ROGR    (1)    1 :  0.108 0.130 0.233 0.135 0.233 0.162 
283 OmyAC19ROGR    (1)    1 :  0.064 0.184 0.233 0.248 0.227 0.044 
284 OmyAC19ROGR    (0)    1 :  0.122 0.590 0.114 0.085 0.068 0.021 
285 OmyAC19ROGR    (1)    1 :  0.185 0.101 0.218 0.327 0.135 0.033 
286 OmyAC19ROGR    (1)    1 :  0.094 0.176 0.257 0.313 0.144 0.014 
287 OmyAC19ROGR    (1)    1 :  0.007 0.008 0.009 0.008 0.008 0.960 
288 OmyAC19ROGR    (1)    1 :  0.032 0.040 0.100 0.036 0.055 0.737 
289 OmyAC19ROGR    (1)    1 :  0.038 0.089 0.237 0.219 0.327 0.090 
290 OmyAC19ROGR    (1)    1 :  0.016 0.012 0.016 0.017 0.014 0.926 
291 OmyAC19ROGR    (1)    1 :  0.150 0.134 0.194 0.062 0.061 0.400 
292 OmyAC19ROGR    (1)    1 :  0.054 0.129 0.066 0.131 0.411 0.210 
293 OmyAC19ROGR    (1)    1 :  0.584 0.062 0.134 0.071 0.122 0.028 
294 OmyAC19ROGR    (1)    1 :  0.034 0.246 0.146 0.341 0.083 0.150 
295 OmyAC19ROGR    (0)    1 :  0.119 0.167 0.156 0.235 0.307 0.017 
296 OmyAC19ROGR    (0)    1 :  0.085 0.195 0.192 0.412 0.086 0.030 
297 OmyAC19ROGR    (1)    1 :  0.018 0.076 0.054 0.041 0.046 0.766 
298 OmyAC19ROGR    (0)    1 :  0.042 0.160 0.199 0.527 0.056 0.015 
299 OmyAC19ROGR    (1)    1 :  0.215 0.078 0.211 0.267 0.043 0.187 
300 OmyAC19ROGR    (1)    1 :  0.067 0.098 0.189 0.239 0.378 0.030 
301 OmyAC19ROGR    (0)    1 :  0.015 0.031 0.020 0.027 0.032 0.876 
302 OmyAC19ROGR    (1)    1 :  0.036 0.149 0.148 0.191 0.049 0.427 
303 OmyAC19ROGR    (1)    1 :  0.037 0.061 0.178 0.114 0.504 0.106 
304 OmyAC19ROGR    (1)    1 :  0.051 0.063 0.278 0.352 0.149 0.107 
305 OmyAC19ROGR    (1)    1 :  0.047 0.085 0.461 0.233 0.154 0.019 
306 OmyAC19ROGR    (1)    1 :  0.013 0.209 0.036 0.067 0.132 0.545 
307 OmyAC19ROGR    (2)    1 :  0.138 0.136 0.244 0.160 0.305 0.017 
308 OmyAC19ROGR    (0)    1 :  0.039 0.152 0.222 0.362 0.144 0.081 
309 OmyAC19ROGR    (2)    1 :  0.018 0.020 0.023 0.023 0.017 0.898 
310 OmyAC19ROGR    (0)    1 :  0.043 0.114 0.108 0.147 0.172 0.415 
311 OmyAC19ROGR    (0)    1 :  0.032 0.045 0.099 0.334 0.046 0.443 
312 OmyAC19ROGR    (0)    1 :  0.512 0.078 0.202 0.090 0.091 0.028 
313 OmyAC19ROGR    (1)    1 :  0.077 0.172 0.385 0.282 0.070 0.013 
314 OmyAC19ROGR    (0)    1 :  0.485 0.072 0.141 0.166 0.093 0.042 
315 OmyAC19ROGR    (1)    1 :  0.059 0.215 0.199 0.129 0.358 0.040 
316 OmyAC19ROGR    (1)    1 :  0.049 0.209 0.296 0.339 0.082 0.024 
317 OmyAC19ROGR    (1)    1 :  0.120 0.021 0.099 0.088 0.650 0.023 
318 OmyAC19ROGR    (1)    1 :  0.377 0.153 0.129 0.098 0.220 0.023 
319 OmyAC19ROGR    (1)    1 :  0.075 0.082 0.242 0.242 0.348 0.011 
320 OmyAC19ROGR    (0)    1 :  0.056 0.428 0.364 0.111 0.030 0.011 
321 OmyAC19ROGR    (1)    1 :  0.045 0.200 0.296 0.263 0.178 0.018 
322 OmyAC19ROGR    (0)    1 :  0.032 0.117 0.080 0.090 0.466 0.215 
323 OmyAC19ROGR    (1)    1 :  0.021 0.496 0.109 0.248 0.105 0.022 
324 OmyAC19ROGR    (1)    1 :  0.098 0.639 0.085 0.110 0.050 0.018 
325 OmyAC19ROGR    (1)    1 :  0.034 0.076 0.064 0.064 0.417 0.344 
326 OmyAC19ROGR    (1)    1 :  0.046 0.419 0.142 0.191 0.155 0.048 
327 OmyAC19ROGR    (1)    1 :  0.093 0.383 0.237 0.224 0.031 0.032 
328 OmyJC18ROGR    (1)    2 :  0.631 0.098 0.085 0.116 0.049 0.021 
329 OmyJC18ROGR    (0)    2 :  0.036 0.328 0.266 0.123 0.201 0.046 
330 OmyJC18ROGR    (0)    2 :  0.016 0.692 0.033 0.129 0.088 0.042 
331 OmyJC18ROGR    (1)    2 :  0.051 0.067 0.090 0.110 0.053 0.629 
332 OmyJC18ROGR    (1)    2 :  0.041 0.034 0.082 0.099 0.074 0.670 
333 OmyJC18ROGR    (1)    2 :  0.015 0.030 0.037 0.043 0.078 0.799 
334 OmyJC18ROGR    (1)    2 :  0.167 0.477 0.070 0.056 0.077 0.154 
335 OmyJC18ROGR    (0)    2 :  0.315 0.203 0.240 0.153 0.073 0.016 
336 OmyJC18ROGR    (1)    2 :  0.020 0.019 0.032 0.027 0.047 0.856 
337 OmyJC18ROGR    (1)    2 :  0.032 0.186 0.188 0.244 0.319 0.030 
338 OmyJC18ROGR    (1)    2 :  0.017 0.024 0.033 0.041 0.032 0.853 
339 OmyJC18ROGR    (1)    2 :  0.021 0.159 0.107 0.135 0.550 0.028 
340 OmyJC18ROGR    (0)    2 :  0.429 0.109 0.129 0.173 0.057 0.104 
341 OmyJC18ROGR    (1)    2 :  0.136 0.092 0.403 0.284 0.074 0.012 
342 OmyJC18ROGR    (2)    2 :  0.099 0.131 0.073 0.225 0.127 0.345 
343 OmyJC18ROGR    (2)    2 :  0.126 0.098 0.241 0.132 0.143 0.261 
344 OmyJC18ROGR    (3)    2 :  0.078 0.055 0.139 0.186 0.165 0.377 
345 OmyJC18ROGR    (2)    2 :  0.078 0.107 0.077 0.053 0.069 0.616 
346 OmyJC18ROGR    (4)    2 :  0.019 0.830 0.049 0.031 0.056 0.015 
347 OmyJC18ROGR    (3)    2 :  0.028 0.100 0.331 0.272 0.233 0.035 
348 OmyJC18ROGR    (1)    2 :  0.060 0.206 0.122 0.150 0.330 0.131 
349 OmyJC18ROGR    (1)    2 :  0.032 0.087 0.305 0.464 0.087 0.026 
350 OmyJC18ROGR    (1)    2 :  0.022 0.056 0.527 0.317 0.053 0.025 
351 OmyJC18ROGR    (0)    2 :  0.025 0.028 0.062 0.095 0.086 0.704 
352 OmyJC18ROGR    (4)    2 :  0.055 0.096 0.429 0.087 0.051 0.281 
353 OmyJC18ROGR    (2)    2 :  0.101 0.318 0.196 0.150 0.117 0.119 
354 OmyJC18ROGR    (1)    2 :  0.031 0.220 0.067 0.100 0.522 0.060 
355 OmyJC18ROGR    (2)    2 :  0.037 0.380 0.072 0.085 0.401 0.024 
356 OmyJC18ROGR    (1)    2 :  0.316 0.117 0.304 0.143 0.095 0.025 
357 OmyJC18ROGR    (2)    2 :  0.201 0.035 0.035 0.035 0.033 0.661 
358 OmyJC18ROGR    (2)    2 :  0.272 0.102 0.161 0.260 0.192 0.013 
359 OmyJC18ROGR    (3)    2 :  0.073 0.072 0.161 0.434 0.207 0.054 
360 OmyJC18ROGR    (0)    2 :  0.282 0.093 0.217 0.093 0.281 0.034 
361 OmyJC18ROGR    (1)    2 :  0.034 0.719 0.111 0.079 0.044 0.013 
362 OmyJC18ROGR    (1)    2 :  0.056 0.377 0.167 0.174 0.095 0.130 
363 OmyJC18ROGR    (2)    2 :  0.141 0.154 0.190 0.125 0.238 0.152 
364 OmyJC18ROGR    (3)    2 :  0.039 0.067 0.123 0.669 0.089 0.013 
365 OmyJC18ROGR    (4)    2 :  0.029 0.220 0.232 0.219 0.266 0.033 
366 OmyJC18ROGR    (4)    2 :  0.236 0.103 0.289 0.227 0.119 0.025 
367 OmyJC18ROGR    (3)    2 :  0.024 0.072 0.044 0.050 0.052 0.758 
368 OmyJC18ROGR    (3)    2 :  0.054 0.094 0.222 0.222 0.117 0.290 
369 OmyJC18ROGR    (2)    2 :  0.247 0.119 0.113 0.079 0.401 0.041 
370 OmyJC18ROGR    (3)    2 :  0.053 0.233 0.274 0.148 0.251 0.041 
371 OmyJC18ROGR    (1)    2 :  0.071 0.135 0.257 0.261 0.253 0.024 
372 OmyJC18ROGR    (3)    2 :  0.081 0.158 0.100 0.473 0.128 0.060 
373 OmyJC18ROGR    (5)    2 :  0.473 0.101 0.132 0.094 0.128 0.071 
374 OmyJC18ROGR    (5)    2 :  0.761 0.035 0.069 0.050 0.072 0.013 
375 OmyJC18ROGR    (3)    2 :  0.039 0.267 0.185 0.144 0.287 0.078 
376 OmyJC18ROGR    (3)    2 :  0.017 0.024 0.025 0.039 0.021 0.872 
377 OmyJC18ROGR    (4)    2 :  0.313 0.127 0.184 0.055 0.127 0.193 
378 OmyJC18ROGR    (0)    2 :  0.160 0.073 0.255 0.353 0.104 0.055 
379 OmyJC18ROGR    (5)    2 :  0.106 0.175 0.207 0.379 0.060 0.072 
380 OmyJC18ROGR    (4)    2 :  0.084 0.191 0.093 0.115 0.444 0.073 
381 OmyJC18ROGR    (1)    2 :  0.068 0.085 0.189 0.340 0.285 0.033 
382 OmyJC18ROGR    (1)    2 :  0.077 0.134 0.416 0.245 0.106 0.023 
383 OmyJC18ROGR    (3)    2 :  0.040 0.169 0.059 0.069 0.272 0.393 
384 OmyJC18ROGR    (2)    2 :  0.021 0.097 0.298 0.415 0.023 0.147 
385 OmyJC18ROGR    (4)    2 :  0.023 0.643 0.117 0.079 0.106 0.032 
386 OmyJC18ROGR    (2)    2 :  0.024 0.074 0.201 0.335 0.067 0.298 
387 OmyJC18ROGR    (1)    2 :  0.205 0.096 0.164 0.182 0.103 0.251 
388 OmyJC18ROGR    (6)    2 :  0.170 0.055 0.139 0.092 0.507 0.038 
389 OmyJC18ROGR    (1)    2 :  0.039 0.221 0.164 0.195 0.270 0.110 
390 OmyJC18ROGR    (1)    2 :  0.064 0.183 0.237 0.380 0.091 0.046 
391 OmyJC18ROGR    (3)    2 :  0.040 0.021 0.035 0.025 0.021 0.857 
392 OmyJC18ROGR    (2)    2 :  0.263 0.264 0.108 0.219 0.123 0.023 
393 OmyJC18ROGR    (4)    2 :  0.688 0.070 0.084 0.049 0.050 0.059 
394 OmyJC18ROGR    (3)    2 :  0.019 0.042 0.095 0.063 0.043 0.739 
395 OmyJC18ROGR    (7)    2 :  0.336 0.085 0.132 0.071 0.222 0.154 
396 OmyJC18ROGR    (4)    2 :  0.173 0.072 0.118 0.068 0.029 0.540 
397 OmyJC18ROGR    (1)    2 :  0.069 0.247 0.352 0.132 0.163 0.037 
398 OmyJC18ROGR    (3)    2 :  0.096 0.384 0.121 0.111 0.128 0.160 
399 OmyJC18ROGR    (2)    2 :  0.171 0.090 0.119 0.092 0.264 0.265 
400 OmyJC18ROGR    (0)    2 :  0.077 0.389 0.123 0.301 0.073 0.038 
401 OmyJC18ROGR    (6)    2 :  0.648 0.109 0.058 0.055 0.082 0.049 
402 OmyJC18ROGR    (5)    2 :  0.248 0.177 0.087 0.053 0.239 0.196 
403 OmyJC18ROGR    (1)    2 :  0.180 0.184 0.084 0.189 0.255 0.109 
404 OmyJC18ROGR    (2)    2 :  0.028 0.110 0.148 0.103 0.521 0.090 
405 OmyJC18ROGR    (3)    2 :  0.065 0.206 0.220 0.394 0.087 0.027 
406 OmyJC18ROGR    (2)    2 :  0.037 0.290 0.120 0.239 0.281 0.032 
407 OmyJC18ROGR    (2)    2 :  0.203 0.061 0.226 0.409 0.033 0.067 
408 OmyJC18ROGR    (2)    2 :  0.228 0.139 0.268 0.247 0.042 0.075 
409 OmyJC18ROGR    (1)    2 :  0.205 0.318 0.183 0.137 0.134 0.023 
410 OmyJC18ROGR    (1)    2 :  0.046 0.392 0.319 0.152 0.075 0.016 
411 OmyJC18ROGR    (1)    2 :  0.045 0.232 0.116 0.064 0.520 0.023 
412 OmyJC18ROGR    (0)    2 :  0.027 0.128 0.330 0.420 0.082 0.013 
413 OmyJC18ROGR    (1)    2 :  0.013 0.694 0.164 0.053 0.051 0.024 
414 OmyJC18ROGR    (2)    2 :  0.040 0.126 0.122 0.215 0.473 0.024 
415 OmyJC18ROGR    (2)    2 :  0.116 0.495 0.117 0.053 0.206 0.014 
416 OmyJC18ROGR    (3)    2 :  0.040 0.318 0.177 0.111 0.300 0.053 
417 OmyJC18ROGR    (1)    2 :  0.287 0.355 0.101 0.183 0.042 0.032 
418 OmyJC18ROGR    (0)    2 :  0.677 0.122 0.078 0.033 0.064 0.026 
419 OmyJC18ROGR    (1)    2 :  0.239 0.249 0.228 0.115 0.147 0.022 
420 OmyJC18ROGR    (0)    2 :  0.027 0.673 0.069 0.055 0.153 0.023 
421 OmyJC18ROGR    (1)    2 :  0.053 0.156 0.198 0.432 0.129 0.033 
422 OmyJC18ROGR    (6)    2 :  0.037 0.053 0.077 0.033 0.772 0.027 
423 OmyJC18ROGR    (2)    2 :  0.073 0.540 0.184 0.063 0.106 0.034 
424 OmyJC18ROGR    (1)    2 :  0.119 0.507 0.099 0.081 0.033 0.160 
425 OmyJC18ROGR    (1)    2 :  0.034 0.141 0.321 0.101 0.177 0.226 
426 OmyJC18ROGR    (3)    2 :  0.102 0.435 0.144 0.214 0.081 0.025 
427 OmyJC18ROGR    (2)    2 :  0.015 0.046 0.129 0.144 0.093 0.574 
428 OmyJC18ROGR    (6)    2 :  0.024 0.777 0.082 0.066 0.038 0.013 
429 OmyJC18ROGR    (1)    2 :  0.023 0.167 0.101 0.183 0.387 0.140 
430 OmyJC18ROGR    (1)    2 :  0.092 0.065 0.157 0.080 0.528 0.077 
431 OmyJC18ROGR    (0)    2 :  0.038 0.570 0.099 0.118 0.141 0.033 
432 OmyJC18ROGR    (2)    2 :  0.034 0.035 0.090 0.051 0.060 0.730 
433 OmyJC18ROGR    (2)    2 :  0.553 0.053 0.069 0.110 0.156 0.058 
434 OmyJC18ROGR    (2)    2 :  0.028 0.148 0.116 0.115 0.537 0.056 
435 OmyJC18ROGR    (8)    2 :  0.116 0.471 0.185 0.140 0.036 0.052 
436 OmyJC18ROGR    (2)    2 :  0.083 0.576 0.114 0.111 0.091 0.026 
437 OmyJC18ROGR    (4)    2 :  0.173 0.268 0.181 0.189 0.170 0.018 
438 OmyJC18ROGR    (1)    2 :  0.763 0.067 0.048 0.023 0.055 0.045 
439 OmyJC18ROGR    (2)    2 :  0.051 0.051 0.093 0.096 0.257 0.452 
440 OmyJC18ROGR    (0)    2 :  0.761 0.043 0.041 0.032 0.040 0.082 
441 OmyJC18ROGR    (1)    2 :  0.027 0.044 0.153 0.689 0.064 0.022 
442 OmyJC18ROGR    (6)    2 :  0.097 0.044 0.318 0.205 0.263 0.073 
443 OmyJC18ROGR    (1)    2 :  0.038 0.128 0.352 0.359 0.110 0.014 
444 OmyJC18ROGR    (6)    2 :  0.240 0.337 0.228 0.081 0.088 0.025 
445 OmyJC18ROGR    (2)    2 :  0.155 0.222 0.236 0.095 0.231 0.062 
446 OmyJC18ROGR    (3)    2 :  0.189 0.098 0.309 0.113 0.064 0.228 
447 OmyJC18ROGR    (2)    2 :  0.067 0.088 0.348 0.250 0.176 0.072 
448 OmyJC18ROGR    (3)    2 :  0.031 0.059 0.168 0.154 0.558 0.029 
449 OmyJC18ROGR    (1)    2 :  0.085 0.172 0.308 0.360 0.052 0.022 
450 OmyJC18ROGR    (4)    2 :  0.199 0.461 0.128 0.040 0.032 0.139 
451 OmyJC18ROGR    (3)    2 :  0.082 0.116 0.178 0.219 0.372 0.032 
452 OmyJC18ROGR    (1)    2 :  0.028 0.196 0.104 0.248 0.362 0.062 
453 OmyJC18ROGR    (1)    2 :  0.020 0.240 0.267 0.366 0.088 0.018 
454 OmyJC18ROGR    (4)    2 :  0.292 0.095 0.238 0.269 0.064 0.043 
455 OmyJC18ROGR    (4)    2 :  0.124 0.062 0.103 0.213 0.094 0.405 
456 OmyJC18ROGR    (5)    2 :  0.053 0.580 0.090 0.075 0.105 0.098 
457 OmyJC18ROGR    (3)    2 :  0.219 0.094 0.054 0.066 0.547 0.021 
458 OmyJC18ROGR    (1)    2 :  0.099 0.473 0.241 0.105 0.048 0.035 
459 OmyJC18ROGR    (1)    2 :  0.014 0.033 0.031 0.031 0.030 0.862 
460 OmyJC18ROGR    (2)    2 :  0.030 0.388 0.251 0.244 0.058 0.029 
461 OmyJC18ROGR    (1)    2 :  0.071 0.029 0.041 0.031 0.146 0.681 
462 OmyJC18ROGR    (1)    2 :  0.197 0.143 0.409 0.115 0.125 0.012 
463 OmyJC18ROGR    (4)    2 :  0.039 0.115 0.198 0.498 0.113 0.036 
464 OmyJC18ROGR    (6)    2 :  0.186 0.291 0.160 0.192 0.152 0.020 
465 OmyJC18ROGR    (3)    2 :  0.450 0.283 0.144 0.060 0.036 0.026 
466 OmyJC18ROGR    (3)    2 :  0.295 0.162 0.257 0.174 0.054 0.058 
467 OmyJC18ROGR    (2)    2 :  0.025 0.043 0.043 0.127 0.727 0.034 
468 OmyJC18ROGR    (2)    2 :  0.065 0.678 0.086 0.111 0.049 0.013 
469 OmyJC18ROGR    (1)    2 :  0.016 0.018 0.017 0.021 0.018 0.910 
470 OmyJC18ROGR    (0)    2 :  0.448 0.058 0.086 0.118 0.120 0.171 
471 OmyJC18ROGR    (2)    2 :  0.042 0.274 0.167 0.062 0.398 0.056 
472 OmyJC18ROGR    (2)    2 :  0.015 0.854 0.043 0.051 0.030 0.007 
473 OmyJC18ROGR    (1)    2 :  0.073 0.317 0.106 0.307 0.145 0.053 
474 OmyJC18ROGR    (3)    2 :  0.046 0.621 0.173 0.059 0.065 0.036 
475 OmyJC18ROGR    (1)    2 :  0.250 0.086 0.181 0.154 0.250 0.079 
476 OmyJC18ROGR    (2)    2 :  0.068 0.183 0.112 0.374 0.238 0.025 
477 OmyJC18ROGR    (0)    2 :  0.140 0.092 0.231 0.051 0.434 0.052 
478 OmyJC18ROGR    (1)    2 :  0.056 0.247 0.233 0.321 0.091 0.052 
479 OmyJC18ROGR    (1)    2 :  0.167 0.199 0.121 0.090 0.386 0.037 
480 OmyJC18ROGR    (1)    2 :  0.038 0.176 0.204 0.222 0.288 0.071 
481 OmyJC18ROGR    (1)    2 :  0.044 0.176 0.499 0.107 0.145 0.028 
482 OmyJC18ROGR    (1)    2 :  0.194 0.073 0.314 0.133 0.256 0.031 
483 OmyJC18ROGR    (0)    2 :  0.103 0.054 0.561 0.163 0.100 0.019 
484 OmyJC18ROGR    (0)    2 :  0.033 0.030 0.400 0.327 0.166 0.044 
485 OmyJC18ROGR    (0)    2 :  0.261 0.081 0.119 0.119 0.400 0.020 
486 OmyJC18ROGR    (0)    2 :  0.105 0.223 0.372 0.191 0.070 0.039 
487 OmyJC18ROGR    (1)    2 :  0.411 0.030 0.071 0.045 0.418 0.025 
488 OmyJC18ROGR    (1)    2 :  0.178 0.142 0.278 0.128 0.229 0.045 
489 OmyJC18ROGR    (1)    2 :  0.038 0.102 0.085 0.607 0.135 0.033 
490 OmyJC18ROGR    (0)    2 :  0.026 0.324 0.196 0.343 0.100 0.012 
491 OmyJC18ROGR    (0)    2 :  0.478 0.056 0.242 0.141 0.045 0.038 
492 OmyJC18ROGR    (5)    2 :  0.074 0.031 0.040 0.023 0.052 0.780 
493 OmyJC18ROGR    (1)    2 :  0.103 0.035 0.092 0.102 0.542 0.126 
494 OmyJC18ROGR    (3)    2 :  0.076 0.542 0.134 0.125 0.093 0.029 
495 OmyJC18ROGR    (1)    2 :  0.104 0.166 0.176 0.125 0.366 0.064 
496 OmyJC18ROGR    (1)    2 :  0.023 0.608 0.112 0.066 0.114 0.076 
497 OmyJC18ROGR    (1)    2 :  0.176 0.271 0.095 0.097 0.348 0.014 
498 OmyJC18ROGR    (1)    2 :  0.187 0.073 0.412 0.196 0.094 0.038 
499 OmyJC18ROGR    (1)    2 :  0.142 0.167 0.347 0.214 0.102 0.027 
500 OmyJC18ROGR    (1)    2 :  0.026 0.492 0.192 0.121 0.099 0.070 
501 OmyJC18ROGR    (2)    2 :  0.257 0.173 0.362 0.094 0.097 0.018 
502 OmyJC18ROGR    (1)    2 :  0.283 0.047 0.247 0.135 0.128 0.161 
503 OmyJC18ROGR    (2)    2 :  0.132 0.099 0.523 0.133 0.055 0.059 
504 OmyJC18ROGR    (2)    2 :  0.530 0.086 0.079 0.060 0.187 0.057 
505 OmyJC18ROGR    (2)    2 :  0.052 0.685 0.044 0.142 0.028 0.049 
506 OmyJC18ROGR    (3)    2 :  0.075 0.538 0.182 0.068 0.085 0.052 
507 OmyJC18ROGR    (1)    2 :  0.036 0.357 0.239 0.053 0.249 0.066 
508 OmyJC18ROGR    (7)    2 :  0.064 0.393 0.141 0.080 0.298 0.024 
509 OmyJC18ROGR    (1)    2 :  0.113 0.054 0.119 0.125 0.486 0.103 
510 OmyJC18ROGR    (1)    2 :  0.011 0.009 0.020 0.016 0.016 0.928 
511 OmyJC18ROGR    (2)    2 :  0.555 0.079 0.136 0.085 0.036 0.109 
512 OmyJC18ROGR    (1)    2 :  0.431 0.196 0.174 0.123 0.056 0.019 
513 OmyJC18ROGR    (3)    2 :  0.029 0.231 0.105 0.206 0.410 0.018 
514 OmyJC18ROGR    (1)    2 :  0.829 0.038 0.046 0.045 0.021 0.020 
515 OmyJC18ROGR    (5)    2 :  0.057 0.232 0.194 0.156 0.335 0.026 
516 OmyJC18ROGR    (3)    2 :  0.360 0.068 0.211 0.049 0.047 0.265 
517 OmyJC18ROGR    (1)    2 :  0.296 0.062 0.304 0.267 0.057 0.015 
518 OmyJC18ROGR    (1)    2 :  0.121 0.059 0.166 0.100 0.085 0.469 
519 OmyJC18ROGR    (0)    2 :  0.137 0.494 0.110 0.063 0.135 0.061 
520 OmyJC18ROGR    (0)    2 :  0.113 0.050 0.171 0.561 0.082 0.023 
521 OmyJC18ROGR    (2)    2 :  0.075 0.332 0.120 0.136 0.275 0.061 
522 OmyJC18ROGR    (2)    2 :  0.064 0.274 0.112 0.137 0.119 0.293 
523 OmyJC18ROGR    (1)    2 :  0.289 0.104 0.044 0.142 0.197 0.225 
524 OmyJC18ROGR    (3)    2 :  0.099 0.324 0.198 0.176 0.101 0.102 
525 OmyJC18ROGR    (1)    2 :  0.065 0.027 0.052 0.106 0.726 0.025 
526 OmyJC18ROGR    (7)    2 :  0.042 0.180 0.144 0.492 0.131 0.011 
527 OmyJC18ROGR    (4)    2 :  0.052 0.398 0.157 0.276 0.053 0.065 
528 OmyJC18ROGR    (1)    2 :  0.129 0.131 0.433 0.244 0.046 0.017 
529 OmyJC18ROGR    (2)    2 :  0.046 0.451 0.268 0.181 0.036 0.018 
530 OmyJC18ROGR    (1)    2 :  0.341 0.265 0.163 0.064 0.124 0.043 
531 OmyJC18ROGR    (2)    2 :  0.066 0.120 0.187 0.514 0.083 0.031 
532 OmyJC18ROGR    (2)    2 :  0.101 0.486 0.152 0.080 0.169 0.012 
533 OmyJC18ROGR    (5)    2 :  0.025 0.012 0.025 0.024 0.035 0.879 
534 OmyJC18ROGR    (2)    2 :  0.080 0.380 0.296 0.104 0.068 0.072 
535 OmyJC18ROGR    (3)    2 :  0.229 0.109 0.152 0.396 0.075 0.040 
536 OmyJC18ROGR    (0)    2 :  0.046 0.247 0.228 0.183 0.220 0.076 
537 OmyJC18ROGR    (3)    2 :  0.047 0.084 0.151 0.237 0.316 0.165 
538 OmyJC18ROGR    (1)    2 :  0.115 0.331 0.137 0.141 0.253 0.023 
539 OmyJC18ROGR    (1)    2 :  0.281 0.250 0.154 0.143 0.137 0.035 
540 OmyJC18ROGR    (1)    2 :  0.072 0.216 0.348 0.213 0.115 0.036 
541 OmyJC18ROGR    (5)    2 :  0.240 0.164 0.208 0.251 0.126 0.011 
542 OmyJC18ROGR    (4)    2 :  0.055 0.130 0.188 0.286 0.276 0.065 
543 OmyJC18ROGR    (2)    2 :  0.255 0.239 0.254 0.114 0.130 0.009 
544 OmyJC18ROGR    (2)    2 :  0.124 0.163 0.043 0.043 0.598 0.029 
545 OmyJC18ROGR    (2)    2 :  0.134 0.074 0.186 0.294 0.096 0.216 
546 OmyJC18ROGR    (1)    2 :  0.256 0.178 0.277 0.165 0.093 0.032 
547 OmyJC18ROGR    (1)    2 :  0.151 0.193 0.286 0.156 0.174 0.040 
548 OmyJC18ROGR    (1)    2 :  0.027 0.073 0.069 0.051 0.080 0.700 
549 OmyJC18ROGR    (1)    2 :  0.088 0.032 0.299 0.291 0.089 0.202 
550 OmyJC18ROGR    (2)    2 :  0.055 0.143 0.130 0.329 0.120 0.223 
