

----------------------------------------------------
STRUCTURE by Pritchard, Stephens and Donnelly (2000)
     and Falush, Stephens and Pritchard (2003)
       Code by Pritchard, Falush and Hubisz
             Version 2.3.4 (Jul 2012)
----------------------------------------------------



Command line arguments:   bin/structure -m "/Users/ddayan/FRA/premature_migration/Rogue_Half-Pounder/rogue_half_pounder_repo/structure/halfpounder/10k_20k_adm_corr/mainparams" -e "/Users/ddayan/FRA/premature_migration/Rogue_Half-Pounder/rogue_half_pounder_repo/structure/halfpounder/10k_20k_adm_corr/extraparams" 
Input File:    /Users/ddayan/FRA/premature_migration/Rogue_Half-Pounder/rogue_half_pounder_repo/structure/halfpounder/project_data

Run parameters:
   882 individuals
   330 loci
   6 populations assumed
   10000 Burn-in period
   20000 Reps


--------------------------------------------
Proportion of membership of each pre-defined
 population in each of the 6 clusters

Given    Inferred Clusters                            Number of
 Pop       1      2      3      4      5      6      Individuals

  1:     0.163  0.184  0.161  0.175  0.173  0.144      157
  2:     0.171  0.163  0.173  0.168  0.175  0.150      643
  3:     0.246  0.191  0.259  0.205  0.040  0.059       40
  4:     0.060  0.095  0.063  0.084  0.036  0.663       42
--------------------------------------------

Allele-freq. divergence among pops (Net nucleotide distance),
computed using point estimates of P.

      1       2       3       4       5       6      
 1      -    0.0013  0.0012  0.0008  0.0085  0.0042  
 2   0.0013     -    0.0013  0.0007  0.0084  0.0036  
 3   0.0012  0.0013     -    0.0003  0.0083  0.0042  
 4   0.0008  0.0007  0.0003     -    0.0079  0.0033  
 5   0.0085  0.0084  0.0083  0.0079     -    0.0116  
 6   0.0042  0.0036  0.0042  0.0033  0.0116     -    

Average distances (expected heterozygosity) between individuals in same cluster:
cluster  1  : 0.2849 
cluster  2  : 0.2850 
cluster  3  : 0.2861 
cluster  4  : 0.2854 
cluster  5  : 0.2527 
cluster  6  : 0.2789 

--------------------------------------------
Estimated Ln Prob of Data   = -248794.2
Mean value of ln likelihood = -245885.0
Variance of ln likelihood   = 5818.4
Mean value of alpha         = 0.1502

Mean value of Fst_1         = 0.0138
Mean value of Fst_2         = 0.0147
Mean value of Fst_3         = 0.0147
Mean value of Fst_4         = 0.0115
Mean value of Fst_5         = 0.0743
Mean value of Fst_6         = 0.0295


Inferred ancestry of individuals:
        Label (%Miss) Pop:  Inferred clusters
  1 OmyAC19ROGR    (0)    1 :  0.236 0.190 0.154 0.194 0.013 0.213 
  2 OmyAC19ROGR    (1)    1 :  0.212 0.399 0.060 0.184 0.051 0.094 
  3 OmyAC19ROGR    (1)    1 :  0.451 0.204 0.097 0.107 0.050 0.091 
  4 OmyAC19ROGR    (1)    1 :  0.172 0.145 0.386 0.208 0.020 0.069 
  5 OmyAC19ROGR    (2)    1 :  0.014 0.013 0.011 0.011 0.939 0.012 
  6 OmyAC19ROGR    (1)    1 :  0.442 0.085 0.127 0.122 0.190 0.035 
  7 OmyAC19ROGR    (1)    1 :  0.161 0.105 0.203 0.231 0.179 0.121 
  8 OmyAC19ROGR    (0)    1 :  0.094 0.476 0.118 0.228 0.011 0.073 
  9 OmyAC19ROGR    (1)    1 :  0.371 0.108 0.075 0.145 0.158 0.143 
 10 OmyAC19ROGR    (1)    1 :  0.051 0.163 0.084 0.165 0.450 0.086 
 11 OmyAC19ROGR    (0)    1 :  0.176 0.068 0.319 0.246 0.090 0.101 
 12 OmyAC19ROGR    (0)    1 :  0.586 0.053 0.103 0.132 0.090 0.036 
 13 OmyAC19ROGR    (1)    1 :  0.078 0.374 0.233 0.179 0.027 0.109 
 14 OmyAC19ROGR    (1)    1 :  0.143 0.043 0.207 0.134 0.452 0.021 
 15 OmyAC19ROGR    (2)    1 :  0.100 0.048 0.293 0.117 0.417 0.025 
 16 OmyAC19ROGR    (1)    1 :  0.119 0.110 0.223 0.371 0.084 0.092 
 17 OmyAC19ROGR    (1)    1 :  0.167 0.443 0.144 0.174 0.057 0.015 
 18 OmyAC19ROGR    (2)    1 :  0.075 0.410 0.152 0.200 0.017 0.147 
 19 OmyAC19ROGR    (1)    1 :  0.036 0.289 0.234 0.334 0.037 0.070 
 20 OmyAC19ROGR    (1)    1 :  0.310 0.080 0.213 0.196 0.187 0.014 
 21 OmyAC19ROGR    (1)    1 :  0.088 0.235 0.150 0.317 0.150 0.060 
 22 OmyAC19ROGR    (1)    1 :  0.197 0.190 0.132 0.165 0.055 0.261 
 23 OmyAC19ROGR    (1)    1 :  0.193 0.322 0.101 0.165 0.144 0.075 
 24 OmyAC19ROGR    (1)    1 :  0.057 0.035 0.036 0.033 0.016 0.823 
 25 OmyAC19ROGR    (1)    1 :  0.112 0.169 0.337 0.135 0.189 0.058 
 26 OmyAC19ROGR    (1)    1 :  0.088 0.555 0.060 0.056 0.072 0.169 
 27 OmyAC19ROGR    (1)    1 :  0.217 0.109 0.407 0.190 0.044 0.033 
 28 OmyAC19ROGR    (1)    1 :  0.051 0.024 0.019 0.026 0.017 0.863 
 29 OmyAC19ROGR    (1)    1 :  0.159 0.176 0.118 0.437 0.037 0.073 
 30 OmyAC19ROGR    (1)    1 :  0.058 0.159 0.060 0.086 0.596 0.042 
 31 OmyAC19ROGR    (1)    1 :  0.172 0.264 0.137 0.301 0.031 0.095 
 32 OmyAC19ROGR    (1)    1 :  0.049 0.300 0.132 0.317 0.071 0.131 
 33 OmyAC19ROGR    (1)    1 :  0.195 0.155 0.106 0.154 0.106 0.284 
 34 OmyAC19ROGR    (1)    1 :  0.075 0.059 0.159 0.121 0.543 0.043 
 35 OmyAC19ROGR    (0)    1 :  0.103 0.392 0.107 0.213 0.060 0.126 
 36 OmyAC19ROGR    (1)    1 :  0.182 0.383 0.102 0.120 0.145 0.067 
 37 OmyAC19ROGR    (1)    1 :  0.111 0.062 0.155 0.077 0.082 0.513 
 38 OmyAC19ROGR    (1)    1 :  0.038 0.063 0.045 0.050 0.493 0.312 
 39 OmyAC19ROGR    (1)    1 :  0.040 0.687 0.058 0.119 0.068 0.028 
 40 OmyAC19ROGR    (0)    1 :  0.337 0.069 0.176 0.163 0.231 0.024 
 41 OmyAC19ROGR    (1)    1 :  0.271 0.131 0.273 0.227 0.024 0.074 
 42 OmyAC19ROGR    (1)    1 :  0.034 0.050 0.054 0.040 0.804 0.019 
 43 OmyAC19ROGR    (1)    1 :  0.378 0.277 0.065 0.119 0.028 0.133 
 44 OmyAC19ROGR    (7)    1 :  0.352 0.269 0.057 0.235 0.029 0.057 
 45 OmyAC19ROGR    (2)    1 :  0.143 0.058 0.090 0.135 0.326 0.248 
 46 OmyAC19ROGR    (1)    1 :  0.064 0.181 0.154 0.198 0.045 0.358 
 47 OmyAC19ROGR    (0)    1 :  0.102 0.047 0.067 0.053 0.053 0.678 
 48 OmyAC19ROGR    (1)    1 :  0.371 0.279 0.051 0.161 0.029 0.110 
 49 OmyAC19ROGR    (0)    1 :  0.167 0.168 0.219 0.160 0.035 0.252 
 50 OmyAC19ROGR    (1)    1 :  0.100 0.189 0.343 0.329 0.017 0.021 
 51 OmyAC19ROGR    (2)    1 :  0.055 0.043 0.095 0.070 0.690 0.047 
 52 OmyAC19ROGR    (1)    1 :  0.022 0.040 0.038 0.022 0.853 0.026 
 53 OmyAC19ROGR    (2)    1 :  0.166 0.066 0.056 0.065 0.023 0.625 
 54 OmyAC19ROGR    (1)    1 :  0.162 0.112 0.077 0.098 0.052 0.498 
 55 OmyAC19ROGR    (3)    1 :  0.129 0.381 0.171 0.189 0.087 0.044 
 56 OmyAC19ROGR    (1)    1 :  0.071 0.088 0.175 0.250 0.070 0.346 
 57 OmyAC19ROGR    (0)    1 :  0.063 0.153 0.099 0.126 0.021 0.538 
 58 OmyAC19ROGR    (1)    1 :  0.051 0.074 0.062 0.082 0.702 0.029 
 59 OmyAC19ROGR    (0)    1 :  0.140 0.082 0.102 0.141 0.017 0.518 
 60 OmyAC19ROGR    (2)    1 :  0.139 0.074 0.421 0.251 0.074 0.042 
 61 OmyAC19ROGR    (1)    1 :  0.109 0.124 0.150 0.269 0.050 0.298 
 62 OmyAC19ROGR    (1)    1 :  0.378 0.297 0.098 0.135 0.031 0.061 
 63 OmyAC19ROGR    (0)    1 :  0.107 0.126 0.109 0.115 0.213 0.330 
 64 OmyAC19ROGR    (3)    1 :  0.311 0.104 0.309 0.172 0.039 0.066 
 65 OmyAC19ROGR    (1)    1 :  0.064 0.384 0.156 0.296 0.045 0.055 
 66 OmyAC19ROGR    (4)    1 :  0.091 0.125 0.354 0.171 0.235 0.023 
 67 OmyAC19ROGR    (0)    1 :  0.053 0.073 0.388 0.222 0.027 0.236 
 68 OmyAC19ROGR    (2)    1 :  0.159 0.214 0.064 0.123 0.031 0.409 
 69 OmyAC19ROGR    (2)    1 :  0.053 0.107 0.044 0.145 0.192 0.460 
 70 OmyAC19ROGR    (1)    1 :  0.189 0.431 0.061 0.151 0.026 0.142 
 71 OmyAC19ROGR    (0)    1 :  0.182 0.347 0.136 0.251 0.022 0.062 
 72 OmyAC19ROGR    (5)    1 :  0.331 0.087 0.216 0.234 0.017 0.115 
 73 OmyAC19ROGR    (1)    1 :  0.078 0.402 0.034 0.076 0.215 0.195 
 74 OmyAC19ROGR    (1)    1 :  0.482 0.087 0.242 0.123 0.028 0.037 
 75 OmyAC19ROGR    (1)    1 :  0.059 0.251 0.135 0.209 0.076 0.270 
 76 OmyAC19ROGR    (1)    1 :  0.067 0.091 0.054 0.056 0.043 0.689 
 77 OmyAC19ROGR    (1)    1 :  0.018 0.012 0.026 0.022 0.905 0.016 
 78 OmyAC19ROGR    (1)    1 :  0.200 0.436 0.100 0.151 0.023 0.090 
 79 OmyAC19ROGR    (2)    1 :  0.073 0.366 0.102 0.347 0.034 0.078 
 80 OmyAC19ROGR    (2)    1 :  0.051 0.044 0.061 0.056 0.722 0.067 
 81 OmyAC19ROGR    (2)    1 :  0.208 0.109 0.065 0.170 0.380 0.067 
 82 OmyAC19ROGR    (1)    1 :  0.167 0.155 0.063 0.094 0.016 0.505 
 83 OmyAC19ROGR    (0)    1 :  0.103 0.245 0.149 0.293 0.036 0.173 
 84 OmyAC19ROGR    (1)    1 :  0.178 0.228 0.131 0.270 0.134 0.059 
 85 OmyAC19ROGR    (6)    1 :  0.079 0.390 0.151 0.255 0.020 0.105 
 86 OmyAC19ROGR    (1)    1 :  0.209 0.109 0.381 0.225 0.055 0.020 
 87 OmyAC19ROGR    (2)    1 :  0.279 0.139 0.161 0.161 0.032 0.228 
 88 OmyJC19ROGR    (0)    2 :  0.027 0.052 0.042 0.039 0.827 0.013 
 89 OmyJC19ROGR    (1)    2 :  0.070 0.449 0.167 0.232 0.039 0.043 
 90 OmyJC19ROGR    (1)    2 :  0.024 0.023 0.027 0.027 0.881 0.018 
 91 OmyJC19ROGR    (2)    2 :  0.167 0.130 0.185 0.186 0.009 0.322 
 92 OmyJC19ROGR    (1)    2 :  0.084 0.143 0.109 0.145 0.030 0.489 
 93 OmyJC19ROGR    (1)    2 :  0.029 0.051 0.047 0.035 0.012 0.826 
 94 OmyJC19ROGR    (1)    2 :  0.133 0.310 0.172 0.209 0.145 0.031 
 95 OmyJC19ROGR    (0)    2 :  0.168 0.425 0.075 0.146 0.167 0.019 
 96 OmyJC19ROGR    (2)    2 :  0.104 0.113 0.455 0.204 0.074 0.052 
 97 OmyJC19ROGR    (1)    2 :  0.022 0.054 0.019 0.048 0.097 0.760 
 98 OmyJC19ROGR    (0)    2 :  0.106 0.159 0.241 0.363 0.039 0.092 
 99 OmyJC19ROGR    (0)    2 :  0.122 0.072 0.131 0.277 0.083 0.315 
100 OmyJC19ROGR    (1)    2 :  0.061 0.682 0.090 0.089 0.020 0.058 
101 OmyJC19ROGR    (1)    2 :  0.097 0.144 0.067 0.108 0.470 0.113 
102 OmyJC19ROGR    (1)    2 :  0.061 0.105 0.560 0.199 0.043 0.032 
103 OmyJC19ROGR    (2)    2 :  0.103 0.367 0.101 0.205 0.143 0.081 
104 OmyJC19ROGR    (1)    2 :  0.091 0.265 0.077 0.124 0.027 0.416 
105 OmyJC19ROGR    (1)    2 :  0.146 0.024 0.078 0.088 0.175 0.490 
106 OmyJC19ROGR    (1)    2 :  0.020 0.016 0.019 0.015 0.897 0.034 
107 OmyJC19ROGR    (2)    2 :  0.052 0.051 0.456 0.296 0.065 0.079 
108 OmyJC19ROGR    (0)    2 :  0.141 0.109 0.228 0.314 0.041 0.168 
109 OmyJC19ROGR    (1)    2 :  0.116 0.126 0.377 0.179 0.184 0.019 
110 OmyJC19ROGR    (1)    2 :  0.091 0.117 0.076 0.120 0.163 0.433 
111 OmyJC19ROGR    (1)    2 :  0.115 0.120 0.133 0.236 0.050 0.346 
112 OmyJC19ROGR    (2)    2 :  0.129 0.188 0.294 0.274 0.077 0.039 
113 OmyJC19ROGR    (1)    2 :  0.051 0.155 0.155 0.136 0.469 0.035 
114 OmyJC19ROGR    (3)    2 :  0.093 0.560 0.097 0.174 0.031 0.045 
115 OmyJC19ROGR    (2)    2 :  0.547 0.072 0.030 0.069 0.038 0.245 
116 OmyJC19ROGR    (0)    2 :  0.162 0.535 0.066 0.126 0.070 0.041 
117 OmyJC19ROGR    (1)    2 :  0.096 0.336 0.110 0.272 0.152 0.034 
118 OmyJC19ROGR    (1)    2 :  0.069 0.472 0.148 0.187 0.022 0.103 
119 OmyJC19ROGR    (3)    2 :  0.087 0.193 0.289 0.347 0.045 0.039 
120 OmyJC19ROGR    (1)    2 :  0.044 0.062 0.053 0.047 0.012 0.783 
121 OmyJC19ROGR    (0)    2 :  0.271 0.341 0.140 0.181 0.041 0.025 
122 OmyJC19ROGR    (1)    2 :  0.168 0.276 0.164 0.157 0.046 0.190 
123 OmyJC19ROGR    (1)    2 :  0.135 0.170 0.318 0.157 0.018 0.202 
124 OmyJC19ROGR    (0)    2 :  0.498 0.188 0.084 0.093 0.103 0.033 
125 OmyJC19ROGR    (1)    2 :  0.209 0.187 0.048 0.120 0.086 0.350 
126 OmyJC19ROGR    (1)    2 :  0.087 0.104 0.070 0.058 0.640 0.041 
127 OmyJC19ROGR    (1)    2 :  0.056 0.036 0.593 0.221 0.048 0.047 
128 OmyJC19ROGR    (1)    2 :  0.024 0.098 0.087 0.105 0.025 0.661 
129 OmyJC19ROGR    (1)    2 :  0.049 0.470 0.070 0.190 0.167 0.054 
130 OmyJC19ROGR    (1)    2 :  0.499 0.267 0.064 0.098 0.051 0.021 
131 OmyJC19ROGR    (1)    2 :  0.170 0.404 0.090 0.174 0.056 0.106 
132 OmyJC19ROGR    (1)    2 :  0.128 0.133 0.121 0.196 0.029 0.394 
133 OmyJC19ROGR    (1)    2 :  0.132 0.448 0.113 0.230 0.026 0.052 
134 OmyJC19ROGR    (1)    2 :  0.094 0.105 0.278 0.437 0.048 0.037 
135 OmyJC19ROGR    (1)    2 :  0.017 0.032 0.028 0.022 0.015 0.885 
136 OmyJC19ROGR    (3)    2 :  0.105 0.448 0.139 0.216 0.027 0.066 
137 OmyJC19ROGR    (1)    2 :  0.270 0.070 0.275 0.163 0.182 0.039 
138 OmyJC19ROGR    (1)    2 :  0.068 0.149 0.051 0.049 0.661 0.022 
139 OmyJC19ROGR    (2)    2 :  0.192 0.508 0.077 0.172 0.015 0.036 
140 OmyJC19ROGR    (3)    2 :  0.076 0.451 0.138 0.213 0.082 0.040 
141 OmyJC19ROGR    (0)    2 :  0.086 0.225 0.096 0.194 0.315 0.083 
142 OmyJC19ROGR    (1)    2 :  0.112 0.099 0.173 0.157 0.288 0.171 
143 OmyJC19ROGR    (0)    2 :  0.123 0.074 0.057 0.073 0.055 0.618 
144 OmyJC19ROGR    (1)    2 :  0.301 0.380 0.036 0.228 0.014 0.041 
145 OmyJC19ROGR    (1)    2 :  0.336 0.132 0.324 0.151 0.021 0.036 
146 OmyJC19ROGR    (2)    2 :  0.105 0.160 0.081 0.090 0.046 0.517 
147 OmyJC19ROGR    (1)    2 :  0.073 0.053 0.587 0.175 0.031 0.081 
148 OmyJC19ROGR    (1)    2 :  0.192 0.059 0.346 0.269 0.015 0.118 
149 OmyJC19ROGR    (2)    2 :  0.074 0.136 0.174 0.333 0.062 0.222 
150 OmyJC19ROGR    (2)    2 :  0.086 0.143 0.168 0.202 0.049 0.351 
151 OmyJC19ROGR    (1)    2 :  0.066 0.468 0.126 0.198 0.065 0.077 
152 OmyJC19ROGR    (0)    2 :  0.330 0.049 0.356 0.129 0.039 0.096 
153 OmyJC19ROGR    (1)    2 :  0.025 0.025 0.037 0.059 0.024 0.831 
154 OmyJC19ROGR    (2)    2 :  0.205 0.127 0.292 0.302 0.040 0.034 
155 OmyJC19ROGR    (1)    2 :  0.239 0.227 0.123 0.172 0.071 0.168 
156 OmyJC19ROGR    (1)    2 :  0.224 0.084 0.281 0.204 0.085 0.123 
157 OmyJC19ROGR    (0)    2 :  0.321 0.204 0.121 0.148 0.051 0.156 
158 OmyJC19ROGR    (2)    2 :  0.084 0.275 0.382 0.157 0.019 0.084 
159 OmyJC19ROGR    (1)    2 :  0.187 0.110 0.443 0.204 0.032 0.024 
160 OmyJC19ROGR    (0)    2 :  0.169 0.062 0.267 0.277 0.039 0.185 
161 OmyJC19ROGR    (1)    2 :  0.187 0.155 0.151 0.190 0.029 0.289 
162 OmyJC19ROGR    (1)    2 :  0.113 0.129 0.248 0.248 0.058 0.204 
163 OmyJC19ROGR    (1)    2 :  0.133 0.057 0.119 0.158 0.032 0.501 
164 OmyJC19ROGR    (1)    2 :  0.163 0.153 0.440 0.184 0.017 0.043 
165 OmyJC19ROGR    (0)    2 :  0.287 0.096 0.164 0.313 0.016 0.125 
166 OmyJC19ROGR    (0)    2 :  0.596 0.073 0.102 0.155 0.032 0.042 
167 OmyJC19ROGR    (2)    2 :  0.233 0.161 0.153 0.152 0.078 0.224 
168 OmyJC19ROGR    (0)    2 :  0.045 0.650 0.085 0.125 0.047 0.047 
169 OmyJC19ROGR    (1)    2 :  0.014 0.011 0.024 0.016 0.924 0.011 
170 OmyJC19ROGR    (1)    2 :  0.127 0.081 0.085 0.082 0.062 0.563 
171 OmyJC19ROGR    (1)    2 :  0.179 0.210 0.222 0.287 0.019 0.083 
172 OmyJC19ROGR    (0)    2 :  0.051 0.119 0.090 0.157 0.346 0.238 
173 OmyJC19ROGR    (1)    2 :  0.024 0.014 0.024 0.026 0.893 0.019 
174 OmyJC19ROGR    (0)    2 :  0.476 0.150 0.101 0.160 0.027 0.087 
175 OmyJC19ROGR    (1)    2 :  0.101 0.605 0.123 0.106 0.022 0.043 
176 OmyJC19ROGR    (1)    2 :  0.029 0.123 0.166 0.233 0.032 0.417 
177 OmyJC19ROGR    (1)    2 :  0.103 0.029 0.057 0.044 0.011 0.756 
178 OmyJC19ROGR    (0)    2 :  0.259 0.071 0.481 0.143 0.026 0.020 
179 OmyJC19ROGR    (1)    2 :  0.112 0.217 0.108 0.187 0.016 0.359 
180 OmyJC19ROGR    (1)    2 :  0.029 0.063 0.028 0.046 0.788 0.046 
181 OmyJC19ROGR    (1)    2 :  0.286 0.133 0.200 0.307 0.024 0.049 
182 OmyJC19ROGR    (1)    2 :  0.089 0.436 0.111 0.222 0.103 0.038 
183 OmyJC19ROGR    (1)    2 :  0.279 0.182 0.130 0.323 0.026 0.060 
184 OmyJC19ROGR    (1)    2 :  0.041 0.149 0.114 0.158 0.478 0.060 
185 OmyJC19ROGR    (2)    2 :  0.030 0.873 0.021 0.039 0.009 0.028 
186 OmyJC19ROGR    (1)    2 :  0.066 0.278 0.036 0.078 0.093 0.448 
187 OmyJC19ROGR    (0)    2 :  0.746 0.035 0.102 0.066 0.016 0.035 
188 OmyJC19ROGR    (1)    2 :  0.142 0.437 0.097 0.189 0.050 0.086 
189 OmyJC19ROGR    (0)    2 :  0.061 0.270 0.091 0.216 0.122 0.241 
190 OmyJC19ROGR    (0)    2 :  0.067 0.091 0.124 0.139 0.041 0.539 
191 OmyJC19ROGR    (2)    2 :  0.254 0.080 0.056 0.082 0.029 0.499 
192 OmyJC19ROGR    (1)    2 :  0.043 0.076 0.526 0.310 0.025 0.021 
193 OmyJC19ROGR    (1)    2 :  0.187 0.119 0.404 0.143 0.075 0.072 
194 OmyJC19ROGR    (0)    2 :  0.026 0.067 0.671 0.184 0.013 0.039 
195 OmyJC19ROGR    (1)    2 :  0.046 0.052 0.030 0.064 0.794 0.015 
196 OmyJC19ROGR    (1)    2 :  0.694 0.112 0.036 0.121 0.022 0.015 
197 OmyJC19ROGR    (1)    2 :  0.191 0.134 0.076 0.232 0.040 0.327 
198 OmyJC19ROGR    (1)    2 :  0.039 0.049 0.065 0.057 0.741 0.049 
199 OmyJC19ROGR    (0)    2 :  0.200 0.472 0.074 0.192 0.020 0.042 
200 OmyJC19ROGR    (0)    2 :  0.086 0.113 0.067 0.051 0.040 0.643 
201 OmyJC19ROGR    (1)    2 :  0.178 0.088 0.325 0.332 0.020 0.057 
202 OmyJC19ROGR    (0)    2 :  0.043 0.031 0.126 0.041 0.010 0.749 
203 OmyJC19ROGR    (0)    2 :  0.249 0.096 0.218 0.330 0.032 0.074 
204 OmyJC19ROGR    (1)    2 :  0.161 0.094 0.342 0.279 0.034 0.090 
205 OmyJC19ROGR    (1)    2 :  0.428 0.111 0.122 0.181 0.084 0.075 
206 OmyJC19ROGR    (1)    2 :  0.041 0.064 0.036 0.028 0.805 0.026 
207 OmyJC19ROGR    (1)    2 :  0.220 0.166 0.249 0.123 0.174 0.068 
208 OmyJC19ROGR    (1)    2 :  0.155 0.176 0.360 0.233 0.029 0.048 
209 OmyJC19ROGR    (0)    2 :  0.065 0.209 0.049 0.080 0.491 0.106 
210 OmyJC19ROGR    (1)    2 :  0.034 0.018 0.013 0.021 0.902 0.012 
211 OmyJC19ROGR    (0)    2 :  0.152 0.376 0.147 0.175 0.109 0.041 
212 OmyJC19ROGR    (1)    2 :  0.148 0.055 0.097 0.195 0.188 0.317 
213 OmyJC19ROGR    (1)    2 :  0.519 0.160 0.067 0.180 0.023 0.052 
214 OmyJC19ROGR    (1)    2 :  0.383 0.031 0.387 0.139 0.026 0.034 
215 OmyJC19ROGR    (1)    2 :  0.039 0.102 0.435 0.368 0.017 0.039 
216 OmyJC19ROGR    (1)    2 :  0.050 0.049 0.039 0.033 0.810 0.019 
217 OmyJC19ROGR    (1)    2 :  0.166 0.076 0.164 0.187 0.340 0.069 
218 OmyJC19ROGR    (1)    2 :  0.282 0.063 0.090 0.124 0.026 0.415 
219 OmyJC19ROGR    (1)    2 :  0.186 0.076 0.323 0.298 0.092 0.024 
220 OmyJC19ROGR    (1)    2 :  0.093 0.285 0.331 0.187 0.008 0.096 
221 OmyJC19ROGR    (0)    2 :  0.325 0.142 0.110 0.122 0.246 0.056 
222 OmyJC19ROGR    (1)    2 :  0.368 0.096 0.166 0.211 0.028 0.131 
223 OmyJC19ROGR    (0)    2 :  0.437 0.097 0.188 0.168 0.046 0.065 
224 OmyJC19ROGR    (1)    2 :  0.133 0.194 0.487 0.101 0.020 0.065 
225 OmyJC19ROGR    (1)    2 :  0.026 0.017 0.018 0.013 0.914 0.013 
226 OmyJC19ROGR    (0)    2 :  0.102 0.517 0.065 0.131 0.156 0.028 
227 OmyJC19ROGR    (1)    2 :  0.032 0.026 0.019 0.016 0.882 0.024 
228 OmyJC19ROGR    (1)    2 :  0.451 0.140 0.219 0.113 0.043 0.033 
229 OmyJC19ROGR    (2)    2 :  0.259 0.284 0.064 0.293 0.021 0.078 
230 OmyJC19ROGR    (1)    2 :  0.203 0.105 0.190 0.248 0.146 0.109 
231 OmyJC19ROGR    (1)    2 :  0.437 0.149 0.150 0.183 0.045 0.037 
232 OmyJC19ROGR    (2)    2 :  0.213 0.403 0.123 0.105 0.034 0.122 
233 OmyJC19ROGR    (1)    2 :  0.172 0.097 0.223 0.362 0.082 0.062 
234 OmyJC19ROGR    (1)    2 :  0.017 0.022 0.020 0.022 0.894 0.024 
235 OmyJC19ROGR    (0)    2 :  0.045 0.066 0.176 0.130 0.508 0.075 
236 OmyJC19ROGR    (1)    2 :  0.096 0.042 0.511 0.176 0.017 0.158 
237 OmyJC19ROGR    (1)    2 :  0.115 0.144 0.372 0.162 0.082 0.125 
238 OmyJC19ROGR    (0)    2 :  0.222 0.035 0.423 0.186 0.100 0.035 
239 OmyJC19ROGR    (1)    2 :  0.031 0.175 0.319 0.396 0.047 0.033 
240 OmyJC19ROGR    (1)    2 :  0.181 0.522 0.072 0.148 0.030 0.048 
241 OmyJC19ROGR    (0)    2 :  0.085 0.157 0.103 0.215 0.056 0.383 
242 OmyJC19ROGR    (1)    2 :  0.035 0.080 0.342 0.430 0.013 0.101 
243 OmyJC19ROGR    (1)    2 :  0.276 0.120 0.120 0.145 0.033 0.306 
244 OmyJC19ROGR    (1)    2 :  0.383 0.089 0.113 0.183 0.048 0.183 
245 OmyJC19ROGR    (0)    2 :  0.013 0.017 0.016 0.017 0.927 0.009 
246 OmyJC19ROGR    (1)    2 :  0.055 0.042 0.087 0.136 0.155 0.524 
247 OmyJC19ROGR    (0)    2 :  0.117 0.083 0.084 0.136 0.458 0.122 
248 OmyJC19ROGR    (1)    2 :  0.071 0.276 0.043 0.089 0.486 0.034 
249 OmyJC19ROGR    (1)    2 :  0.282 0.141 0.326 0.176 0.039 0.036 
250 OmyJC19ROGR    (0)    2 :  0.144 0.252 0.154 0.314 0.073 0.064 
251 OmyJC19ROGR    (1)    2 :  0.322 0.190 0.119 0.266 0.045 0.057 
252 OmyJC19ROGR    (0)    2 :  0.069 0.060 0.036 0.060 0.025 0.750 
253 OmyJC19ROGR    (0)    2 :  0.070 0.460 0.143 0.244 0.050 0.034 
254 OmyJC19ROGR    (1)    2 :  0.314 0.105 0.094 0.141 0.043 0.303 
255 OmyJC19ROGR    (1)    2 :  0.308 0.105 0.068 0.074 0.021 0.425 
256 OmyJC19ROGR    (1)    2 :  0.223 0.048 0.102 0.093 0.249 0.284 
257 OmyJC19ROGR    (0)    2 :  0.334 0.174 0.224 0.162 0.059 0.048 
258 OmyAC19ROGR    (1)    1 :  0.274 0.245 0.131 0.073 0.171 0.104 
259 OmyAC19ROGR    (2)    1 :  0.061 0.152 0.163 0.130 0.444 0.050 
260 OmyAC19ROGR    (1)    1 :  0.052 0.294 0.291 0.289 0.016 0.058 
261 OmyAC19ROGR    (0)    1 :  0.215 0.364 0.113 0.242 0.035 0.030 
262 OmyAC19ROGR    (1)    1 :  0.130 0.309 0.134 0.195 0.094 0.138 
263 OmyAC19ROGR    (0)    1 :  0.217 0.054 0.105 0.200 0.029 0.395 
264 OmyAC19ROGR    (1)    1 :  0.376 0.094 0.114 0.336 0.043 0.038 
265 OmyAC19ROGR    (1)    1 :  0.184 0.092 0.298 0.311 0.029 0.086 
266 OmyAC19ROGR    (1)    1 :  0.632 0.102 0.103 0.100 0.014 0.048 
267 OmyAC19ROGR    (1)    1 :  0.077 0.277 0.212 0.247 0.128 0.059 
268 OmyAC19ROGR    (2)    1 :  0.132 0.143 0.165 0.177 0.096 0.287 
269 OmyAC19ROGR    (1)    1 :  0.079 0.388 0.092 0.273 0.123 0.044 
270 OmyAC19ROGR    (1)    1 :  0.231 0.110 0.084 0.089 0.024 0.461 
271 OmyAC19ROGR    (1)    1 :  0.054 0.362 0.102 0.175 0.262 0.046 
272 OmyAC19ROGR    (0)    1 :  0.381 0.109 0.142 0.202 0.146 0.019 
273 OmyAC19ROGR    (0)    1 :  0.093 0.361 0.152 0.304 0.027 0.063 
274 OmyAC19ROGR    (1)    1 :  0.054 0.096 0.043 0.043 0.743 0.020 
275 OmyAC19ROGR    (1)    1 :  0.107 0.160 0.255 0.188 0.112 0.178 
276 OmyAC19ROGR    (1)    1 :  0.147 0.146 0.309 0.321 0.041 0.037 
277 OmyAC19ROGR    (1)    1 :  0.244 0.321 0.140 0.206 0.059 0.029 
278 OmyAC19ROGR    (1)    1 :  0.150 0.064 0.296 0.215 0.242 0.033 
279 OmyAC19ROGR    (0)    1 :  0.062 0.140 0.407 0.185 0.170 0.036 
280 OmyAC19ROGR    (1)    1 :  0.145 0.240 0.075 0.057 0.105 0.377 
281 OmyAC19ROGR    (1)    1 :  0.068 0.527 0.209 0.119 0.039 0.037 
282 OmyAC19ROGR    (1)    1 :  0.103 0.348 0.108 0.206 0.150 0.084 
283 OmyAC19ROGR    (1)    1 :  0.203 0.136 0.214 0.363 0.035 0.049 
284 OmyAC19ROGR    (0)    1 :  0.523 0.048 0.061 0.235 0.027 0.107 
285 OmyAC19ROGR    (1)    1 :  0.092 0.132 0.181 0.359 0.035 0.201 
286 OmyAC19ROGR    (1)    1 :  0.206 0.109 0.202 0.348 0.018 0.118 
287 OmyAC19ROGR    (1)    1 :  0.010 0.013 0.010 0.013 0.947 0.007 
288 OmyAC19ROGR    (1)    1 :  0.028 0.039 0.102 0.062 0.723 0.046 
289 OmyAC19ROGR    (1)    1 :  0.083 0.165 0.285 0.363 0.074 0.031 
290 OmyAC19ROGR    (1)    1 :  0.021 0.013 0.014 0.013 0.920 0.019 
291 OmyAC19ROGR    (1)    1 :  0.162 0.087 0.098 0.127 0.407 0.118 
292 OmyAC19ROGR    (1)    1 :  0.126 0.408 0.086 0.107 0.211 0.062 
293 OmyAC19ROGR    (1)    1 :  0.080 0.105 0.083 0.129 0.023 0.580 
294 OmyAC19ROGR    (1)    1 :  0.210 0.070 0.266 0.233 0.182 0.038 
295 OmyAC19ROGR    (0)    1 :  0.237 0.222 0.199 0.205 0.019 0.118 
296 OmyAC19ROGR    (0)    1 :  0.186 0.110 0.352 0.254 0.028 0.069 
297 OmyAC19ROGR    (1)    1 :  0.064 0.055 0.050 0.042 0.767 0.022 
298 OmyAC19ROGR    (0)    1 :  0.206 0.071 0.434 0.238 0.015 0.036 
299 OmyAC19ROGR    (1)    1 :  0.079 0.050 0.232 0.181 0.196 0.263 
300 OmyAC19ROGR    (1)    1 :  0.112 0.352 0.299 0.159 0.024 0.054 
301 OmyAC19ROGR    (0)    1 :  0.035 0.034 0.020 0.032 0.860 0.020 
302 OmyAC19ROGR    (1)    1 :  0.167 0.054 0.197 0.123 0.422 0.038 
303 OmyAC19ROGR    (1)    1 :  0.088 0.467 0.165 0.154 0.090 0.036 
304 OmyAC19ROGR    (1)    1 :  0.045 0.172 0.478 0.144 0.106 0.057 
305 OmyAC19ROGR    (1)    1 :  0.070 0.102 0.435 0.321 0.021 0.051 
306 OmyAC19ROGR    (1)    1 :  0.192 0.083 0.051 0.083 0.572 0.018 
307 OmyAC19ROGR    (2)    1 :  0.121 0.410 0.173 0.129 0.014 0.152 
308 OmyAC19ROGR    (0)    1 :  0.134 0.250 0.245 0.251 0.086 0.034 
309 OmyAC19ROGR    (2)    1 :  0.018 0.019 0.024 0.020 0.895 0.024 
310 OmyAC19ROGR    (0)    1 :  0.120 0.241 0.070 0.123 0.402 0.043 
311 OmyAC19ROGR    (0)    1 :  0.074 0.100 0.178 0.190 0.426 0.032 
312 OmyAC19ROGR    (0)    1 :  0.105 0.074 0.157 0.114 0.031 0.519 
313 OmyAC19ROGR    (1)    1 :  0.195 0.076 0.418 0.203 0.016 0.092 
314 OmyAC19ROGR    (0)    1 :  0.073 0.096 0.088 0.128 0.041 0.574 
315 OmyAC19ROGR    (1)    1 :  0.330 0.198 0.093 0.273 0.042 0.064 
316 OmyAC19ROGR    (1)    1 :  0.192 0.135 0.253 0.340 0.028 0.052 
317 OmyAC19ROGR    (1)    1 :  0.034 0.580 0.084 0.125 0.029 0.147 
318 OmyAC19ROGR    (1)    1 :  0.138 0.177 0.126 0.151 0.025 0.383 
319 OmyAC19ROGR    (1)    1 :  0.097 0.236 0.195 0.375 0.016 0.081 
320 OmyAC19ROGR    (0)    1 :  0.320 0.048 0.414 0.154 0.011 0.053 
321 OmyAC19ROGR    (1)    1 :  0.183 0.245 0.408 0.099 0.018 0.046 
322 OmyAC19ROGR    (0)    1 :  0.148 0.362 0.090 0.095 0.269 0.037 
323 OmyAC19ROGR    (1)    1 :  0.495 0.089 0.155 0.218 0.023 0.019 
324 OmyAC19ROGR    (1)    1 :  0.707 0.054 0.076 0.068 0.015 0.080 
325 OmyAC19ROGR    (1)    1 :  0.112 0.278 0.061 0.199 0.321 0.030 
326 OmyAC19ROGR    (1)    1 :  0.295 0.173 0.268 0.189 0.040 0.034 
327 OmyAC19ROGR    (1)    1 :  0.410 0.034 0.258 0.189 0.033 0.076 
328 OmyJC18ROGR    (1)    2 :  0.161 0.045 0.110 0.080 0.040 0.564 
329 OmyJC18ROGR    (0)    2 :  0.381 0.177 0.121 0.229 0.049 0.043 
330 OmyJC18ROGR    (0)    2 :  0.604 0.121 0.117 0.089 0.051 0.018 
331 OmyJC18ROGR    (1)    2 :  0.073 0.054 0.104 0.102 0.621 0.046 
332 OmyJC18ROGR    (1)    2 :  0.029 0.083 0.079 0.115 0.657 0.038 
333 OmyJC18ROGR    (1)    2 :  0.029 0.070 0.043 0.042 0.794 0.022 
334 OmyJC18ROGR    (1)    2 :  0.550 0.083 0.051 0.069 0.149 0.098 
335 OmyJC18ROGR    (0)    2 :  0.188 0.147 0.228 0.098 0.017 0.321 
336 OmyJC18ROGR    (1)    2 :  0.042 0.032 0.024 0.030 0.852 0.019 
337 OmyJC18ROGR    (1)    2 :  0.117 0.144 0.313 0.372 0.026 0.028 
338 OmyJC18ROGR    (1)    2 :  0.029 0.030 0.046 0.046 0.832 0.016 
339 OmyJC18ROGR    (1)    2 :  0.152 0.354 0.071 0.360 0.034 0.030 
340 OmyJC18ROGR    (0)    2 :  0.109 0.095 0.120 0.119 0.140 0.418 
341 OmyJC18ROGR    (1)    2 :  0.110 0.087 0.223 0.462 0.012 0.105 
342 OmyJC18ROGR    (2)    2 :  0.130 0.161 0.146 0.202 0.306 0.056 
343 OmyJC18ROGR    (2)    2 :  0.099 0.153 0.126 0.196 0.271 0.154 
344 OmyJC18ROGR    (3)    2 :  0.050 0.204 0.146 0.168 0.378 0.054 
345 OmyJC18ROGR    (2)    2 :  0.072 0.068 0.062 0.070 0.654 0.075 
346 OmyJC18ROGR    (4)    2 :  0.778 0.083 0.070 0.035 0.016 0.018 
347 OmyJC18ROGR    (3)    2 :  0.176 0.188 0.224 0.348 0.032 0.032 
348 OmyJC18ROGR    (1)    2 :  0.156 0.458 0.101 0.116 0.124 0.046 
349 OmyJC18ROGR    (1)    2 :  0.119 0.191 0.476 0.153 0.024 0.037 
350 OmyJC18ROGR    (1)    2 :  0.070 0.052 0.503 0.326 0.029 0.021 
351 OmyJC18ROGR    (0)    2 :  0.041 0.068 0.085 0.096 0.691 0.019 
352 OmyJC18ROGR    (4)    2 :  0.100 0.048 0.291 0.177 0.330 0.054 
353 OmyJC18ROGR    (2)    2 :  0.279 0.148 0.102 0.224 0.139 0.108 
354 OmyJC18ROGR    (1)    2 :  0.381 0.251 0.065 0.215 0.058 0.030 
355 OmyJC18ROGR    (2)    2 :  0.280 0.408 0.075 0.176 0.024 0.037 
356 OmyJC18ROGR    (1)    2 :  0.150 0.110 0.133 0.233 0.030 0.344 
357 OmyJC18ROGR    (2)    2 :  0.030 0.041 0.046 0.038 0.641 0.204 
358 OmyJC18ROGR    (2)    2 :  0.113 0.153 0.170 0.266 0.013 0.285 
359 OmyJC18ROGR    (3)    2 :  0.072 0.297 0.238 0.270 0.054 0.069 
360 OmyJC18ROGR    (0)    2 :  0.137 0.277 0.059 0.171 0.040 0.315 
361 OmyJC18ROGR    (1)    2 :  0.671 0.054 0.127 0.098 0.012 0.038 
362 OmyJC18ROGR    (1)    2 :  0.402 0.082 0.080 0.258 0.129 0.050 
363 OmyJC18ROGR    (2)    2 :  0.210 0.224 0.073 0.221 0.141 0.130 
364 OmyJC18ROGR    (3)    2 :  0.070 0.150 0.450 0.280 0.018 0.032 
365 OmyJC18ROGR    (4)    2 :  0.243 0.301 0.217 0.188 0.028 0.022 
366 OmyJC18ROGR    (4)    2 :  0.116 0.178 0.214 0.212 0.023 0.256 
367 OmyJC18ROGR    (3)    2 :  0.072 0.058 0.037 0.055 0.753 0.026 
368 OmyJC18ROGR    (3)    2 :  0.101 0.123 0.210 0.190 0.319 0.057 
369 OmyJC18ROGR    (2)    2 :  0.102 0.404 0.062 0.112 0.062 0.258 
370 OmyJC18ROGR    (3)    2 :  0.203 0.333 0.157 0.219 0.041 0.047 
371 OmyJC18ROGR    (1)    2 :  0.185 0.308 0.148 0.265 0.029 0.066 
372 OmyJC18ROGR    (3)    2 :  0.111 0.226 0.256 0.273 0.073 0.061 
373 OmyJC18ROGR    (5)    2 :  0.156 0.077 0.071 0.146 0.077 0.473 
374 OmyJC18ROGR    (5)    2 :  0.035 0.063 0.066 0.059 0.018 0.759 
375 OmyJC18ROGR    (3)    2 :  0.164 0.297 0.251 0.170 0.074 0.044 
376 OmyJC18ROGR    (3)    2 :  0.032 0.027 0.028 0.035 0.860 0.019 
377 OmyJC18ROGR    (4)    2 :  0.169 0.125 0.088 0.082 0.187 0.349 
378 OmyJC18ROGR    (0)    2 :  0.109 0.195 0.234 0.268 0.055 0.138 
379 OmyJC18ROGR    (5)    2 :  0.222 0.075 0.219 0.332 0.078 0.073 
380 OmyJC18ROGR    (4)    2 :  0.250 0.324 0.073 0.197 0.085 0.071 
381 OmyJC18ROGR    (1)    2 :  0.073 0.354 0.233 0.230 0.035 0.075 
382 OmyJC18ROGR    (1)    2 :  0.147 0.167 0.211 0.369 0.022 0.083 
383 OmyJC18ROGR    (3)    2 :  0.239 0.166 0.052 0.094 0.406 0.043 
384 OmyJC18ROGR    (2)    2 :  0.111 0.032 0.485 0.221 0.129 0.023 
385 OmyJC18ROGR    (4)    2 :  0.633 0.086 0.107 0.111 0.039 0.024 
386 OmyJC18ROGR    (2)    2 :  0.097 0.117 0.317 0.094 0.342 0.032 
387 OmyJC18ROGR    (1)    2 :  0.090 0.126 0.165 0.162 0.229 0.227 
388 OmyJC18ROGR    (6)    2 :  0.057 0.389 0.089 0.217 0.036 0.212 
389 OmyJC18ROGR    (1)    2 :  0.189 0.150 0.128 0.398 0.095 0.040 
390 OmyJC18ROGR    (1)    2 :  0.152 0.126 0.435 0.170 0.054 0.063 
391 OmyJC18ROGR    (3)    2 :  0.024 0.028 0.038 0.024 0.849 0.039 
392 OmyJC18ROGR    (2)    2 :  0.202 0.175 0.176 0.162 0.027 0.259 
393 OmyJC18ROGR    (4)    2 :  0.057 0.055 0.042 0.064 0.068 0.713 
394 OmyJC18ROGR    (3)    2 :  0.061 0.057 0.097 0.063 0.704 0.018 
395 OmyJC18ROGR    (7)    2 :  0.101 0.143 0.087 0.174 0.175 0.320 
396 OmyJC18ROGR    (4)    2 :  0.082 0.038 0.103 0.078 0.538 0.161 
397 OmyJC18ROGR    (1)    2 :  0.238 0.187 0.243 0.218 0.037 0.076 
398 OmyJC18ROGR    (3)    2 :  0.320 0.140 0.106 0.176 0.161 0.097 
399 OmyJC18ROGR    (2)    2 :  0.105 0.272 0.058 0.090 0.265 0.211 
400 OmyJC18ROGR    (0)    2 :  0.334 0.147 0.223 0.175 0.047 0.074 
401 OmyJC18ROGR    (6)    2 :  0.088 0.095 0.032 0.087 0.048 0.650 
402 OmyJC18ROGR    (5)    2 :  0.133 0.266 0.056 0.096 0.184 0.265 
403 OmyJC18ROGR    (1)    2 :  0.164 0.328 0.101 0.125 0.106 0.176 
404 OmyJC18ROGR    (2)    2 :  0.115 0.367 0.167 0.233 0.087 0.030 
405 OmyJC18ROGR    (3)    2 :  0.225 0.073 0.465 0.151 0.023 0.064 
406 OmyJC18ROGR    (2)    2 :  0.216 0.305 0.295 0.123 0.030 0.031 
407 OmyJC18ROGR    (2)    2 :  0.060 0.057 0.375 0.220 0.083 0.206 
408 OmyJC18ROGR    (2)    2 :  0.143 0.062 0.309 0.182 0.091 0.212 
409 OmyJC18ROGR    (1)    2 :  0.317 0.162 0.140 0.149 0.025 0.207 
410 OmyJC18ROGR    (1)    2 :  0.371 0.064 0.225 0.278 0.019 0.043 
411 OmyJC18ROGR    (1)    2 :  0.377 0.292 0.041 0.216 0.028 0.045 
412 OmyJC18ROGR    (0)    2 :  0.152 0.096 0.522 0.188 0.017 0.024 
413 OmyJC18ROGR    (1)    2 :  0.457 0.059 0.335 0.094 0.030 0.024 
414 OmyJC18ROGR    (2)    2 :  0.166 0.235 0.197 0.347 0.018 0.037 
415 OmyJC18ROGR    (2)    2 :  0.413 0.373 0.035 0.077 0.014 0.088 
416 OmyJC18ROGR    (3)    2 :  0.281 0.322 0.150 0.148 0.050 0.049 
417 OmyJC18ROGR    (1)    2 :  0.413 0.066 0.121 0.140 0.035 0.224 
418 OmyJC18ROGR    (0)    2 :  0.143 0.051 0.031 0.068 0.034 0.674 
419 OmyJC18ROGR    (1)    2 :  0.263 0.186 0.186 0.150 0.022 0.193 
420 OmyJC18ROGR    (0)    2 :  0.528 0.180 0.104 0.140 0.022 0.026 
421 OmyJC18ROGR    (1)    2 :  0.156 0.114 0.420 0.211 0.043 0.055 
422 OmyJC18ROGR    (6)    2 :  0.050 0.723 0.033 0.131 0.024 0.038 
423 OmyJC18ROGR    (2)    2 :  0.557 0.109 0.074 0.139 0.036 0.086 
424 OmyJC18ROGR    (1)    2 :  0.457 0.078 0.066 0.125 0.174 0.100 
425 OmyJC18ROGR    (1)    2 :  0.172 0.223 0.172 0.161 0.232 0.039 
426 OmyJC18ROGR    (3)    2 :  0.295 0.176 0.161 0.224 0.027 0.116 
427 OmyJC18ROGR    (2)    2 :  0.063 0.086 0.171 0.098 0.569 0.013 
428 OmyJC18ROGR    (6)    2 :  0.763 0.059 0.055 0.083 0.015 0.024 
429 OmyJC18ROGR    (1)    2 :  0.183 0.303 0.163 0.172 0.164 0.016 
430 OmyJC18ROGR    (1)    2 :  0.064 0.472 0.062 0.210 0.094 0.098 
431 OmyJC18ROGR    (0)    2 :  0.604 0.105 0.079 0.143 0.035 0.035 
432 OmyJC18ROGR    (2)    2 :  0.034 0.069 0.055 0.044 0.761 0.037 
433 OmyJC18ROGR    (2)    2 :  0.060 0.170 0.059 0.110 0.050 0.552 
434 OmyJC18ROGR    (2)    2 :  0.156 0.263 0.055 0.416 0.074 0.035 
435 OmyJC18ROGR    (8)    2 :  0.466 0.054 0.216 0.106 0.063 0.096 
436 OmyJC18ROGR    (2)    2 :  0.428 0.190 0.133 0.110 0.028 0.112 
437 OmyJC18ROGR    (4)    2 :  0.230 0.206 0.176 0.205 0.024 0.159 
438 OmyJC18ROGR    (1)    2 :  0.052 0.066 0.029 0.036 0.046 0.770 
439 OmyJC18ROGR    (2)    2 :  0.078 0.219 0.094 0.091 0.463 0.056 
440 OmyJC18ROGR    (0)    2 :  0.036 0.069 0.024 0.036 0.084 0.751 
441 OmyJC18ROGR    (1)    2 :  0.042 0.057 0.471 0.387 0.018 0.025 
442 OmyJC18ROGR    (6)    2 :  0.070 0.359 0.251 0.118 0.086 0.116 
443 OmyJC18ROGR    (1)    2 :  0.111 0.089 0.567 0.186 0.015 0.033 
444 OmyJC18ROGR    (6)    2 :  0.297 0.092 0.148 0.161 0.035 0.268 
445 OmyJC18ROGR    (2)    2 :  0.274 0.215 0.124 0.168 0.051 0.169 
446 OmyJC18ROGR    (3)    2 :  0.119 0.092 0.093 0.269 0.239 0.187 
447 OmyJC18ROGR    (2)    2 :  0.104 0.255 0.253 0.248 0.074 0.066 
448 OmyJC18ROGR    (3)    2 :  0.096 0.397 0.148 0.281 0.039 0.038 
449 OmyJC18ROGR    (1)    2 :  0.134 0.100 0.482 0.200 0.025 0.059 
450 OmyJC18ROGR    (4)    2 :  0.436 0.049 0.076 0.095 0.166 0.178 
451 OmyJC18ROGR    (3)    2 :  0.130 0.183 0.187 0.405 0.030 0.065 
452 OmyJC18ROGR    (1)    2 :  0.244 0.350 0.171 0.150 0.060 0.025 
453 OmyJC18ROGR    (1)    2 :  0.246 0.093 0.306 0.315 0.018 0.022 
454 OmyJC18ROGR    (4)    2 :  0.142 0.097 0.226 0.214 0.042 0.280 
455 OmyJC18ROGR    (4)    2 :  0.086 0.070 0.158 0.203 0.399 0.085 
456 OmyJC18ROGR    (5)    2 :  0.554 0.109 0.073 0.122 0.093 0.049 
457 OmyJC18ROGR    (3)    2 :  0.091 0.439 0.072 0.147 0.021 0.230 
458 OmyJC18ROGR    (1)    2 :  0.389 0.072 0.210 0.193 0.027 0.109 
459 OmyJC18ROGR    (1)    2 :  0.034 0.035 0.024 0.034 0.853 0.020 
460 OmyJC18ROGR    (2)    2 :  0.310 0.090 0.253 0.297 0.027 0.022 
461 OmyJC18ROGR    (1)    2 :  0.034 0.093 0.044 0.068 0.698 0.063 
462 OmyJC18ROGR    (1)    2 :  0.178 0.192 0.365 0.116 0.014 0.136 
463 OmyJC18ROGR    (4)    2 :  0.126 0.212 0.321 0.259 0.041 0.041 
464 OmyJC18ROGR    (6)    2 :  0.272 0.178 0.206 0.133 0.019 0.192 
465 OmyJC18ROGR    (3)    2 :  0.257 0.044 0.104 0.104 0.030 0.461 
466 OmyJC18ROGR    (3)    2 :  0.187 0.072 0.269 0.143 0.063 0.266 
467 OmyJC18ROGR    (2)    2 :  0.055 0.689 0.060 0.124 0.045 0.026 
468 OmyJC18ROGR    (2)    2 :  0.514 0.070 0.177 0.170 0.013 0.054 
469 OmyJC18ROGR    (1)    2 :  0.020 0.020 0.021 0.016 0.903 0.019 
470 OmyJC18ROGR    (0)    2 :  0.095 0.093 0.074 0.130 0.176 0.433 
471 OmyJC18ROGR    (2)    2 :  0.367 0.191 0.054 0.289 0.053 0.046 
472 OmyJC18ROGR    (2)    2 :  0.755 0.043 0.130 0.049 0.007 0.016 
473 OmyJC18ROGR    (1)    2 :  0.234 0.219 0.249 0.184 0.056 0.057 
474 OmyJC18ROGR    (3)    2 :  0.607 0.063 0.144 0.111 0.040 0.035 
475 OmyJC18ROGR    (1)    2 :  0.117 0.234 0.100 0.280 0.059 0.210 
476 OmyJC18ROGR    (2)    2 :  0.129 0.281 0.246 0.258 0.024 0.063 
477 OmyJC18ROGR    (0)    2 :  0.124 0.366 0.069 0.217 0.048 0.175 
478 OmyJC18ROGR    (1)    2 :  0.187 0.092 0.161 0.460 0.049 0.050 
479 OmyJC18ROGR    (1)    2 :  0.205 0.369 0.099 0.149 0.038 0.140 
480 OmyJC18ROGR    (1)    2 :  0.224 0.214 0.141 0.319 0.062 0.041 
481 OmyJC18ROGR    (1)    2 :  0.195 0.213 0.252 0.259 0.035 0.045 
482 OmyJC18ROGR    (1)    2 :  0.094 0.234 0.153 0.221 0.028 0.271 
483 OmyJC18ROGR    (0)    2 :  0.099 0.149 0.374 0.235 0.026 0.117 
484 OmyJC18ROGR    (0)    2 :  0.036 0.199 0.434 0.242 0.059 0.030 
485 OmyJC18ROGR    (0)    2 :  0.153 0.362 0.080 0.132 0.020 0.253 
486 OmyJC18ROGR    (0)    2 :  0.236 0.074 0.248 0.318 0.031 0.092 
487 OmyJC18ROGR    (1)    2 :  0.037 0.245 0.041 0.139 0.026 0.511 
488 OmyJC18ROGR    (1)    2 :  0.162 0.192 0.128 0.270 0.054 0.195 
489 OmyJC18ROGR    (1)    2 :  0.123 0.159 0.296 0.353 0.038 0.031 
490 OmyJC18ROGR    (0)    2 :  0.309 0.118 0.300 0.231 0.018 0.024 
491 OmyJC18ROGR    (0)    2 :  0.067 0.071 0.188 0.119 0.050 0.505 
492 OmyJC18ROGR    (5)    2 :  0.034 0.054 0.030 0.040 0.772 0.070 
493 OmyJC18ROGR    (1)    2 :  0.052 0.494 0.051 0.105 0.170 0.129 
494 OmyJC18ROGR    (3)    2 :  0.587 0.054 0.093 0.174 0.025 0.067 
495 OmyJC18ROGR    (1)    2 :  0.183 0.343 0.104 0.202 0.059 0.108 
496 OmyJC18ROGR    (1)    2 :  0.510 0.078 0.070 0.234 0.086 0.022 
497 OmyJC18ROGR    (1)    2 :  0.362 0.232 0.073 0.184 0.016 0.132 
498 OmyJC18ROGR    (1)    2 :  0.080 0.109 0.299 0.268 0.045 0.198 
499 OmyJC18ROGR    (1)    2 :  0.229 0.128 0.216 0.271 0.029 0.127 
500 OmyJC18ROGR    (1)    2 :  0.447 0.105 0.214 0.142 0.069 0.023 
501 OmyJC18ROGR    (2)    2 :  0.266 0.121 0.130 0.178 0.020 0.286 
502 OmyJC18ROGR    (1)    2 :  0.049 0.111 0.120 0.216 0.162 0.342 
503 OmyJC18ROGR    (2)    2 :  0.165 0.077 0.328 0.252 0.067 0.111 
504 OmyJC18ROGR    (2)    2 :  0.085 0.194 0.053 0.097 0.055 0.515 
505 OmyJC18ROGR    (2)    2 :  0.630 0.041 0.113 0.112 0.045 0.059 
506 OmyJC18ROGR    (3)    2 :  0.434 0.079 0.118 0.222 0.063 0.085 
507 OmyJC18ROGR    (1)    2 :  0.280 0.297 0.179 0.134 0.077 0.033 
508 OmyJC18ROGR    (7)    2 :  0.426 0.239 0.091 0.149 0.027 0.068 
509 OmyJC18ROGR    (1)    2 :  0.088 0.321 0.073 0.252 0.111 0.156 
510 OmyJC18ROGR    (1)    2 :  0.012 0.018 0.010 0.012 0.936 0.012 
511 OmyJC18ROGR    (2)    2 :  0.107 0.043 0.104 0.098 0.107 0.540 
512 OmyJC18ROGR    (1)    2 :  0.224 0.068 0.107 0.188 0.018 0.394 
513 OmyJC18ROGR    (3)    2 :  0.220 0.522 0.067 0.143 0.020 0.028 
514 OmyJC18ROGR    (1)    2 :  0.032 0.028 0.039 0.032 0.021 0.849 
515 OmyJC18ROGR    (5)    2 :  0.151 0.409 0.240 0.116 0.025 0.059 
516 OmyJC18ROGR    (3)    2 :  0.097 0.053 0.052 0.115 0.303 0.380 
517 OmyJC18ROGR    (1)    2 :  0.082 0.117 0.349 0.181 0.013 0.258 
518 OmyJC18ROGR    (1)    2 :  0.069 0.085 0.109 0.119 0.470 0.148 
519 OmyJC18ROGR    (0)    2 :  0.432 0.173 0.082 0.094 0.082 0.137 
520 OmyJC18ROGR    (0)    2 :  0.062 0.111 0.414 0.290 0.029 0.094 
521 OmyJC18ROGR    (2)    2 :  0.314 0.349 0.063 0.151 0.058 0.066 
522 OmyJC18ROGR    (2)    2 :  0.317 0.091 0.085 0.134 0.304 0.068 
523 OmyJC18ROGR    (1)    2 :  0.105 0.235 0.104 0.178 0.191 0.187 
524 OmyJC18ROGR    (3)    2 :  0.306 0.078 0.117 0.326 0.096 0.079 
525 OmyJC18ROGR    (1)    2 :  0.037 0.593 0.062 0.188 0.029 0.091 
526 OmyJC18ROGR    (7)    2 :  0.169 0.147 0.314 0.311 0.014 0.044 
527 OmyJC18ROGR    (4)    2 :  0.375 0.075 0.270 0.166 0.073 0.040 
528 OmyJC18ROGR    (1)    2 :  0.102 0.066 0.400 0.260 0.018 0.155 
529 OmyJC18ROGR    (2)    2 :  0.338 0.056 0.399 0.142 0.022 0.043 
530 OmyJC18ROGR    (1)    2 :  0.262 0.283 0.079 0.083 0.043 0.249 
531 OmyJC18ROGR    (2)    2 :  0.126 0.099 0.419 0.281 0.023 0.052 
532 OmyJC18ROGR    (2)    2 :  0.404 0.198 0.186 0.114 0.013 0.086 
533 OmyJC18ROGR    (5)    2 :  0.016 0.034 0.026 0.028 0.874 0.022 
534 OmyJC18ROGR    (2)    2 :  0.407 0.063 0.185 0.204 0.064 0.077 
535 OmyJC18ROGR    (3)    2 :  0.096 0.150 0.261 0.251 0.043 0.199 
536 OmyJC18ROGR    (0)    2 :  0.279 0.163 0.227 0.209 0.088 0.034 
537 OmyJC18ROGR    (3)    2 :  0.130 0.191 0.142 0.342 0.158 0.036 
538 OmyJC18ROGR    (1)    2 :  0.283 0.407 0.079 0.124 0.020 0.087 
539 OmyJC18ROGR    (1)    2 :  0.257 0.157 0.093 0.178 0.044 0.271 
540 OmyJC18ROGR    (1)    2 :  0.239 0.109 0.356 0.186 0.038 0.072 
541 OmyJC18ROGR    (5)    2 :  0.204 0.114 0.202 0.251 0.010 0.219 
542 OmyJC18ROGR    (4)    2 :  0.117 0.275 0.195 0.301 0.066 0.046 
543 OmyJC18ROGR    (2)    2 :  0.213 0.163 0.154 0.195 0.014 0.260 
544 OmyJC18ROGR    (2)    2 :  0.191 0.478 0.036 0.110 0.029 0.156 
545 OmyJC18ROGR    (2)    2 :  0.067 0.176 0.207 0.264 0.180 0.105 
546 OmyJC18ROGR    (1)    2 :  0.255 0.104 0.230 0.188 0.033 0.189 
547 OmyJC18ROGR    (1)    2 :  0.238 0.164 0.153 0.244 0.051 0.151 
548 OmyJC18ROGR    (1)    2 :  0.073 0.053 0.041 0.072 0.725 0.037 
549 OmyJC18ROGR    (1)    2 :  0.038 0.134 0.293 0.260 0.194 0.080 
550 OmyJC18ROGR    (2)    2 :  0.177 0.127 0.187 0.261 0.197 0.051 
