

----------------------------------------------------
STRUCTURE by Pritchard, Stephens and Donnelly (2000)
     and Falush, Stephens and Pritchard (2003)
       Code by Pritchard, Falush and Hubisz
             Version 2.3.4 (Jul 2012)
----------------------------------------------------



Command line arguments:   bin/structure -m "/Users/ddayan/FRA/premature_migration/Rogue_Half-Pounder/rogue_half_pounder_repo/structure/halfpounder/10k_20k_adm_corr/mainparams" -e "/Users/ddayan/FRA/premature_migration/Rogue_Half-Pounder/rogue_half_pounder_repo/structure/halfpounder/10k_20k_adm_corr/extraparams" 
Input File:    /Users/ddayan/FRA/premature_migration/Rogue_Half-Pounder/rogue_half_pounder_repo/structure/halfpounder/project_data

Run parameters:
   882 individuals
   330 loci
   5 populations assumed
   10000 Burn-in period
   20000 Reps


--------------------------------------------
Proportion of membership of each pre-defined
 population in each of the 5 clusters

Given    Inferred Clusters                     Number of
 Pop       1      2      3      4      5      Individuals

  1:     0.198  0.180  0.200  0.191  0.231      157
  2:     0.214  0.185  0.210  0.192  0.199      643
  3:     0.299  0.080  0.325  0.050  0.245       40
  4:     0.066  0.714  0.080  0.043  0.096       42
--------------------------------------------

Allele-freq. divergence among pops (Net nucleotide distance),
computed using point estimates of P.

      1       2       3       4       5      
 1      -    0.0034  0.0012  0.0080  0.0010  
 2   0.0034     -    0.0038  0.0105  0.0031  
 3   0.0012  0.0038     -    0.0080  0.0012  
 4   0.0080  0.0105  0.0080     -    0.0079  
 5   0.0010  0.0031  0.0012  0.0079     -    

Average distances (expected heterozygosity) between individuals in same cluster:
cluster  1  : 0.2853 
cluster  2  : 0.2803 
cluster  3  : 0.2857 
cluster  4  : 0.2545 
cluster  5  : 0.2856 

--------------------------------------------
Estimated Ln Prob of Data   = -247755.9
Mean value of ln likelihood = -246119.1
Variance of ln likelihood   = 3273.6
Mean value of alpha         = 0.1742

Mean value of Fst_1         = 0.0112
Mean value of Fst_2         = 0.0251
Mean value of Fst_3         = 0.0127
Mean value of Fst_4         = 0.0698
Mean value of Fst_5         = 0.0115


Inferred ancestry of individuals:
        Label (%Miss) Pop:  Inferred clusters
  1 OmyAC19ROGR    (0)    1 :  0.375 0.320 0.092 0.012 0.201 
  2 OmyAC19ROGR    (1)    1 :  0.231 0.203 0.087 0.081 0.398 
  3 OmyAC19ROGR    (1)    1 :  0.450 0.146 0.045 0.050 0.310 
  4 OmyAC19ROGR    (1)    1 :  0.324 0.110 0.354 0.023 0.188 
  5 OmyAC19ROGR    (2)    1 :  0.015 0.013 0.013 0.942 0.017 
  6 OmyAC19ROGR    (1)    1 :  0.556 0.043 0.066 0.201 0.135 
  7 OmyAC19ROGR    (1)    1 :  0.140 0.175 0.373 0.193 0.120 
  8 OmyAC19ROGR    (0)    1 :  0.111 0.097 0.138 0.014 0.640 
  9 OmyAC19ROGR    (1)    1 :  0.407 0.168 0.044 0.174 0.207 
 10 OmyAC19ROGR    (1)    1 :  0.066 0.159 0.115 0.515 0.146 
 11 OmyAC19ROGR    (0)    1 :  0.470 0.137 0.173 0.113 0.107 
 12 OmyAC19ROGR    (0)    1 :  0.568 0.071 0.125 0.128 0.109 
 13 OmyAC19ROGR    (1)    1 :  0.078 0.143 0.318 0.023 0.438 
 14 OmyAC19ROGR    (1)    1 :  0.101 0.031 0.330 0.457 0.081 
 15 OmyAC19ROGR    (2)    1 :  0.109 0.033 0.337 0.449 0.071 
 16 OmyAC19ROGR    (1)    1 :  0.282 0.143 0.264 0.106 0.205 
 17 OmyAC19ROGR    (1)    1 :  0.183 0.016 0.160 0.085 0.557 
 18 OmyAC19ROGR    (2)    1 :  0.077 0.227 0.183 0.024 0.489 
 19 OmyAC19ROGR    (1)    1 :  0.080 0.098 0.483 0.048 0.291 
 20 OmyAC19ROGR    (1)    1 :  0.262 0.023 0.414 0.202 0.099 
 21 OmyAC19ROGR    (1)    1 :  0.121 0.080 0.169 0.205 0.425 
 22 OmyAC19ROGR    (1)    1 :  0.216 0.379 0.123 0.070 0.213 
 23 OmyAC19ROGR    (1)    1 :  0.294 0.095 0.079 0.141 0.391 
 24 OmyAC19ROGR    (1)    1 :  0.093 0.813 0.036 0.018 0.041 
 25 OmyAC19ROGR    (1)    1 :  0.090 0.073 0.387 0.218 0.232 
 26 OmyAC19ROGR    (1)    1 :  0.134 0.286 0.069 0.107 0.404 
 27 OmyAC19ROGR    (1)    1 :  0.264 0.056 0.504 0.046 0.131 
 28 OmyAC19ROGR    (1)    1 :  0.048 0.887 0.018 0.020 0.028 
 29 OmyAC19ROGR    (1)    1 :  0.359 0.143 0.107 0.059 0.333 
 30 OmyAC19ROGR    (1)    1 :  0.069 0.050 0.063 0.647 0.172 
 31 OmyAC19ROGR    (1)    1 :  0.274 0.138 0.116 0.034 0.438 
 32 OmyAC19ROGR    (1)    1 :  0.140 0.181 0.139 0.099 0.442 
 33 OmyAC19ROGR    (1)    1 :  0.255 0.290 0.132 0.131 0.192 
 34 OmyAC19ROGR    (1)    1 :  0.055 0.050 0.244 0.565 0.086 
 35 OmyAC19ROGR    (0)    1 :  0.105 0.215 0.140 0.094 0.446 
 36 OmyAC19ROGR    (1)    1 :  0.296 0.078 0.095 0.171 0.359 
 37 OmyAC19ROGR    (1)    1 :  0.101 0.542 0.184 0.095 0.079 
 38 OmyAC19ROGR    (1)    1 :  0.048 0.345 0.023 0.521 0.063 
 39 OmyAC19ROGR    (1)    1 :  0.060 0.035 0.083 0.108 0.714 
 40 OmyAC19ROGR    (0)    1 :  0.232 0.036 0.302 0.293 0.136 
 41 OmyAC19ROGR    (1)    1 :  0.230 0.086 0.534 0.026 0.124 
 42 OmyAC19ROGR    (1)    1 :  0.047 0.019 0.053 0.830 0.050 
 43 OmyAC19ROGR    (1)    1 :  0.364 0.161 0.052 0.041 0.382 
 44 OmyAC19ROGR    (7)    1 :  0.394 0.081 0.056 0.041 0.428 
 45 OmyAC19ROGR    (2)    1 :  0.215 0.301 0.061 0.337 0.086 
 46 OmyAC19ROGR    (1)    1 :  0.121 0.417 0.203 0.054 0.206 
 47 OmyAC19ROGR    (0)    1 :  0.100 0.759 0.043 0.049 0.048 
 48 OmyAC19ROGR    (1)    1 :  0.451 0.109 0.058 0.045 0.337 
 49 OmyAC19ROGR    (0)    1 :  0.159 0.281 0.274 0.035 0.251 
 50 OmyAC19ROGR    (1)    1 :  0.118 0.021 0.540 0.027 0.295 
 51 OmyAC19ROGR    (2)    1 :  0.081 0.058 0.083 0.730 0.048 
 52 OmyAC19ROGR    (1)    1 :  0.029 0.033 0.024 0.882 0.033 
 53 OmyAC19ROGR    (2)    1 :  0.159 0.653 0.063 0.030 0.095 
 54 OmyAC19ROGR    (1)    1 :  0.134 0.585 0.092 0.060 0.129 
 55 OmyAC19ROGR    (3)    1 :  0.123 0.051 0.188 0.084 0.555 
 56 OmyAC19ROGR    (1)    1 :  0.075 0.481 0.243 0.086 0.115 
 57 OmyAC19ROGR    (0)    1 :  0.078 0.663 0.076 0.022 0.161 
 58 OmyAC19ROGR    (1)    1 :  0.077 0.037 0.069 0.746 0.071 
 59 OmyAC19ROGR    (0)    1 :  0.153 0.592 0.123 0.021 0.110 
 60 OmyAC19ROGR    (2)    1 :  0.401 0.076 0.284 0.113 0.126 
 61 OmyAC19ROGR    (1)    1 :  0.103 0.517 0.190 0.054 0.137 
 62 OmyAC19ROGR    (1)    1 :  0.464 0.084 0.090 0.033 0.329 
 63 OmyAC19ROGR    (0)    1 :  0.153 0.395 0.126 0.203 0.123 
 64 OmyAC19ROGR    (3)    1 :  0.407 0.095 0.302 0.059 0.136 
 65 OmyAC19ROGR    (1)    1 :  0.172 0.101 0.264 0.067 0.396 
 66 OmyAC19ROGR    (4)    1 :  0.071 0.033 0.493 0.252 0.151 
 67 OmyAC19ROGR    (0)    1 :  0.126 0.311 0.437 0.031 0.095 
 68 OmyAC19ROGR    (2)    1 :  0.168 0.444 0.080 0.045 0.263 
 69 OmyAC19ROGR    (2)    1 :  0.056 0.537 0.056 0.222 0.129 
 70 OmyAC19ROGR    (1)    1 :  0.171 0.173 0.080 0.034 0.543 
 71 OmyAC19ROGR    (0)    1 :  0.209 0.083 0.197 0.029 0.481 
 72 OmyAC19ROGR    (5)    1 :  0.578 0.130 0.110 0.023 0.159 
 73 OmyAC19ROGR    (1)    1 :  0.095 0.245 0.047 0.239 0.374 
 74 OmyAC19ROGR    (1)    1 :  0.458 0.035 0.292 0.034 0.180 
 75 OmyAC19ROGR    (1)    1 :  0.095 0.330 0.189 0.109 0.277 
 76 OmyAC19ROGR    (1)    1 :  0.083 0.639 0.081 0.041 0.156 
 77 OmyAC19ROGR    (1)    1 :  0.024 0.014 0.022 0.924 0.017 
 78 OmyAC19ROGR    (1)    1 :  0.201 0.104 0.116 0.039 0.540 
 79 OmyAC19ROGR    (2)    1 :  0.122 0.114 0.103 0.046 0.615 
 80 OmyAC19ROGR    (2)    1 :  0.052 0.074 0.068 0.767 0.039 
 81 OmyAC19ROGR    (2)    1 :  0.246 0.113 0.095 0.430 0.117 
 82 OmyAC19ROGR    (1)    1 :  0.181 0.571 0.075 0.020 0.153 
 83 OmyAC19ROGR    (0)    1 :  0.110 0.288 0.208 0.044 0.351 
 84 OmyAC19ROGR    (1)    1 :  0.244 0.066 0.236 0.209 0.245 
 85 OmyAC19ROGR    (6)    1 :  0.113 0.132 0.178 0.028 0.549 
 86 OmyAC19ROGR    (1)    1 :  0.194 0.031 0.597 0.068 0.110 
 87 OmyAC19ROGR    (2)    1 :  0.252 0.295 0.229 0.033 0.191 
 88 OmyJC19ROGR    (0)    2 :  0.031 0.019 0.045 0.859 0.047 
 89 OmyJC19ROGR    (1)    2 :  0.070 0.065 0.398 0.055 0.412 
 90 OmyJC19ROGR    (1)    2 :  0.025 0.020 0.028 0.894 0.033 
 91 OmyJC19ROGR    (2)    2 :  0.186 0.343 0.310 0.015 0.145 
 92 OmyJC19ROGR    (1)    2 :  0.067 0.553 0.095 0.046 0.239 
 93 OmyJC19ROGR    (1)    2 :  0.042 0.798 0.046 0.019 0.095 
 94 OmyJC19ROGR    (1)    2 :  0.190 0.030 0.157 0.167 0.457 
 95 OmyJC19ROGR    (0)    2 :  0.196 0.030 0.100 0.178 0.496 
 96 OmyJC19ROGR    (2)    2 :  0.186 0.086 0.396 0.084 0.248 
 97 OmyJC19ROGR    (1)    2 :  0.028 0.782 0.022 0.107 0.060 
 98 OmyJC19ROGR    (0)    2 :  0.259 0.130 0.314 0.046 0.252 
 99 OmyJC19ROGR    (0)    2 :  0.167 0.480 0.166 0.090 0.097 
100 OmyJC19ROGR    (1)    2 :  0.100 0.050 0.067 0.029 0.753 
101 OmyJC19ROGR    (1)    2 :  0.115 0.132 0.076 0.520 0.157 
102 OmyJC19ROGR    (1)    2 :  0.125 0.041 0.622 0.077 0.135 
103 OmyJC19ROGR    (2)    2 :  0.128 0.164 0.175 0.160 0.374 
104 OmyJC19ROGR    (1)    2 :  0.123 0.555 0.062 0.029 0.231 
105 OmyJC19ROGR    (1)    2 :  0.189 0.531 0.063 0.190 0.026 
106 OmyJC19ROGR    (1)    2 :  0.019 0.034 0.013 0.920 0.014 
107 OmyJC19ROGR    (2)    2 :  0.217 0.103 0.492 0.093 0.096 
108 OmyJC19ROGR    (0)    2 :  0.259 0.254 0.284 0.053 0.150 
109 OmyJC19ROGR    (1)    2 :  0.194 0.034 0.393 0.198 0.180 
110 OmyJC19ROGR    (1)    2 :  0.137 0.480 0.076 0.192 0.115 
111 OmyJC19ROGR    (1)    2 :  0.168 0.500 0.129 0.065 0.138 
112 OmyJC19ROGR    (2)    2 :  0.283 0.053 0.189 0.095 0.381 
113 OmyJC19ROGR    (1)    2 :  0.102 0.047 0.170 0.542 0.139 
114 OmyJC19ROGR    (3)    2 :  0.156 0.075 0.097 0.042 0.631 
115 OmyJC19ROGR    (2)    2 :  0.454 0.332 0.030 0.051 0.133 
116 OmyJC19ROGR    (0)    2 :  0.130 0.062 0.075 0.082 0.651 
117 OmyJC19ROGR    (1)    2 :  0.146 0.048 0.141 0.194 0.470 
118 OmyJC19ROGR    (1)    2 :  0.065 0.149 0.336 0.031 0.418 
119 OmyJC19ROGR    (3)    2 :  0.276 0.053 0.428 0.051 0.192 
120 OmyJC19ROGR    (1)    2 :  0.042 0.847 0.042 0.016 0.053 
121 OmyJC19ROGR    (0)    2 :  0.206 0.038 0.338 0.052 0.366 
122 OmyJC19ROGR    (1)    2 :  0.175 0.204 0.246 0.061 0.313 
123 OmyJC19ROGR    (1)    2 :  0.200 0.270 0.268 0.020 0.242 
124 OmyJC19ROGR    (0)    2 :  0.565 0.040 0.069 0.094 0.231 
125 OmyJC19ROGR    (1)    2 :  0.148 0.579 0.038 0.083 0.152 
126 OmyJC19ROGR    (1)    2 :  0.126 0.040 0.070 0.678 0.086 
127 OmyJC19ROGR    (1)    2 :  0.063 0.051 0.794 0.050 0.042 
128 OmyJC19ROGR    (1)    2 :  0.037 0.798 0.074 0.031 0.060 
129 OmyJC19ROGR    (1)    2 :  0.091 0.072 0.045 0.212 0.580 
130 OmyJC19ROGR    (1)    2 :  0.474 0.028 0.084 0.050 0.364 
131 OmyJC19ROGR    (1)    2 :  0.234 0.147 0.061 0.077 0.480 
132 OmyJC19ROGR    (1)    2 :  0.170 0.512 0.152 0.045 0.121 
133 OmyJC19ROGR    (1)    2 :  0.212 0.058 0.083 0.021 0.626 
134 OmyJC19ROGR    (1)    2 :  0.138 0.063 0.646 0.055 0.099 
135 OmyJC19ROGR    (1)    2 :  0.028 0.903 0.027 0.020 0.023 
136 OmyJC19ROGR    (3)    2 :  0.124 0.100 0.331 0.035 0.409 
137 OmyJC19ROGR    (1)    2 :  0.291 0.054 0.353 0.213 0.089 
138 OmyJC19ROGR    (1)    2 :  0.075 0.024 0.064 0.707 0.130 
139 OmyJC19ROGR    (2)    2 :  0.200 0.045 0.091 0.018 0.645 
140 OmyJC19ROGR    (3)    2 :  0.117 0.048 0.186 0.102 0.547 
141 OmyJC19ROGR    (0)    2 :  0.113 0.124 0.121 0.384 0.258 
142 OmyJC19ROGR    (1)    2 :  0.144 0.194 0.210 0.312 0.139 
143 OmyJC19ROGR    (0)    2 :  0.154 0.675 0.032 0.053 0.087 
144 OmyJC19ROGR    (1)    2 :  0.241 0.035 0.067 0.013 0.643 
145 OmyJC19ROGR    (1)    2 :  0.703 0.033 0.122 0.028 0.114 
146 OmyJC19ROGR    (2)    2 :  0.088 0.591 0.087 0.050 0.184 
147 OmyJC19ROGR    (1)    2 :  0.114 0.100 0.669 0.046 0.072 
148 OmyJC19ROGR    (1)    2 :  0.399 0.154 0.337 0.016 0.094 
149 OmyJC19ROGR    (2)    2 :  0.135 0.326 0.265 0.069 0.205 
150 OmyJC19ROGR    (2)    2 :  0.089 0.503 0.223 0.049 0.135 
151 OmyJC19ROGR    (1)    2 :  0.058 0.102 0.130 0.082 0.628 
152 OmyJC19ROGR    (0)    2 :  0.435 0.125 0.296 0.052 0.091 
153 OmyJC19ROGR    (1)    2 :  0.034 0.873 0.038 0.031 0.024 
154 OmyJC19ROGR    (2)    2 :  0.294 0.044 0.458 0.053 0.151 
155 OmyJC19ROGR    (1)    2 :  0.198 0.209 0.247 0.081 0.265 
156 OmyJC19ROGR    (1)    2 :  0.260 0.160 0.345 0.141 0.094 
157 OmyJC19ROGR    (0)    2 :  0.364 0.225 0.106 0.061 0.245 
158 OmyJC19ROGR    (2)    2 :  0.130 0.129 0.406 0.018 0.317 
159 OmyJC19ROGR    (1)    2 :  0.286 0.042 0.416 0.047 0.209 
160 OmyJC19ROGR    (0)    2 :  0.228 0.258 0.351 0.052 0.110 
161 OmyJC19ROGR    (1)    2 :  0.224 0.388 0.147 0.035 0.206 
162 OmyJC19ROGR    (1)    2 :  0.234 0.230 0.351 0.071 0.113 
163 OmyJC19ROGR    (1)    2 :  0.190 0.598 0.116 0.037 0.059 
164 OmyJC19ROGR    (1)    2 :  0.324 0.068 0.316 0.022 0.271 
165 OmyJC19ROGR    (0)    2 :  0.486 0.183 0.140 0.019 0.172 
166 OmyJC19ROGR    (0)    2 :  0.480 0.054 0.275 0.050 0.141 
167 OmyJC19ROGR    (2)    2 :  0.227 0.328 0.211 0.107 0.128 
168 OmyJC19ROGR    (0)    2 :  0.078 0.053 0.119 0.062 0.688 
169 OmyJC19ROGR    (1)    2 :  0.019 0.012 0.022 0.934 0.013 
170 OmyJC19ROGR    (1)    2 :  0.154 0.623 0.072 0.053 0.097 
171 OmyJC19ROGR    (1)    2 :  0.288 0.106 0.256 0.025 0.326 
172 OmyJC19ROGR    (0)    2 :  0.059 0.286 0.116 0.385 0.154 
173 OmyJC19ROGR    (1)    2 :  0.030 0.025 0.027 0.895 0.023 
174 OmyJC19ROGR    (0)    2 :  0.581 0.112 0.054 0.036 0.218 
175 OmyJC19ROGR    (1)    2 :  0.138 0.051 0.190 0.026 0.594 
176 OmyJC19ROGR    (1)    2 :  0.038 0.579 0.227 0.037 0.119 
177 OmyJC19ROGR    (1)    2 :  0.113 0.795 0.035 0.013 0.044 
178 OmyJC19ROGR    (0)    2 :  0.319 0.023 0.527 0.037 0.093 
179 OmyJC19ROGR    (1)    2 :  0.201 0.453 0.112 0.021 0.213 
180 OmyJC19ROGR    (1)    2 :  0.032 0.057 0.032 0.814 0.064 
181 OmyJC19ROGR    (1)    2 :  0.432 0.059 0.284 0.037 0.189 
182 OmyJC19ROGR    (1)    2 :  0.141 0.050 0.120 0.107 0.583 
183 OmyJC19ROGR    (1)    2 :  0.405 0.113 0.218 0.036 0.227 
184 OmyJC19ROGR    (1)    2 :  0.056 0.083 0.150 0.547 0.164 
185 OmyJC19ROGR    (2)    2 :  0.034 0.053 0.046 0.011 0.856 
186 OmyJC19ROGR    (1)    2 :  0.077 0.423 0.058 0.097 0.344 
187 OmyJC19ROGR    (0)    2 :  0.797 0.040 0.067 0.024 0.072 
188 OmyJC19ROGR    (1)    2 :  0.241 0.066 0.057 0.047 0.589 
189 OmyJC19ROGR    (0)    2 :  0.118 0.312 0.158 0.132 0.280 
190 OmyJC19ROGR    (0)    2 :  0.101 0.635 0.134 0.045 0.086 
191 OmyJC19ROGR    (2)    2 :  0.262 0.584 0.046 0.032 0.076 
192 OmyJC19ROGR    (1)    2 :  0.047 0.021 0.851 0.028 0.053 
193 OmyJC19ROGR    (1)    2 :  0.218 0.113 0.400 0.100 0.169 
194 OmyJC19ROGR    (0)    2 :  0.057 0.044 0.848 0.011 0.039 
195 OmyJC19ROGR    (1)    2 :  0.054 0.018 0.057 0.815 0.055 
196 OmyJC19ROGR    (1)    2 :  0.724 0.029 0.059 0.022 0.167 
197 OmyJC19ROGR    (1)    2 :  0.131 0.495 0.153 0.057 0.163 
198 OmyJC19ROGR    (1)    2 :  0.045 0.052 0.064 0.790 0.049 
199 OmyJC19ROGR    (0)    2 :  0.176 0.055 0.100 0.021 0.648 
200 OmyJC19ROGR    (0)    2 :  0.068 0.683 0.065 0.047 0.137 
201 OmyJC19ROGR    (1)    2 :  0.365 0.060 0.443 0.023 0.109 
202 OmyJC19ROGR    (0)    2 :  0.046 0.819 0.094 0.011 0.030 
203 OmyJC19ROGR    (0)    2 :  0.483 0.110 0.231 0.036 0.139 
204 OmyJC19ROGR    (1)    2 :  0.347 0.150 0.275 0.051 0.177 
205 OmyJC19ROGR    (1)    2 :  0.638 0.079 0.063 0.096 0.124 
206 OmyJC19ROGR    (1)    2 :  0.037 0.031 0.025 0.853 0.055 
207 OmyJC19ROGR    (1)    2 :  0.381 0.067 0.196 0.198 0.158 
208 OmyJC19ROGR    (1)    2 :  0.212 0.067 0.279 0.037 0.405 
209 OmyJC19ROGR    (0)    2 :  0.065 0.148 0.063 0.493 0.231 
210 OmyJC19ROGR    (1)    2 :  0.019 0.012 0.023 0.928 0.017 
211 OmyJC19ROGR    (0)    2 :  0.161 0.069 0.283 0.137 0.350 
212 OmyJC19ROGR    (1)    2 :  0.176 0.402 0.156 0.220 0.045 
213 OmyJC19ROGR    (1)    2 :  0.627 0.062 0.054 0.025 0.231 
214 OmyJC19ROGR    (1)    2 :  0.755 0.036 0.141 0.036 0.033 
215 OmyJC19ROGR    (1)    2 :  0.050 0.060 0.785 0.024 0.080 
216 OmyJC19ROGR    (1)    2 :  0.058 0.025 0.031 0.835 0.051 
217 OmyJC19ROGR    (1)    2 :  0.185 0.102 0.193 0.402 0.118 
218 OmyJC19ROGR    (1)    2 :  0.278 0.521 0.083 0.025 0.092 
219 OmyJC19ROGR    (1)    2 :  0.213 0.028 0.546 0.096 0.117 
220 OmyJC19ROGR    (1)    2 :  0.206 0.119 0.425 0.012 0.238 
221 OmyJC19ROGR    (0)    2 :  0.482 0.051 0.056 0.245 0.166 
222 OmyJC19ROGR    (1)    2 :  0.352 0.228 0.190 0.031 0.199 
223 OmyJC19ROGR    (0)    2 :  0.490 0.073 0.266 0.053 0.118 
224 OmyJC19ROGR    (1)    2 :  0.127 0.066 0.604 0.024 0.179 
225 OmyJC19ROGR    (1)    2 :  0.015 0.015 0.018 0.933 0.018 
226 OmyJC19ROGR    (0)    2 :  0.114 0.036 0.127 0.185 0.538 
227 OmyJC19ROGR    (1)    2 :  0.028 0.031 0.021 0.896 0.025 
228 OmyJC19ROGR    (1)    2 :  0.416 0.034 0.326 0.048 0.176 
229 OmyJC19ROGR    (2)    2 :  0.354 0.095 0.062 0.026 0.464 
230 OmyJC19ROGR    (1)    2 :  0.446 0.162 0.070 0.188 0.134 
231 OmyJC19ROGR    (1)    2 :  0.369 0.043 0.291 0.066 0.231 
232 OmyJC19ROGR    (2)    2 :  0.211 0.163 0.142 0.040 0.443 
233 OmyJC19ROGR    (1)    2 :  0.392 0.093 0.258 0.096 0.162 
234 OmyJC19ROGR    (1)    2 :  0.022 0.019 0.025 0.915 0.018 
235 OmyJC19ROGR    (0)    2 :  0.062 0.111 0.214 0.531 0.081 
236 OmyJC19ROGR    (1)    2 :  0.290 0.233 0.391 0.024 0.063 
237 OmyJC19ROGR    (1)    2 :  0.141 0.159 0.426 0.083 0.191 
238 OmyJC19ROGR    (0)    2 :  0.459 0.048 0.324 0.113 0.056 
239 OmyJC19ROGR    (1)    2 :  0.064 0.042 0.585 0.078 0.232 
240 OmyJC19ROGR    (1)    2 :  0.300 0.067 0.115 0.037 0.482 
241 OmyJC19ROGR    (0)    2 :  0.095 0.518 0.127 0.060 0.200 
242 OmyJC19ROGR    (1)    2 :  0.062 0.205 0.641 0.018 0.075 
243 OmyJC19ROGR    (1)    2 :  0.242 0.397 0.147 0.048 0.167 
244 OmyJC19ROGR    (1)    2 :  0.458 0.245 0.082 0.054 0.161 
245 OmyJC19ROGR    (0)    2 :  0.011 0.013 0.015 0.942 0.019 
246 OmyJC19ROGR    (1)    2 :  0.077 0.627 0.077 0.164 0.056 
247 OmyJC19ROGR    (0)    2 :  0.174 0.129 0.085 0.506 0.107 
248 OmyJC19ROGR    (1)    2 :  0.071 0.055 0.083 0.489 0.303 
249 OmyJC19ROGR    (1)    2 :  0.532 0.049 0.127 0.054 0.237 
250 OmyJC19ROGR    (0)    2 :  0.208 0.105 0.189 0.108 0.390 
251 OmyJC19ROGR    (1)    2 :  0.477 0.084 0.187 0.051 0.202 
252 OmyJC19ROGR    (0)    2 :  0.071 0.820 0.031 0.027 0.051 
253 OmyJC19ROGR    (0)    2 :  0.075 0.039 0.206 0.050 0.630 
254 OmyJC19ROGR    (1)    2 :  0.232 0.421 0.138 0.054 0.155 
255 OmyJC19ROGR    (1)    2 :  0.288 0.490 0.054 0.026 0.142 
256 OmyJC19ROGR    (1)    2 :  0.201 0.324 0.095 0.316 0.064 
257 OmyJC19ROGR    (0)    2 :  0.638 0.056 0.068 0.071 0.167 
258 OmyAC19ROGR    (1)    1 :  0.189 0.140 0.212 0.202 0.257 
259 OmyAC19ROGR    (2)    1 :  0.063 0.078 0.250 0.461 0.149 
260 OmyAC19ROGR    (1)    1 :  0.077 0.100 0.474 0.025 0.323 
261 OmyAC19ROGR    (0)    1 :  0.259 0.043 0.151 0.048 0.500 
262 OmyAC19ROGR    (1)    1 :  0.178 0.182 0.160 0.134 0.346 
263 OmyAC19ROGR    (0)    1 :  0.281 0.498 0.113 0.039 0.068 
264 OmyAC19ROGR    (1)    1 :  0.485 0.082 0.205 0.059 0.170 
265 OmyAC19ROGR    (1)    1 :  0.188 0.104 0.531 0.043 0.133 
266 OmyAC19ROGR    (1)    1 :  0.658 0.039 0.100 0.019 0.184 
267 OmyAC19ROGR    (1)    1 :  0.169 0.096 0.236 0.159 0.339 
268 OmyAC19ROGR    (2)    1 :  0.132 0.438 0.101 0.140 0.189 
269 OmyAC19ROGR    (1)    1 :  0.103 0.053 0.112 0.145 0.586 
270 OmyAC19ROGR    (1)    1 :  0.286 0.499 0.048 0.032 0.135 
271 OmyAC19ROGR    (1)    1 :  0.086 0.069 0.115 0.336 0.393 
272 OmyAC19ROGR    (0)    1 :  0.429 0.032 0.194 0.185 0.159 
273 OmyAC19ROGR    (0)    1 :  0.123 0.105 0.230 0.031 0.510 
274 OmyAC19ROGR    (1)    1 :  0.055 0.030 0.043 0.777 0.095 
275 OmyAC19ROGR    (1)    1 :  0.143 0.306 0.274 0.127 0.150 
276 OmyAC19ROGR    (1)    1 :  0.148 0.057 0.559 0.052 0.183 
277 OmyAC19ROGR    (1)    1 :  0.225 0.044 0.350 0.080 0.301 
278 OmyAC19ROGR    (1)    1 :  0.282 0.054 0.225 0.326 0.114 
279 OmyAC19ROGR    (0)    1 :  0.098 0.050 0.533 0.177 0.142 
280 OmyAC19ROGR    (1)    1 :  0.173 0.329 0.090 0.117 0.291 
281 OmyAC19ROGR    (1)    1 :  0.096 0.055 0.277 0.050 0.522 
282 OmyAC19ROGR    (1)    1 :  0.218 0.142 0.150 0.204 0.286 
283 OmyAC19ROGR    (1)    1 :  0.225 0.070 0.396 0.048 0.261 
284 OmyAC19ROGR    (0)    1 :  0.585 0.151 0.102 0.030 0.132 
285 OmyAC19ROGR    (1)    1 :  0.143 0.307 0.344 0.052 0.154 
286 OmyAC19ROGR    (1)    1 :  0.283 0.124 0.355 0.022 0.216 
287 OmyAC19ROGR    (1)    1 :  0.011 0.009 0.012 0.956 0.013 
288 OmyAC19ROGR    (1)    1 :  0.050 0.042 0.063 0.771 0.074 
289 OmyAC19ROGR    (1)    1 :  0.101 0.038 0.342 0.109 0.410 
290 OmyAC19ROGR    (1)    1 :  0.018 0.024 0.018 0.923 0.016 
291 OmyAC19ROGR    (1)    1 :  0.226 0.190 0.075 0.416 0.092 
292 OmyAC19ROGR    (1)    1 :  0.113 0.062 0.155 0.217 0.454 
293 OmyAC19ROGR    (1)    1 :  0.104 0.651 0.060 0.038 0.148 
294 OmyAC19ROGR    (1)    1 :  0.155 0.042 0.499 0.171 0.134 
295 OmyAC19ROGR    (0)    1 :  0.231 0.158 0.227 0.022 0.362 
296 OmyAC19ROGR    (0)    1 :  0.241 0.105 0.486 0.034 0.134 
297 OmyAC19ROGR    (1)    1 :  0.066 0.023 0.065 0.786 0.060 
298 OmyAC19ROGR    (0)    1 :  0.158 0.037 0.712 0.021 0.072 
299 OmyAC19ROGR    (1)    1 :  0.141 0.340 0.264 0.194 0.062 
300 OmyAC19ROGR    (1)    1 :  0.101 0.088 0.317 0.031 0.462 
301 OmyAC19ROGR    (0)    1 :  0.037 0.020 0.026 0.888 0.029 
302 OmyAC19ROGR    (1)    1 :  0.134 0.063 0.286 0.446 0.072 
303 OmyAC19ROGR    (1)    1 :  0.064 0.036 0.235 0.108 0.558 
304 OmyAC19ROGR    (1)    1 :  0.068 0.067 0.596 0.125 0.144 
305 OmyAC19ROGR    (1)    1 :  0.216 0.091 0.410 0.026 0.256 
306 OmyAC19ROGR    (1)    1 :  0.150 0.022 0.069 0.637 0.123 
307 OmyAC19ROGR    (2)    1 :  0.227 0.215 0.222 0.023 0.313 
308 OmyAC19ROGR    (0)    1 :  0.282 0.052 0.339 0.119 0.209 
309 OmyAC19ROGR    (2)    1 :  0.026 0.017 0.029 0.898 0.030 
310 OmyAC19ROGR    (0)    1 :  0.139 0.068 0.138 0.446 0.209 
311 OmyAC19ROGR    (0)    1 :  0.103 0.065 0.233 0.515 0.083 
312 OmyAC19ROGR    (0)    1 :  0.095 0.608 0.146 0.032 0.118 
313 OmyAC19ROGR    (1)    1 :  0.391 0.120 0.356 0.017 0.116 
314 OmyAC19ROGR    (0)    1 :  0.095 0.662 0.100 0.053 0.091 
315 OmyAC19ROGR    (1)    1 :  0.359 0.092 0.107 0.052 0.390 
316 OmyAC19ROGR    (1)    1 :  0.341 0.059 0.423 0.031 0.147 
317 OmyAC19ROGR    (1)    1 :  0.051 0.258 0.084 0.042 0.565 
318 OmyAC19ROGR    (1)    1 :  0.207 0.465 0.117 0.029 0.183 
319 OmyAC19ROGR    (1)    1 :  0.251 0.097 0.265 0.018 0.369 
320 OmyAC19ROGR    (0)    1 :  0.549 0.104 0.279 0.017 0.052 
321 OmyAC19ROGR    (1)    1 :  0.260 0.063 0.329 0.024 0.324 
322 OmyAC19ROGR    (0)    1 :  0.122 0.055 0.095 0.312 0.415 
323 OmyAC19ROGR    (1)    1 :  0.466 0.025 0.324 0.022 0.163 
324 OmyAC19ROGR    (1)    1 :  0.600 0.153 0.127 0.022 0.098 
325 OmyAC19ROGR    (1)    1 :  0.120 0.036 0.055 0.372 0.416 
326 OmyAC19ROGR    (1)    1 :  0.446 0.046 0.201 0.050 0.257 
327 OmyAC19ROGR    (1)    1 :  0.446 0.139 0.335 0.031 0.048 
328 OmyJC18ROGR    (1)    2 :  0.106 0.657 0.147 0.040 0.051 
329 OmyJC18ROGR    (0)    2 :  0.468 0.051 0.108 0.048 0.325 
330 OmyJC18ROGR    (0)    2 :  0.410 0.029 0.227 0.065 0.269 
331 OmyJC18ROGR    (1)    2 :  0.118 0.069 0.095 0.654 0.064 
332 OmyJC18ROGR    (1)    2 :  0.063 0.057 0.084 0.718 0.078 
333 OmyJC18ROGR    (1)    2 :  0.030 0.021 0.040 0.833 0.075 
334 OmyJC18ROGR    (1)    2 :  0.420 0.162 0.081 0.187 0.150 
335 OmyJC18ROGR    (0)    2 :  0.197 0.462 0.181 0.020 0.141 
336 OmyJC18ROGR    (1)    2 :  0.031 0.023 0.026 0.881 0.039 
337 OmyJC18ROGR    (1)    2 :  0.269 0.045 0.330 0.034 0.323 
338 OmyJC18ROGR    (1)    2 :  0.031 0.015 0.038 0.878 0.038 
339 OmyJC18ROGR    (1)    2 :  0.224 0.037 0.093 0.041 0.605 
340 OmyJC18ROGR    (0)    2 :  0.117 0.480 0.177 0.150 0.076 
341 OmyJC18ROGR    (1)    2 :  0.209 0.225 0.432 0.014 0.120 
342 OmyJC18ROGR    (2)    2 :  0.147 0.112 0.241 0.353 0.147 
343 OmyJC18ROGR    (2)    2 :  0.150 0.239 0.100 0.331 0.180 
344 OmyJC18ROGR    (3)    2 :  0.071 0.123 0.140 0.442 0.224 
345 OmyJC18ROGR    (2)    2 :  0.129 0.083 0.073 0.658 0.058 
346 OmyJC18ROGR    (4)    2 :  0.727 0.022 0.067 0.023 0.162 
347 OmyJC18ROGR    (3)    2 :  0.161 0.039 0.451 0.041 0.307 
348 OmyJC18ROGR    (1)    2 :  0.168 0.076 0.188 0.136 0.433 
349 OmyJC18ROGR    (1)    2 :  0.092 0.043 0.663 0.026 0.176 
350 OmyJC18ROGR    (1)    2 :  0.350 0.037 0.431 0.043 0.138 
351 OmyJC18ROGR    (0)    2 :  0.036 0.024 0.111 0.751 0.077 
352 OmyJC18ROGR    (4)    2 :  0.225 0.077 0.208 0.405 0.085 
353 OmyJC18ROGR    (2)    2 :  0.331 0.169 0.137 0.168 0.194 
354 OmyJC18ROGR    (1)    2 :  0.255 0.043 0.109 0.078 0.515 
355 OmyJC18ROGR    (2)    2 :  0.349 0.064 0.088 0.040 0.459 
356 OmyJC18ROGR    (1)    2 :  0.261 0.442 0.178 0.040 0.079 
357 OmyJC18ROGR    (2)    2 :  0.036 0.214 0.034 0.668 0.048 
358 OmyJC18ROGR    (2)    2 :  0.180 0.393 0.145 0.015 0.267 
359 OmyJC18ROGR    (3)    2 :  0.093 0.089 0.498 0.089 0.231 
360 OmyJC18ROGR    (0)    2 :  0.164 0.347 0.097 0.048 0.344 
361 OmyJC18ROGR    (1)    2 :  0.689 0.059 0.127 0.017 0.108 
362 OmyJC18ROGR    (1)    2 :  0.411 0.067 0.182 0.180 0.159 
363 OmyJC18ROGR    (2)    2 :  0.211 0.200 0.069 0.193 0.327 
364 OmyJC18ROGR    (3)    2 :  0.090 0.056 0.683 0.018 0.153 
365 OmyJC18ROGR    (4)    2 :  0.318 0.033 0.285 0.033 0.331 
366 OmyJC18ROGR    (4)    2 :  0.168 0.406 0.235 0.030 0.161 
367 OmyJC18ROGR    (3)    2 :  0.075 0.024 0.058 0.777 0.066 
368 OmyJC18ROGR    (3)    2 :  0.167 0.063 0.237 0.367 0.167 
369 OmyJC18ROGR    (2)    2 :  0.143 0.247 0.105 0.075 0.431 
370 OmyJC18ROGR    (3)    2 :  0.394 0.059 0.174 0.053 0.320 
371 OmyJC18ROGR    (1)    2 :  0.193 0.105 0.247 0.028 0.428 
372 OmyJC18ROGR    (3)    2 :  0.143 0.104 0.419 0.095 0.240 
373 OmyJC18ROGR    (5)    2 :  0.156 0.545 0.066 0.091 0.143 
374 OmyJC18ROGR    (5)    2 :  0.045 0.799 0.077 0.017 0.062 
375 OmyJC18ROGR    (3)    2 :  0.226 0.044 0.176 0.078 0.476 
376 OmyJC18ROGR    (3)    2 :  0.029 0.021 0.045 0.880 0.025 
377 OmyJC18ROGR    (4)    2 :  0.129 0.415 0.101 0.214 0.141 
378 OmyJC18ROGR    (0)    2 :  0.109 0.191 0.431 0.073 0.195 
379 OmyJC18ROGR    (5)    2 :  0.262 0.129 0.410 0.104 0.095 
380 OmyJC18ROGR    (4)    2 :  0.196 0.138 0.116 0.132 0.418 
381 OmyJC18ROGR    (1)    2 :  0.104 0.097 0.327 0.041 0.430 
382 OmyJC18ROGR    (1)    2 :  0.350 0.133 0.276 0.035 0.206 
383 OmyJC18ROGR    (3)    2 :  0.156 0.075 0.075 0.407 0.287 
384 OmyJC18ROGR    (2)    2 :  0.193 0.026 0.561 0.173 0.048 
385 OmyJC18ROGR    (4)    2 :  0.606 0.027 0.177 0.038 0.152 
386 OmyJC18ROGR    (2)    2 :  0.123 0.040 0.380 0.330 0.128 
387 OmyJC18ROGR    (1)    2 :  0.082 0.270 0.255 0.259 0.134 
388 OmyJC18ROGR    (6)    2 :  0.131 0.235 0.085 0.060 0.489 
389 OmyJC18ROGR    (1)    2 :  0.393 0.041 0.174 0.107 0.285 
390 OmyJC18ROGR    (1)    2 :  0.182 0.076 0.528 0.060 0.154 
391 OmyJC18ROGR    (3)    2 :  0.026 0.040 0.027 0.870 0.036 
392 OmyJC18ROGR    (2)    2 :  0.240 0.292 0.196 0.032 0.240 
393 OmyJC18ROGR    (4)    2 :  0.065 0.780 0.040 0.068 0.047 
394 OmyJC18ROGR    (3)    2 :  0.074 0.030 0.063 0.777 0.056 
395 OmyJC18ROGR    (7)    2 :  0.065 0.392 0.090 0.180 0.273 
396 OmyJC18ROGR    (4)    2 :  0.106 0.183 0.103 0.545 0.062 
397 OmyJC18ROGR    (1)    2 :  0.328 0.118 0.239 0.050 0.265 
398 OmyJC18ROGR    (3)    2 :  0.401 0.126 0.118 0.207 0.148 
399 OmyJC18ROGR    (2)    2 :  0.111 0.234 0.078 0.301 0.276 
400 OmyJC18ROGR    (0)    2 :  0.473 0.082 0.269 0.051 0.125 
401 OmyJC18ROGR    (6)    2 :  0.105 0.675 0.059 0.055 0.105 
402 OmyJC18ROGR    (5)    2 :  0.138 0.344 0.044 0.221 0.253 
403 OmyJC18ROGR    (1)    2 :  0.126 0.219 0.158 0.122 0.376 
404 OmyJC18ROGR    (2)    2 :  0.145 0.032 0.190 0.114 0.519 
405 OmyJC18ROGR    (3)    2 :  0.193 0.088 0.553 0.031 0.134 
406 OmyJC18ROGR    (2)    2 :  0.213 0.040 0.342 0.037 0.368 
407 OmyJC18ROGR    (2)    2 :  0.086 0.226 0.544 0.093 0.051 
408 OmyJC18ROGR    (2)    2 :  0.131 0.241 0.462 0.100 0.067 
409 OmyJC18ROGR    (1)    2 :  0.386 0.236 0.160 0.032 0.186 
410 OmyJC18ROGR    (1)    2 :  0.638 0.052 0.179 0.027 0.104 
411 OmyJC18ROGR    (1)    2 :  0.428 0.054 0.036 0.032 0.450 
412 OmyJC18ROGR    (0)    2 :  0.143 0.039 0.662 0.018 0.137 
413 OmyJC18ROGR    (1)    2 :  0.659 0.029 0.172 0.031 0.109 
414 OmyJC18ROGR    (2)    2 :  0.222 0.046 0.261 0.024 0.448 
415 OmyJC18ROGR    (2)    2 :  0.486 0.112 0.044 0.018 0.339 
416 OmyJC18ROGR    (3)    2 :  0.307 0.055 0.201 0.065 0.372 
417 OmyJC18ROGR    (1)    2 :  0.268 0.399 0.177 0.050 0.105 
418 OmyJC18ROGR    (0)    2 :  0.130 0.734 0.037 0.040 0.060 
419 OmyJC18ROGR    (1)    2 :  0.305 0.310 0.153 0.024 0.208 
420 OmyJC18ROGR    (0)    2 :  0.678 0.037 0.066 0.030 0.189 
421 OmyJC18ROGR    (1)    2 :  0.128 0.053 0.629 0.054 0.137 
422 OmyJC18ROGR    (6)    2 :  0.103 0.069 0.051 0.042 0.735 
423 OmyJC18ROGR    (2)    2 :  0.610 0.096 0.087 0.045 0.162 
424 OmyJC18ROGR    (1)    2 :  0.518 0.155 0.093 0.164 0.070 
425 OmyJC18ROGR    (1)    2 :  0.386 0.045 0.104 0.256 0.209 
426 OmyJC18ROGR    (3)    2 :  0.332 0.151 0.305 0.030 0.181 
427 OmyJC18ROGR    (2)    2 :  0.056 0.017 0.207 0.609 0.111 
428 OmyJC18ROGR    (6)    2 :  0.844 0.028 0.063 0.016 0.048 
429 OmyJC18ROGR    (1)    2 :  0.189 0.028 0.229 0.133 0.421 
430 OmyJC18ROGR    (1)    2 :  0.079 0.123 0.093 0.103 0.601 
431 OmyJC18ROGR    (0)    2 :  0.558 0.050 0.152 0.039 0.202 
432 OmyJC18ROGR    (2)    2 :  0.064 0.042 0.048 0.786 0.060 
433 OmyJC18ROGR    (2)    2 :  0.065 0.626 0.087 0.076 0.146 
434 OmyJC18ROGR    (2)    2 :  0.249 0.042 0.068 0.082 0.559 
435 OmyJC18ROGR    (8)    2 :  0.508 0.145 0.199 0.073 0.076 
436 OmyJC18ROGR    (2)    2 :  0.586 0.115 0.126 0.032 0.141 
437 OmyJC18ROGR    (4)    2 :  0.222 0.210 0.264 0.027 0.277 
438 OmyJC18ROGR    (1)    2 :  0.078 0.758 0.032 0.059 0.073 
439 OmyJC18ROGR    (2)    2 :  0.062 0.073 0.085 0.505 0.274 
440 OmyJC18ROGR    (0)    2 :  0.041 0.772 0.027 0.117 0.043 
441 OmyJC18ROGR    (1)    2 :  0.061 0.034 0.791 0.021 0.093 
442 OmyJC18ROGR    (6)    2 :  0.094 0.148 0.262 0.104 0.392 
443 OmyJC18ROGR    (1)    2 :  0.145 0.047 0.657 0.021 0.130 
444 OmyJC18ROGR    (6)    2 :  0.432 0.302 0.119 0.039 0.108 
445 OmyJC18ROGR    (2)    2 :  0.411 0.217 0.093 0.076 0.203 
446 OmyJC18ROGR    (3)    2 :  0.195 0.330 0.110 0.275 0.090 
447 OmyJC18ROGR    (2)    2 :  0.156 0.112 0.342 0.090 0.301 
448 OmyJC18ROGR    (3)    2 :  0.120 0.043 0.199 0.049 0.589 
449 OmyJC18ROGR    (1)    2 :  0.178 0.079 0.590 0.031 0.121 
450 OmyJC18ROGR    (4)    2 :  0.492 0.206 0.059 0.183 0.060 
451 OmyJC18ROGR    (3)    2 :  0.216 0.074 0.263 0.039 0.407 
452 OmyJC18ROGR    (1)    2 :  0.170 0.034 0.305 0.074 0.417 
453 OmyJC18ROGR    (1)    2 :  0.406 0.022 0.423 0.024 0.125 
454 OmyJC18ROGR    (4)    2 :  0.138 0.374 0.333 0.053 0.102 
455 OmyJC18ROGR    (4)    2 :  0.114 0.123 0.238 0.420 0.104 
456 OmyJC18ROGR    (5)    2 :  0.535 0.075 0.092 0.126 0.173 
457 OmyJC18ROGR    (3)    2 :  0.164 0.308 0.066 0.026 0.436 
458 OmyJC18ROGR    (1)    2 :  0.620 0.126 0.152 0.043 0.059 
459 OmyJC18ROGR    (1)    2 :  0.041 0.019 0.034 0.874 0.032 
460 OmyJC18ROGR    (2)    2 :  0.532 0.050 0.283 0.034 0.102 
461 OmyJC18ROGR    (1)    2 :  0.046 0.072 0.045 0.739 0.098 
462 OmyJC18ROGR    (1)    2 :  0.256 0.311 0.203 0.018 0.212 
463 OmyJC18ROGR    (4)    2 :  0.137 0.082 0.537 0.052 0.191 
464 OmyJC18ROGR    (6)    2 :  0.250 0.268 0.259 0.025 0.198 
465 OmyJC18ROGR    (3)    2 :  0.301 0.513 0.094 0.032 0.060 
466 OmyJC18ROGR    (3)    2 :  0.270 0.280 0.252 0.089 0.108 
467 OmyJC18ROGR    (2)    2 :  0.063 0.039 0.058 0.061 0.779 
468 OmyJC18ROGR    (2)    2 :  0.597 0.111 0.163 0.018 0.112 
469 OmyJC18ROGR    (1)    2 :  0.024 0.017 0.020 0.922 0.017 
470 OmyJC18ROGR    (0)    2 :  0.057 0.523 0.084 0.225 0.111 
471 OmyJC18ROGR    (2)    2 :  0.384 0.060 0.070 0.079 0.407 
472 OmyJC18ROGR    (2)    2 :  0.795 0.024 0.089 0.009 0.082 
473 OmyJC18ROGR    (1)    2 :  0.214 0.075 0.353 0.081 0.277 
474 OmyJC18ROGR    (3)    2 :  0.745 0.051 0.077 0.042 0.084 
475 OmyJC18ROGR    (1)    2 :  0.133 0.338 0.137 0.089 0.303 
476 OmyJC18ROGR    (2)    2 :  0.177 0.102 0.294 0.033 0.394 
477 OmyJC18ROGR    (0)    2 :  0.180 0.227 0.072 0.072 0.448 
478 OmyJC18ROGR    (1)    2 :  0.427 0.056 0.270 0.065 0.182 
479 OmyJC18ROGR    (1)    2 :  0.270 0.151 0.068 0.044 0.466 
480 OmyJC18ROGR    (1)    2 :  0.339 0.054 0.223 0.075 0.309 
481 OmyJC18ROGR    (1)    2 :  0.400 0.068 0.271 0.044 0.216 
482 OmyJC18ROGR    (1)    2 :  0.165 0.349 0.091 0.031 0.364 
483 OmyJC18ROGR    (0)    2 :  0.303 0.180 0.295 0.030 0.192 
484 OmyJC18ROGR    (0)    2 :  0.057 0.040 0.637 0.063 0.204 
485 OmyJC18ROGR    (0)    2 :  0.142 0.374 0.108 0.025 0.350 
486 OmyJC18ROGR    (0)    2 :  0.434 0.135 0.250 0.043 0.138 
487 OmyJC18ROGR    (1)    2 :  0.056 0.552 0.060 0.027 0.305 
488 OmyJC18ROGR    (1)    2 :  0.268 0.279 0.103 0.063 0.287 
489 OmyJC18ROGR    (1)    2 :  0.104 0.040 0.665 0.042 0.149 
490 OmyJC18ROGR    (0)    2 :  0.338 0.027 0.508 0.015 0.111 
491 OmyJC18ROGR    (0)    2 :  0.100 0.632 0.140 0.053 0.074 
492 OmyJC18ROGR    (5)    2 :  0.041 0.088 0.037 0.786 0.048 
493 OmyJC18ROGR    (1)    2 :  0.062 0.142 0.067 0.177 0.552 
494 OmyJC18ROGR    (3)    2 :  0.557 0.107 0.136 0.034 0.165 
495 OmyJC18ROGR    (1)    2 :  0.313 0.165 0.093 0.085 0.343 
496 OmyJC18ROGR    (1)    2 :  0.653 0.024 0.061 0.100 0.162 
497 OmyJC18ROGR    (1)    2 :  0.333 0.197 0.076 0.018 0.375 
498 OmyJC18ROGR    (1)    2 :  0.191 0.272 0.358 0.060 0.119 
499 OmyJC18ROGR    (1)    2 :  0.297 0.179 0.362 0.031 0.131 
500 OmyJC18ROGR    (1)    2 :  0.478 0.036 0.223 0.093 0.170 
501 OmyJC18ROGR    (2)    2 :  0.304 0.400 0.087 0.027 0.182 
502 OmyJC18ROGR    (1)    2 :  0.092 0.473 0.118 0.185 0.132 
503 OmyJC18ROGR    (2)    2 :  0.315 0.216 0.299 0.092 0.078 
504 OmyJC18ROGR    (2)    2 :  0.091 0.553 0.072 0.058 0.226 
505 OmyJC18ROGR    (2)    2 :  0.606 0.078 0.207 0.071 0.039 
506 OmyJC18ROGR    (3)    2 :  0.667 0.093 0.072 0.054 0.115 
507 OmyJC18ROGR    (1)    2 :  0.408 0.044 0.112 0.092 0.344 
508 OmyJC18ROGR    (7)    2 :  0.383 0.092 0.087 0.029 0.410 
509 OmyJC18ROGR    (1)    2 :  0.138 0.145 0.067 0.140 0.510 
510 OmyJC18ROGR    (1)    2 :  0.015 0.018 0.018 0.932 0.015 
511 OmyJC18ROGR    (2)    2 :  0.167 0.518 0.137 0.124 0.054 
512 OmyJC18ROGR    (1)    2 :  0.278 0.455 0.155 0.027 0.084 
513 OmyJC18ROGR    (3)    2 :  0.217 0.033 0.139 0.027 0.585 
514 OmyJC18ROGR    (1)    2 :  0.053 0.855 0.040 0.024 0.029 
515 OmyJC18ROGR    (5)    2 :  0.257 0.080 0.229 0.027 0.407 
516 OmyJC18ROGR    (3)    2 :  0.145 0.408 0.047 0.327 0.073 
517 OmyJC18ROGR    (1)    2 :  0.112 0.363 0.374 0.017 0.134 
518 OmyJC18ROGR    (1)    2 :  0.081 0.176 0.115 0.512 0.117 
519 OmyJC18ROGR    (0)    2 :  0.465 0.196 0.052 0.084 0.204 
520 OmyJC18ROGR    (0)    2 :  0.065 0.160 0.620 0.034 0.121 
521 OmyJC18ROGR    (2)    2 :  0.279 0.088 0.144 0.078 0.410 
522 OmyJC18ROGR    (2)    2 :  0.355 0.071 0.094 0.343 0.137 
523 OmyJC18ROGR    (1)    2 :  0.091 0.359 0.099 0.247 0.203 
524 OmyJC18ROGR    (3)    2 :  0.490 0.099 0.157 0.120 0.134 
525 OmyJC18ROGR    (1)    2 :  0.045 0.111 0.132 0.031 0.682 
526 OmyJC18ROGR    (7)    2 :  0.207 0.053 0.535 0.015 0.190 
527 OmyJC18ROGR    (4)    2 :  0.342 0.070 0.404 0.081 0.102 
528 OmyJC18ROGR    (1)    2 :  0.231 0.196 0.427 0.021 0.125 
529 OmyJC18ROGR    (2)    2 :  0.582 0.051 0.251 0.029 0.087 
530 OmyJC18ROGR    (1)    2 :  0.267 0.388 0.093 0.061 0.192 
531 OmyJC18ROGR    (2)    2 :  0.171 0.060 0.613 0.031 0.125 
532 OmyJC18ROGR    (2)    2 :  0.476 0.095 0.137 0.019 0.274 
533 OmyJC18ROGR    (5)    2 :  0.018 0.028 0.020 0.900 0.035 
534 OmyJC18ROGR    (2)    2 :  0.558 0.103 0.133 0.099 0.107 
535 OmyJC18ROGR    (3)    2 :  0.123 0.353 0.347 0.045 0.132 
536 OmyJC18ROGR    (0)    2 :  0.338 0.046 0.250 0.091 0.275 
537 OmyJC18ROGR    (3)    2 :  0.170 0.067 0.208 0.219 0.335 
538 OmyJC18ROGR    (1)    2 :  0.277 0.133 0.109 0.038 0.442 
539 OmyJC18ROGR    (1)    2 :  0.331 0.289 0.111 0.051 0.218 
540 OmyJC18ROGR    (1)    2 :  0.249 0.090 0.393 0.045 0.222 
541 OmyJC18ROGR    (5)    2 :  0.230 0.321 0.258 0.013 0.178 
542 OmyJC18ROGR    (4)    2 :  0.171 0.072 0.340 0.086 0.332 
543 OmyJC18ROGR    (2)    2 :  0.250 0.360 0.165 0.016 0.208 
544 OmyJC18ROGR    (2)    2 :  0.095 0.208 0.044 0.044 0.610 
545 OmyJC18ROGR    (2)    2 :  0.078 0.173 0.345 0.242 0.162 
546 OmyJC18ROGR    (1)    2 :  0.248 0.270 0.292 0.031 0.159 
547 OmyJC18ROGR    (1)    2 :  0.334 0.241 0.137 0.063 0.225 
548 OmyJC18ROGR    (1)    2 :  0.089 0.038 0.048 0.749 0.076 
549 OmyJC18ROGR    (1)    2 :  0.071 0.143 0.351 0.269 0.165 
550 OmyJC18ROGR    (2)    2 :  0.186 0.054 0.408 0.227 0.125 
551 OmyJC18ROGR    (4)    2 :  0.288 0.055 0.358 0.129 0.170 
552 OmyJC18ROGR    (6)    2 :  0.139 0.016 0.516 0.029 0.301 
553 OmyJC18ROGR    (3)    2 :  0.041 0.829 0.036 0.018 0.076 
554 OmyJC18ROGR    (1)    2 :  0.107 0.482 0.093 0.017 0.302 
555 OmyJC18ROGR    (4)    2 :  0.228 0.422 0.229 0.029 0.092 
556 OmyJC18ROGR    (2)    2 :  0.160 0.156 0.321 0.064 0.299 
557 OmyJC18ROGR    (0)    2 :  0.191 0.089 0.197 0.029 0.494 
558 OmyJC18ROGR    (2)    2 :  0.158 0.260 0.139 0.065 0.378 
559 OmyJC18ROGR    (3)    2 :  0.089 0.074 0.413 0.249 0.174 
560 OmyJC18ROGR    (6)    2 :  0.092 0.483 0.264 0.029 0.133 
561 OmyJC18ROGR    (1)    2 :  0.145 0.026 0.277 0.169 0.383 
562 OmyJC18ROGR    (2)    2 :  0.126 0.564 0.091 0.052 0.166 
563 OmyJC18ROGR    (2)    2 :  0.047 0.220 0.187 0.287 0.258 
564 OmyJC18ROGR    (1)    2 :  0.375 0.103 0.133 0.316 0.072 
565 OmyJC18ROGR    (1)    2 :  0.208 0.023 0.180 0.050 0.540 
566 OmyJC18ROGR    (1)    2 :  0.461 0.099 0.122 0.023 0.296 
567 OmyJC18ROGR    (1)    2 :  0.199 0.052 0.644 0.032 0.073 
568 OmyJC18ROGR    (1)    2 :  0.174 0.058 0.649 0.017 0.102 
569 OmyJC18ROGR    (3)    2 :  0.461 0.103 0.299 0.036 0.102 
570 OmyJC18ROGR    (1)    2 :  0.273 0.223 0.080 0.231 0.194 
571 OmyJC18ROGR    (2)    2 :  0.087 0.091 0.069 0.568 0.185 
572 OmyJC18ROGR    (5)    2 :  0.075 0.374 0.042 0.113 0.396 
573 OmyJC18ROGR    (5)    2 :  0.056 0.116 0.640 0.109 0.079 
574 OmyJC18ROGR    (1)    2 :  0.075 0.045 0.711 0.114 0.056 
575 OmyJC18ROGR    (2)    2 :  0.276 0.287 0.242 0.027 0.167 
576 OmyJC18ROGR    (0)    2 :  0.062 0.584 0.259 0.016 0.078 
577 OmyJC18ROGR    (1)    2 :  0.086 0.068 0.420 0.246 0.181 
578 OmyJC18ROGR    (1)    2 :  0.039 0.016 0.795 0.021 0.129 
579 OmyJC18ROGR    (2)    2 :  0.064 0.175 0.128 0.044 0.589 
580 OmyJC18ROGR    (1)    2 :  0.158 0.277 0.178 0.016 0.371 
581 OmyJC18ROGR    (1)    2 :  0.067 0.457 0.104 0.099 0.273 
582 OmyJC18ROGR    (0)    2 :  0.553 0.041 0.104 0.080 0.222 
583 OmyJC18ROGR    (1)    2 :  0.100 0.264 0.375 0.051 0.211 
584 OmyJC18ROGR    (2)    2 :  0.046 0.177 0.460 0.258 0.059 
585 OmyJC18ROGR    (1)    2 :  0.147 0.026 0.565 0.219 0.042 
586 OmyJC18ROGR    (0)    2 :  0.051 0.084 0.246 0.539 0.080 
587 OmyJC18ROGR    (1)    2 :  0.592 0.142 0.081 0.029 0.156 
588 OmyJC18ROGR    (0)    2 :  0.054 0.073 0.277 0.431 0.165 
589 OmyJC18ROGR    (2)    2 :  0.069 0.840 0.033 0.019 0.039 
590 OmyJC18ROGR    (2)    2 :  0.234 0.130 0.070 0.117 0.449 
591 OmyJC18ROGR    (1)    2 :  0.119 0.125 0.232 0.409 0.115 
592 OmyJC18ROGR    (1)    2 :  0.187 0.145 0.182 0.035 0.451 
593 OmyJC18ROGR    (1)    2 :  0.339 0.046 0.209 0.256 0.151 
594 OmyJC18ROGR    (3)    2 :  0.281 0.088 0.384 0.035 0.211 
595 OmyJC18ROGR    (1)    2 :  0.045 0.077 0.766 0.062 0.050 
596 OmyJC18ROGR    (1)    2 :  0.611 0.064 0.077 0.068 0.179 
597 OmyJC18ROGR    (1)    2 :  0.413 0.041 0.400 0.069 0.077 
598 OmyJC18ROGR    (1)    2 :  0.089 0.065 0.121 0.592 0.133 
599 OmyJC18ROGR    (1)    2 :  0.149 0.335 0.340 0.066 0.111 
600 OmyJC18ROGR    (2)    2 :  0.154 0.366 0.139 0.035 0.306 
601 OmyJC18ROGR    (7)    2 :  0.041 0.704 0.105 0.012 0.138 
602 OmyJC18ROGR    (3)    2 :  0.818 0.030 0.034 0.047 0.072 
603 OmyJC18ROGR    (1)    2 :  0.214 0.269 0.278 0.041 0.199 
604 OmyJC18ROGR    (1)    2 :  0.280 0.182 0.387 0.040 0.111 
605 OmyJC18ROGR    (1)    2 :  0.229 0.566 0.117 0.026 0.063 
606 OmyJC18ROGR    (1)    2 :  0.134 0.036 0.388 0.367 0.075 
