

----------------------------------------------------
STRUCTURE by Pritchard, Stephens and Donnelly (2000)
     and Falush, Stephens and Pritchard (2003)
       Code by Pritchard, Falush and Hubisz
             Version 2.3.4 (Jul 2012)
----------------------------------------------------



Command line arguments:   bin/structure -m "/Users/ddayan/FRA/premature_migration/Rogue_Half-Pounder/rogue_half_pounder_repo/structure/halfpounder/10k_20k_adm_corr/mainparams" -e "/Users/ddayan/FRA/premature_migration/Rogue_Half-Pounder/rogue_half_pounder_repo/structure/halfpounder/10k_20k_adm_corr/extraparams" 
Input File:    /Users/ddayan/FRA/premature_migration/Rogue_Half-Pounder/rogue_half_pounder_repo/structure/halfpounder/project_data

Run parameters:
   882 individuals
   330 loci
   5 populations assumed
   10000 Burn-in period
   20000 Reps


--------------------------------------------
Proportion of membership of each pre-defined
 population in each of the 5 clusters

Given    Inferred Clusters                     Number of
 Pop       1      2      3      4      5      Individuals

  1:     0.196  0.231  0.207  0.176  0.190      157
  2:     0.196  0.199  0.210  0.186  0.210      643
  3:     0.061  0.214  0.318  0.091  0.316       40
  4:     0.053  0.105  0.077  0.676  0.089       42
--------------------------------------------

Allele-freq. divergence among pops (Net nucleotide distance),
computed using point estimates of P.

      1       2       3       4       5      
 1      -    0.0091  0.0091  0.0122  0.0091  
 2   0.0091     -    0.0014  0.0038  0.0015  
 3   0.0091  0.0014     -    0.0043  0.0014  
 4   0.0122  0.0038  0.0043     -    0.0043  
 5   0.0091  0.0015  0.0014  0.0043     -    

Average distances (expected heterozygosity) between individuals in same cluster:
cluster  1  : 0.2520 
cluster  2  : 0.2851 
cluster  3  : 0.2858 
cluster  4  : 0.2794 
cluster  5  : 0.2863 

--------------------------------------------
Estimated Ln Prob of Data   = -247908.8
Mean value of ln likelihood = -246108.8
Variance of ln likelihood   = 3600.1
Mean value of alpha         = 0.2446

Mean value of Fst_1         = 0.0805
Mean value of Fst_2         = 0.0141
Mean value of Fst_3         = 0.0131
Mean value of Fst_4         = 0.0307
Mean value of Fst_5         = 0.0149


Inferred ancestry of individuals:
        Label (%Miss) Pop:  Inferred clusters
  1 OmyAC19ROGR    (0)    1 :  0.020 0.188 0.357 0.284 0.151 
  2 OmyAC19ROGR    (1)    1 :  0.092 0.364 0.250 0.191 0.102 
  3 OmyAC19ROGR    (1)    1 :  0.061 0.232 0.506 0.152 0.050 
  4 OmyAC19ROGR    (1)    1 :  0.027 0.186 0.326 0.138 0.323 
  5 OmyAC19ROGR    (2)    1 :  0.921 0.021 0.025 0.015 0.018 
  6 OmyAC19ROGR    (1)    1 :  0.219 0.118 0.496 0.057 0.110 
  7 OmyAC19ROGR    (1)    1 :  0.235 0.139 0.248 0.162 0.216 
  8 OmyAC19ROGR    (0)    1 :  0.019 0.655 0.089 0.104 0.133 
  9 OmyAC19ROGR    (1)    1 :  0.179 0.149 0.452 0.155 0.065 
 10 OmyAC19ROGR    (1)    1 :  0.474 0.192 0.088 0.118 0.128 
 11 OmyAC19ROGR    (0)    1 :  0.125 0.121 0.342 0.187 0.225 
 12 OmyAC19ROGR    (0)    1 :  0.141 0.088 0.571 0.072 0.128 
 13 OmyAC19ROGR    (1)    1 :  0.037 0.395 0.078 0.139 0.351 
 14 OmyAC19ROGR    (1)    1 :  0.444 0.094 0.106 0.027 0.328 
 15 OmyAC19ROGR    (2)    1 :  0.435 0.081 0.106 0.048 0.331 
 16 OmyAC19ROGR    (1)    1 :  0.137 0.218 0.186 0.151 0.308 
 17 OmyAC19ROGR    (1)    1 :  0.095 0.564 0.171 0.019 0.151 
 18 OmyAC19ROGR    (2)    1 :  0.030 0.490 0.069 0.219 0.191 
 19 OmyAC19ROGR    (1)    1 :  0.059 0.251 0.064 0.112 0.514 
 20 OmyAC19ROGR    (1)    1 :  0.235 0.156 0.221 0.035 0.353 
 21 OmyAC19ROGR    (1)    1 :  0.188 0.429 0.152 0.092 0.139 
 22 OmyAC19ROGR    (1)    1 :  0.087 0.188 0.190 0.347 0.188 
 23 OmyAC19ROGR    (1)    1 :  0.164 0.363 0.274 0.105 0.093 
 24 OmyAC19ROGR    (1)    1 :  0.024 0.039 0.091 0.805 0.040 
 25 OmyAC19ROGR    (1)    1 :  0.233 0.238 0.178 0.077 0.274 
 26 OmyAC19ROGR    (1)    1 :  0.153 0.222 0.221 0.283 0.121 
 27 OmyAC19ROGR    (1)    1 :  0.059 0.159 0.224 0.070 0.488 
 28 OmyAC19ROGR    (1)    1 :  0.030 0.047 0.070 0.818 0.035 
 29 OmyAC19ROGR    (1)    1 :  0.074 0.369 0.229 0.119 0.209 
 30 OmyAC19ROGR    (1)    1 :  0.612 0.150 0.111 0.058 0.069 
 31 OmyAC19ROGR    (1)    1 :  0.043 0.510 0.178 0.134 0.135 
 32 OmyAC19ROGR    (1)    1 :  0.116 0.557 0.056 0.152 0.119 
 33 OmyAC19ROGR    (1)    1 :  0.156 0.203 0.193 0.330 0.119 
 34 OmyAC19ROGR    (1)    1 :  0.535 0.108 0.052 0.050 0.255 
 35 OmyAC19ROGR    (0)    1 :  0.100 0.449 0.107 0.192 0.152 
 36 OmyAC19ROGR    (1)    1 :  0.181 0.316 0.306 0.081 0.115 
 37 OmyAC19ROGR    (1)    1 :  0.109 0.079 0.155 0.507 0.150 
 38 OmyAC19ROGR    (1)    1 :  0.496 0.090 0.056 0.314 0.044 
 39 OmyAC19ROGR    (1)    1 :  0.116 0.674 0.087 0.046 0.076 
 40 OmyAC19ROGR    (0)    1 :  0.279 0.092 0.416 0.048 0.165 
 41 OmyAC19ROGR    (1)    1 :  0.048 0.182 0.300 0.096 0.374 
 42 OmyAC19ROGR    (1)    1 :  0.766 0.065 0.086 0.024 0.060 
 43 OmyAC19ROGR    (1)    1 :  0.048 0.414 0.317 0.150 0.071 
 44 OmyAC19ROGR    (7)    1 :  0.044 0.401 0.379 0.098 0.079 
 45 OmyAC19ROGR    (2)    1 :  0.362 0.116 0.114 0.314 0.095 
 46 OmyAC19ROGR    (1)    1 :  0.082 0.165 0.190 0.410 0.154 
 47 OmyAC19ROGR    (0)    1 :  0.090 0.043 0.100 0.690 0.076 
 48 OmyAC19ROGR    (1)    1 :  0.054 0.304 0.387 0.146 0.108 
 49 OmyAC19ROGR    (0)    1 :  0.052 0.138 0.282 0.347 0.182 
 50 OmyAC19ROGR    (1)    1 :  0.030 0.364 0.118 0.031 0.457 
 51 OmyAC19ROGR    (2)    1 :  0.696 0.071 0.085 0.064 0.084 
 52 OmyAC19ROGR    (1)    1 :  0.818 0.053 0.038 0.051 0.040 
 53 OmyAC19ROGR    (2)    1 :  0.038 0.118 0.129 0.623 0.092 
 54 OmyAC19ROGR    (1)    1 :  0.085 0.114 0.154 0.555 0.091 
 55 OmyAC19ROGR    (3)    1 :  0.093 0.542 0.131 0.061 0.174 
 56 OmyAC19ROGR    (1)    1 :  0.095 0.106 0.087 0.449 0.263 
 57 OmyAC19ROGR    (0)    1 :  0.028 0.214 0.098 0.539 0.122 
 58 OmyAC19ROGR    (1)    1 :  0.667 0.100 0.088 0.058 0.087 
 59 OmyAC19ROGR    (0)    1 :  0.036 0.165 0.137 0.501 0.161 
 60 OmyAC19ROGR    (2)    1 :  0.141 0.122 0.302 0.079 0.356 
 61 OmyAC19ROGR    (1)    1 :  0.069 0.132 0.134 0.415 0.250 
 62 OmyAC19ROGR    (1)    1 :  0.037 0.294 0.466 0.084 0.119 
 63 OmyAC19ROGR    (0)    1 :  0.225 0.107 0.205 0.361 0.103 
 64 OmyAC19ROGR    (3)    1 :  0.073 0.135 0.492 0.104 0.197 
 65 OmyAC19ROGR    (1)    1 :  0.074 0.406 0.089 0.111 0.321 
 66 OmyAC19ROGR    (4)    1 :  0.307 0.164 0.120 0.038 0.371 
 67 OmyAC19ROGR    (0)    1 :  0.043 0.071 0.117 0.343 0.426 
 68 OmyAC19ROGR    (2)    1 :  0.056 0.198 0.245 0.403 0.098 
 69 OmyAC19ROGR    (2)    1 :  0.247 0.170 0.054 0.440 0.088 
 70 OmyAC19ROGR    (1)    1 :  0.045 0.502 0.221 0.158 0.074 
 71 OmyAC19ROGR    (0)    1 :  0.035 0.461 0.151 0.102 0.251 
 72 OmyAC19ROGR    (5)    1 :  0.029 0.208 0.476 0.138 0.149 
 73 OmyAC19ROGR    (1)    1 :  0.238 0.414 0.070 0.230 0.048 
 74 OmyAC19ROGR    (1)    1 :  0.037 0.075 0.715 0.037 0.136 
 75 OmyAC19ROGR    (1)    1 :  0.136 0.266 0.101 0.292 0.206 
 76 OmyAC19ROGR    (1)    1 :  0.055 0.165 0.103 0.604 0.074 
 77 OmyAC19ROGR    (1)    1 :  0.901 0.019 0.031 0.023 0.026 
 78 OmyAC19ROGR    (1)    1 :  0.039 0.552 0.174 0.118 0.117 
 79 OmyAC19ROGR    (2)    1 :  0.049 0.647 0.065 0.104 0.135 
 80 OmyAC19ROGR    (2)    1 :  0.704 0.044 0.068 0.114 0.071 
 81 OmyAC19ROGR    (2)    1 :  0.423 0.122 0.223 0.109 0.124 
 82 OmyAC19ROGR    (1)    1 :  0.023 0.142 0.189 0.549 0.098 
 83 OmyAC19ROGR    (0)    1 :  0.055 0.388 0.147 0.242 0.168 
 84 OmyAC19ROGR    (1)    1 :  0.197 0.151 0.257 0.068 0.327 
 85 OmyAC19ROGR    (6)    1 :  0.036 0.534 0.095 0.118 0.217 
 86 OmyAC19ROGR    (1)    1 :  0.086 0.134 0.377 0.026 0.377 
 87 OmyAC19ROGR    (2)    1 :  0.038 0.092 0.453 0.261 0.156 
 88 OmyJC19ROGR    (0)    2 :  0.809 0.079 0.031 0.028 0.053 
 89 OmyJC19ROGR    (1)    2 :  0.067 0.337 0.226 0.084 0.286 
 90 OmyJC19ROGR    (1)    2 :  0.859 0.034 0.042 0.027 0.039 
 91 OmyJC19ROGR    (2)    2 :  0.019 0.139 0.206 0.363 0.273 
 92 OmyJC19ROGR    (1)    2 :  0.053 0.246 0.109 0.510 0.082 
 93 OmyJC19ROGR    (1)    2 :  0.021 0.088 0.068 0.763 0.060 
 94 OmyJC19ROGR    (1)    2 :  0.189 0.475 0.167 0.039 0.131 
 95 OmyJC19ROGR    (0)    2 :  0.235 0.346 0.297 0.037 0.085 
 96 OmyJC19ROGR    (2)    2 :  0.106 0.220 0.161 0.108 0.404 
 97 OmyJC19ROGR    (1)    2 :  0.162 0.063 0.035 0.703 0.036 
 98 OmyJC19ROGR    (0)    2 :  0.055 0.235 0.212 0.126 0.371 
 99 OmyJC19ROGR    (0)    2 :  0.112 0.123 0.079 0.440 0.247 
100 OmyJC19ROGR    (1)    2 :  0.045 0.652 0.103 0.095 0.106 
101 OmyJC19ROGR    (1)    2 :  0.497 0.160 0.096 0.144 0.103 
102 OmyJC19ROGR    (1)    2 :  0.094 0.156 0.187 0.056 0.507 
103 OmyJC19ROGR    (2)    2 :  0.204 0.260 0.227 0.162 0.147 
104 OmyJC19ROGR    (1)    2 :  0.045 0.228 0.121 0.497 0.109 
105 OmyJC19ROGR    (1)    2 :  0.210 0.023 0.156 0.528 0.082 
106 OmyJC19ROGR    (1)    2 :  0.887 0.020 0.026 0.044 0.024 
107 OmyJC19ROGR    (2)    2 :  0.104 0.087 0.107 0.113 0.589 
108 OmyJC19ROGR    (0)    2 :  0.061 0.191 0.162 0.285 0.302 
109 OmyJC19ROGR    (1)    2 :  0.242 0.134 0.190 0.040 0.393 
110 OmyJC19ROGR    (1)    2 :  0.183 0.141 0.102 0.493 0.080 
111 OmyJC19ROGR    (1)    2 :  0.084 0.143 0.148 0.435 0.190 
112 OmyJC19ROGR    (2)    2 :  0.115 0.311 0.278 0.057 0.239 
113 OmyJC19ROGR    (1)    2 :  0.494 0.158 0.109 0.045 0.194 
114 OmyJC19ROGR    (3)    2 :  0.047 0.598 0.142 0.085 0.129 
115 OmyJC19ROGR    (2)    2 :  0.069 0.081 0.469 0.349 0.032 
116 OmyJC19ROGR    (0)    2 :  0.091 0.474 0.279 0.069 0.087 
117 OmyJC19ROGR    (1)    2 :  0.196 0.417 0.138 0.052 0.196 
118 OmyJC19ROGR    (1)    2 :  0.036 0.412 0.113 0.172 0.267 
119 OmyJC19ROGR    (3)    2 :  0.076 0.202 0.151 0.059 0.512 
120 OmyJC19ROGR    (1)    2 :  0.019 0.073 0.060 0.775 0.073 
121 OmyJC19ROGR    (0)    2 :  0.054 0.439 0.223 0.040 0.244 
122 OmyJC19ROGR    (1)    2 :  0.067 0.300 0.254 0.202 0.176 
123 OmyJC19ROGR    (1)    2 :  0.027 0.249 0.188 0.267 0.268 
124 OmyJC19ROGR    (0)    2 :  0.138 0.173 0.543 0.047 0.099 
125 OmyJC19ROGR    (1)    2 :  0.116 0.194 0.178 0.461 0.051 
126 OmyJC19ROGR    (1)    2 :  0.623 0.109 0.145 0.061 0.062 
127 OmyJC19ROGR    (1)    2 :  0.068 0.062 0.071 0.069 0.730 
128 OmyJC19ROGR    (1)    2 :  0.042 0.113 0.055 0.698 0.092 
129 OmyJC19ROGR    (1)    2 :  0.233 0.514 0.079 0.084 0.089 
130 OmyJC19ROGR    (1)    2 :  0.054 0.155 0.687 0.033 0.071 
131 OmyJC19ROGR    (1)    2 :  0.079 0.491 0.192 0.155 0.083 
132 OmyJC19ROGR    (1)    2 :  0.067 0.088 0.212 0.491 0.143 
133 OmyJC19ROGR    (1)    2 :  0.036 0.539 0.224 0.074 0.127 
134 OmyJC19ROGR    (1)    2 :  0.070 0.138 0.112 0.081 0.599 
135 OmyJC19ROGR    (1)    2 :  0.025 0.040 0.033 0.866 0.036 
136 OmyJC19ROGR    (3)    2 :  0.048 0.271 0.254 0.136 0.291 
137 OmyJC19ROGR    (1)    2 :  0.243 0.097 0.457 0.053 0.150 
138 OmyJC19ROGR    (1)    2 :  0.657 0.141 0.110 0.029 0.063 
139 OmyJC19ROGR    (2)    2 :  0.027 0.636 0.191 0.063 0.083 
140 OmyJC19ROGR    (3)    2 :  0.106 0.572 0.090 0.059 0.172 
141 OmyJC19ROGR    (0)    2 :  0.373 0.314 0.081 0.107 0.125 
142 OmyJC19ROGR    (1)    2 :  0.333 0.123 0.143 0.240 0.160 
143 OmyJC19ROGR    (0)    2 :  0.082 0.104 0.165 0.603 0.046 
144 OmyJC19ROGR    (1)    2 :  0.016 0.718 0.132 0.056 0.077 
145 OmyJC19ROGR    (1)    2 :  0.033 0.093 0.669 0.051 0.154 
146 OmyJC19ROGR    (2)    2 :  0.062 0.215 0.129 0.504 0.090 
147 OmyJC19ROGR    (1)    2 :  0.058 0.094 0.190 0.139 0.518 
148 OmyJC19ROGR    (1)    2 :  0.022 0.113 0.180 0.174 0.510 
149 OmyJC19ROGR    (2)    2 :  0.088 0.154 0.119 0.292 0.347 
150 OmyJC19ROGR    (2)    2 :  0.069 0.194 0.106 0.451 0.180 
151 OmyJC19ROGR    (1)    2 :  0.089 0.592 0.076 0.121 0.123 
152 OmyJC19ROGR    (0)    2 :  0.071 0.062 0.490 0.145 0.232 
153 OmyJC19ROGR    (1)    2 :  0.042 0.037 0.040 0.809 0.072 
154 OmyJC19ROGR    (2)    2 :  0.067 0.136 0.351 0.059 0.388 
155 OmyJC19ROGR    (1)    2 :  0.106 0.255 0.245 0.229 0.164 
156 OmyJC19ROGR    (1)    2 :  0.140 0.118 0.330 0.162 0.250 
157 OmyJC19ROGR    (0)    2 :  0.086 0.238 0.352 0.227 0.097 
158 OmyJC19ROGR    (2)    2 :  0.023 0.235 0.142 0.165 0.434 
159 OmyJC19ROGR    (1)    2 :  0.053 0.213 0.418 0.038 0.277 
160 OmyJC19ROGR    (0)    2 :  0.077 0.157 0.144 0.269 0.353 
161 OmyJC19ROGR    (1)    2 :  0.043 0.215 0.189 0.390 0.162 
162 OmyJC19ROGR    (1)    2 :  0.087 0.152 0.254 0.189 0.318 
163 OmyJC19ROGR    (1)    2 :  0.055 0.062 0.149 0.567 0.168 
164 OmyJC19ROGR    (1)    2 :  0.029 0.207 0.299 0.077 0.388 
165 OmyJC19ROGR    (0)    2 :  0.027 0.207 0.332 0.231 0.203 
166 OmyJC19ROGR    (0)    2 :  0.059 0.147 0.569 0.063 0.162 
167 OmyJC19ROGR    (2)    2 :  0.099 0.142 0.239 0.289 0.231 
168 OmyJC19ROGR    (0)    2 :  0.075 0.551 0.126 0.079 0.169 
169 OmyJC19ROGR    (1)    2 :  0.899 0.021 0.032 0.015 0.033 
170 OmyJC19ROGR    (1)    2 :  0.078 0.090 0.135 0.595 0.102 
171 OmyJC19ROGR    (1)    2 :  0.036 0.314 0.218 0.124 0.308 
172 OmyJC19ROGR    (0)    2 :  0.393 0.140 0.073 0.234 0.160 
173 OmyJC19ROGR    (1)    2 :  0.873 0.022 0.039 0.032 0.035 
174 OmyJC19ROGR    (0)    2 :  0.045 0.171 0.585 0.111 0.089 
175 OmyJC19ROGR    (1)    2 :  0.035 0.522 0.206 0.083 0.154 
176 OmyJC19ROGR    (1)    2 :  0.057 0.146 0.049 0.519 0.228 
177 OmyJC19ROGR    (1)    2 :  0.018 0.043 0.101 0.773 0.064 
178 OmyJC19ROGR    (0)    2 :  0.046 0.106 0.343 0.026 0.478 
179 OmyJC19ROGR    (1)    2 :  0.029 0.266 0.152 0.398 0.155 
180 OmyJC19ROGR    (1)    2 :  0.768 0.092 0.045 0.060 0.035 
181 OmyJC19ROGR    (1)    2 :  0.045 0.243 0.374 0.069 0.269 
182 OmyJC19ROGR    (1)    2 :  0.109 0.646 0.071 0.050 0.124 
183 OmyJC19ROGR    (1)    2 :  0.042 0.354 0.224 0.120 0.259 
184 OmyJC19ROGR    (1)    2 :  0.488 0.166 0.062 0.089 0.195 
185 OmyJC19ROGR    (2)    2 :  0.013 0.810 0.074 0.045 0.059 
186 OmyJC19ROGR    (1)    2 :  0.109 0.306 0.105 0.417 0.062 
187 OmyJC19ROGR    (0)    2 :  0.030 0.050 0.801 0.054 0.064 
188 OmyJC19ROGR    (1)    2 :  0.068 0.528 0.188 0.116 0.100 
189 OmyJC19ROGR    (0)    2 :  0.165 0.309 0.098 0.264 0.165 
190 OmyJC19ROGR    (0)    2 :  0.059 0.085 0.085 0.582 0.189 
191 OmyJC19ROGR    (2)    2 :  0.049 0.089 0.239 0.554 0.070 
192 OmyJC19ROGR    (1)    2 :  0.044 0.055 0.057 0.031 0.813 
193 OmyJC19ROGR    (1)    2 :  0.136 0.162 0.292 0.112 0.298 
194 OmyJC19ROGR    (0)    2 :  0.015 0.063 0.068 0.051 0.803 
195 OmyJC19ROGR    (1)    2 :  0.773 0.080 0.044 0.024 0.080 
196 OmyJC19ROGR    (1)    2 :  0.027 0.181 0.714 0.027 0.051 
197 OmyJC19ROGR    (1)    2 :  0.063 0.237 0.138 0.438 0.124 
198 OmyJC19ROGR    (1)    2 :  0.722 0.052 0.050 0.057 0.118 
199 OmyJC19ROGR    (0)    2 :  0.037 0.631 0.148 0.070 0.113 
200 OmyJC19ROGR    (0)    2 :  0.069 0.081 0.177 0.600 0.073 
201 OmyJC19ROGR    (1)    2 :  0.032 0.141 0.311 0.092 0.424 
202 OmyJC19ROGR    (0)    2 :  0.019 0.056 0.070 0.760 0.095 
203 OmyJC19ROGR    (0)    2 :  0.044 0.242 0.377 0.108 0.229 
204 OmyJC19ROGR    (1)    2 :  0.071 0.177 0.269 0.181 0.302 
205 OmyJC19ROGR    (1)    2 :  0.107 0.160 0.547 0.094 0.092 
206 OmyJC19ROGR    (1)    2 :  0.796 0.059 0.040 0.050 0.055 
207 OmyJC19ROGR    (1)    2 :  0.208 0.090 0.413 0.070 0.218 
208 OmyJC19ROGR    (1)    2 :  0.049 0.368 0.256 0.062 0.264 
209 OmyJC19ROGR    (0)    2 :  0.517 0.188 0.077 0.154 0.064 
210 OmyJC19ROGR    (1)    2 :  0.876 0.030 0.048 0.022 0.025 
211 OmyJC19ROGR    (0)    2 :  0.180 0.262 0.198 0.082 0.278 
212 OmyJC19ROGR    (1)    2 :  0.266 0.067 0.081 0.373 0.213 
213 OmyJC19ROGR    (1)    2 :  0.034 0.351 0.428 0.091 0.095 
214 OmyJC19ROGR    (1)    2 :  0.060 0.050 0.615 0.066 0.209 
215 OmyJC19ROGR    (1)    2 :  0.029 0.145 0.074 0.064 0.687 
216 OmyJC19ROGR    (1)    2 :  0.789 0.078 0.066 0.028 0.039 
217 OmyJC19ROGR    (1)    2 :  0.365 0.110 0.130 0.099 0.295 
218 OmyJC19ROGR    (1)    2 :  0.040 0.104 0.275 0.503 0.078 
219 OmyJC19ROGR    (1)    2 :  0.133 0.177 0.279 0.036 0.375 
220 OmyJC19ROGR    (1)    2 :  0.017 0.205 0.192 0.145 0.440 
221 OmyJC19ROGR    (0)    2 :  0.241 0.073 0.553 0.066 0.067 
222 OmyJC19ROGR    (1)    2 :  0.044 0.273 0.213 0.219 0.251 
223 OmyJC19ROGR    (0)    2 :  0.068 0.106 0.467 0.086 0.272 
224 OmyJC19ROGR    (1)    2 :  0.033 0.191 0.223 0.093 0.460 
225 OmyJC19ROGR    (1)    2 :  0.897 0.023 0.028 0.023 0.028 
226 OmyJC19ROGR    (0)    2 :  0.218 0.489 0.123 0.051 0.119 
227 OmyJC19ROGR    (1)    2 :  0.858 0.034 0.043 0.042 0.024 
228 OmyJC19ROGR    (1)    2 :  0.054 0.158 0.514 0.042 0.232 
229 OmyJC19ROGR    (2)    2 :  0.036 0.453 0.282 0.134 0.094 
230 OmyJC19ROGR    (1)    2 :  0.229 0.159 0.297 0.184 0.131 
231 OmyJC19ROGR    (1)    2 :  0.070 0.222 0.473 0.048 0.187 
232 OmyJC19ROGR    (2)    2 :  0.048 0.368 0.283 0.178 0.123 
233 OmyJC19ROGR    (1)    2 :  0.101 0.182 0.310 0.083 0.325 
234 OmyJC19ROGR    (1)    2 :  0.878 0.033 0.026 0.034 0.029 
235 OmyJC19ROGR    (0)    2 :  0.463 0.075 0.069 0.075 0.316 
236 OmyJC19ROGR    (1)    2 :  0.028 0.071 0.191 0.249 0.461 
237 OmyJC19ROGR    (1)    2 :  0.099 0.182 0.192 0.192 0.335 
238 OmyJC19ROGR    (0)    2 :  0.136 0.063 0.225 0.054 0.522 
239 OmyJC19ROGR    (1)    2 :  0.087 0.257 0.055 0.050 0.551 
240 OmyJC19ROGR    (1)    2 :  0.052 0.379 0.394 0.082 0.093 
241 OmyJC19ROGR    (0)    2 :  0.089 0.261 0.094 0.391 0.165 
242 OmyJC19ROGR    (1)    2 :  0.022 0.120 0.054 0.154 0.651 
243 OmyJC19ROGR    (1)    2 :  0.063 0.184 0.187 0.390 0.177 
244 OmyJC19ROGR    (1)    2 :  0.071 0.169 0.374 0.289 0.098 
245 OmyJC19ROGR    (0)    2 :  0.904 0.033 0.018 0.023 0.022 
246 OmyJC19ROGR    (1)    2 :  0.182 0.060 0.101 0.542 0.114 
247 OmyJC19ROGR    (0)    2 :  0.479 0.146 0.113 0.142 0.120 
248 OmyJC19ROGR    (1)    2 :  0.466 0.344 0.087 0.049 0.054 
249 OmyJC19ROGR    (1)    2 :  0.064 0.122 0.651 0.045 0.118 
250 OmyJC19ROGR    (0)    2 :  0.123 0.370 0.190 0.116 0.200 
251 OmyJC19ROGR    (1)    2 :  0.068 0.199 0.339 0.089 0.305 
252 OmyJC19ROGR    (0)    2 :  0.038 0.055 0.113 0.740 0.054 
253 OmyJC19ROGR    (0)    2 :  0.058 0.680 0.073 0.047 0.142 
254 OmyJC19ROGR    (1)    2 :  0.068 0.148 0.194 0.446 0.144 
255 OmyJC19ROGR    (1)    2 :  0.034 0.079 0.326 0.495 0.065 
256 OmyJC19ROGR    (1)    2 :  0.297 0.046 0.232 0.305 0.120 
257 OmyJC19ROGR    (0)    2 :  0.080 0.202 0.552 0.066 0.100 
258 OmyAC19ROGR    (1)    1 :  0.217 0.251 0.253 0.128 0.151 
259 OmyAC19ROGR    (2)    1 :  0.472 0.121 0.084 0.095 0.228 
260 OmyAC19ROGR    (1)    1 :  0.031 0.353 0.128 0.096 0.392 
261 OmyAC19ROGR    (0)    1 :  0.056 0.474 0.201 0.054 0.215 
262 OmyAC19ROGR    (1)    1 :  0.122 0.340 0.168 0.159 0.212 
263 OmyAC19ROGR    (0)    1 :  0.043 0.083 0.201 0.490 0.183 
264 OmyAC19ROGR    (1)    1 :  0.079 0.203 0.354 0.092 0.272 
265 OmyAC19ROGR    (1)    1 :  0.052 0.095 0.315 0.149 0.389 
266 OmyAC19ROGR    (1)    1 :  0.025 0.169 0.677 0.056 0.073 
267 OmyAC19ROGR    (1)    1 :  0.180 0.362 0.158 0.097 0.202 
268 OmyAC19ROGR    (2)    1 :  0.157 0.214 0.156 0.338 0.136 
269 OmyAC19ROGR    (1)    1 :  0.160 0.595 0.078 0.058 0.109 
270 OmyAC19ROGR    (1)    1 :  0.041 0.091 0.372 0.444 0.053 
271 OmyAC19ROGR    (1)    1 :  0.313 0.427 0.082 0.062 0.115 
272 OmyAC19ROGR    (0)    1 :  0.229 0.227 0.279 0.043 0.222 
273 OmyAC19ROGR    (0)    1 :  0.044 0.601 0.070 0.091 0.194 
274 OmyAC19ROGR    (1)    1 :  0.738 0.102 0.070 0.034 0.056 
275 OmyAC19ROGR    (1)    1 :  0.153 0.175 0.153 0.216 0.303 
276 OmyAC19ROGR    (1)    1 :  0.067 0.248 0.187 0.079 0.419 
277 OmyAC19ROGR    (1)    1 :  0.081 0.378 0.295 0.048 0.199 
278 OmyAC19ROGR    (1)    1 :  0.332 0.130 0.246 0.058 0.235 
279 OmyAC19ROGR    (0)    1 :  0.183 0.187 0.150 0.056 0.425 
280 OmyAC19ROGR    (1)    1 :  0.126 0.095 0.356 0.345 0.077 
281 OmyAC19ROGR    (1)    1 :  0.054 0.558 0.130 0.065 0.193 
282 OmyAC19ROGR    (1)    1 :  0.194 0.257 0.219 0.137 0.194 
283 OmyAC19ROGR    (1)    1 :  0.077 0.243 0.230 0.082 0.367 
284 OmyAC19ROGR    (0)    1 :  0.032 0.177 0.463 0.179 0.150 
285 OmyAC19ROGR    (1)    1 :  0.061 0.186 0.135 0.307 0.312 
286 OmyAC19ROGR    (1)    1 :  0.027 0.240 0.196 0.158 0.379 
287 OmyAC19ROGR    (1)    1 :  0.941 0.016 0.012 0.014 0.017 
288 OmyAC19ROGR    (1)    1 :  0.702 0.072 0.057 0.057 0.112 
289 OmyAC19ROGR    (1)    1 :  0.143 0.381 0.109 0.054 0.313 
290 OmyAC19ROGR    (1)    1 :  0.895 0.023 0.024 0.027 0.031 
291 OmyAC19ROGR    (1)    1 :  0.418 0.111 0.142 0.196 0.133 
292 OmyAC19ROGR    (1)    1 :  0.239 0.436 0.145 0.070 0.110 
293 OmyAC19ROGR    (1)    1 :  0.041 0.167 0.104 0.611 0.076 
294 OmyAC19ROGR    (1)    1 :  0.240 0.141 0.289 0.062 0.269 
295 OmyAC19ROGR    (0)    1 :  0.030 0.455 0.181 0.146 0.188 
296 OmyAC19ROGR    (0)    1 :  0.039 0.151 0.206 0.117 0.488 
297 OmyAC19ROGR    (1)    1 :  0.744 0.074 0.084 0.033 0.064 
298 OmyAC19ROGR    (0)    1 :  0.026 0.091 0.439 0.053 0.390 
299 OmyAC19ROGR    (1)    1 :  0.238 0.062 0.095 0.316 0.289 
300 OmyAC19ROGR    (1)    1 :  0.050 0.330 0.242 0.097 0.281 
301 OmyAC19ROGR    (0)    1 :  0.849 0.044 0.041 0.027 0.038 
302 OmyAC19ROGR    (1)    1 :  0.455 0.067 0.165 0.056 0.257 
303 OmyAC19ROGR    (1)    1 :  0.137 0.561 0.090 0.055 0.158 
304 OmyAC19ROGR    (1)    1 :  0.183 0.216 0.092 0.099 0.410 
305 OmyAC19ROGR    (1)    1 :  0.042 0.233 0.187 0.107 0.430 
306 OmyAC19ROGR    (1)    1 :  0.571 0.128 0.229 0.023 0.049 
307 OmyAC19ROGR    (2)    1 :  0.031 0.224 0.305 0.236 0.203 
308 OmyAC19ROGR    (0)    1 :  0.122 0.167 0.368 0.053 0.290 
309 OmyAC19ROGR    (2)    1 :  0.881 0.027 0.036 0.032 0.024 
310 OmyAC19ROGR    (0)    1 :  0.422 0.201 0.143 0.084 0.150 
311 OmyAC19ROGR    (0)    1 :  0.459 0.109 0.078 0.053 0.301 
312 OmyAC19ROGR    (0)    1 :  0.057 0.137 0.120 0.529 0.158 
313 OmyAC19ROGR    (1)    1 :  0.021 0.078 0.315 0.113 0.473 
314 OmyAC19ROGR    (0)    1 :  0.061 0.134 0.080 0.593 0.132 
315 OmyAC19ROGR    (1)    1 :  0.070 0.415 0.267 0.101 0.147 
316 OmyAC19ROGR    (1)    1 :  0.037 0.121 0.459 0.078 0.305 
317 OmyAC19ROGR    (1)    1 :  0.050 0.597 0.046 0.212 0.096 
318 OmyAC19ROGR    (1)    1 :  0.036 0.298 0.146 0.417 0.102 
319 OmyAC19ROGR    (1)    1 :  0.026 0.410 0.108 0.128 0.328 
320 OmyAC19ROGR    (0)    1 :  0.020 0.070 0.496 0.111 0.302 
321 OmyAC19ROGR    (1)    1 :  0.040 0.224 0.405 0.076 0.256 
322 OmyAC19ROGR    (0)    1 :  0.291 0.444 0.111 0.055 0.100 
323 OmyAC19ROGR    (1)    1 :  0.028 0.233 0.302 0.034 0.403 
324 OmyAC19ROGR    (1)    1 :  0.032 0.082 0.644 0.150 0.092 
325 OmyAC19ROGR    (1)    1 :  0.376 0.306 0.190 0.046 0.083 
326 OmyAC19ROGR    (1)    1 :  0.055 0.181 0.510 0.054 0.201 
327 OmyAC19ROGR    (1)    1 :  0.043 0.061 0.566 0.154 0.175 
328 OmyJC18ROGR    (1)    2 :  0.041 0.064 0.126 0.589 0.179 
329 OmyJC18ROGR    (0)    2 :  0.068 0.378 0.335 0.062 0.156 
330 OmyJC18ROGR    (0)    2 :  0.077 0.128 0.684 0.031 0.080 
331 OmyJC18ROGR    (1)    2 :  0.600 0.084 0.114 0.064 0.138 
332 OmyJC18ROGR    (1)    2 :  0.670 0.095 0.061 0.065 0.109 
333 OmyJC18ROGR    (1)    2 :  0.790 0.084 0.038 0.032 0.055 
334 OmyJC18ROGR    (1)    2 :  0.193 0.155 0.363 0.203 0.086 
335 OmyJC18ROGR    (0)    2 :  0.029 0.091 0.217 0.416 0.247 
336 OmyJC18ROGR    (1)    2 :  0.835 0.058 0.033 0.030 0.044 
337 OmyJC18ROGR    (1)    2 :  0.052 0.396 0.250 0.048 0.254 
338 OmyJC18ROGR    (1)    2 :  0.818 0.046 0.048 0.022 0.066 
339 OmyJC18ROGR    (1)    2 :  0.053 0.712 0.104 0.039 0.093 
340 OmyJC18ROGR    (0)    2 :  0.156 0.090 0.169 0.435 0.151 
341 OmyJC18ROGR    (1)    2 :  0.022 0.155 0.124 0.219 0.479 
342 OmyJC18ROGR    (2)    2 :  0.371 0.130 0.183 0.099 0.216 
343 OmyJC18ROGR    (2)    2 :  0.329 0.181 0.152 0.219 0.119 
344 OmyJC18ROGR    (3)    2 :  0.409 0.230 0.067 0.104 0.190 
345 OmyJC18ROGR    (2)    2 :  0.600 0.074 0.141 0.101 0.083 
346 OmyJC18ROGR    (4)    2 :  0.032 0.070 0.822 0.026 0.051 
347 OmyJC18ROGR    (3)    2 :  0.052 0.338 0.117 0.049 0.444 
348 OmyJC18ROGR    (1)    2 :  0.192 0.345 0.251 0.073 0.138 
349 OmyJC18ROGR    (1)    2 :  0.032 0.133 0.216 0.049 0.569 
350 OmyJC18ROGR    (1)    2 :  0.045 0.142 0.147 0.038 0.628 
351 OmyJC18ROGR    (0)    2 :  0.654 0.103 0.046 0.030 0.167 
352 OmyJC18ROGR    (4)    2 :  0.381 0.058 0.198 0.073 0.290 
353 OmyJC18ROGR    (2)    2 :  0.188 0.168 0.372 0.152 0.120 
354 OmyJC18ROGR    (1)    2 :  0.087 0.505 0.277 0.047 0.084 
355 OmyJC18ROGR    (2)    2 :  0.033 0.444 0.333 0.065 0.125 
356 OmyJC18ROGR    (1)    2 :  0.050 0.098 0.203 0.415 0.234 
357 OmyJC18ROGR    (2)    2 :  0.646 0.055 0.049 0.215 0.036 
358 OmyJC18ROGR    (2)    2 :  0.020 0.355 0.157 0.314 0.154 
359 OmyJC18ROGR    (3)    2 :  0.088 0.308 0.136 0.110 0.357 
360 OmyJC18ROGR    (0)    2 :  0.067 0.269 0.163 0.387 0.113 
361 OmyJC18ROGR    (1)    2 :  0.023 0.102 0.666 0.059 0.150 
362 OmyJC18ROGR    (1)    2 :  0.213 0.197 0.301 0.088 0.202 
363 OmyJC18ROGR    (2)    2 :  0.225 0.288 0.132 0.210 0.146 
364 OmyJC18ROGR    (3)    2 :  0.024 0.141 0.137 0.062 0.636 
365 OmyJC18ROGR    (4)    2 :  0.034 0.281 0.380 0.040 0.264 
366 OmyJC18ROGR    (4)    2 :  0.046 0.126 0.193 0.322 0.313 
367 OmyJC18ROGR    (3)    2 :  0.733 0.079 0.080 0.031 0.078 
368 OmyJC18ROGR    (3)    2 :  0.365 0.153 0.191 0.069 0.221 
369 OmyJC18ROGR    (2)    2 :  0.083 0.297 0.214 0.305 0.101 
370 OmyJC18ROGR    (3)    2 :  0.054 0.272 0.338 0.089 0.247 
371 OmyJC18ROGR    (1)    2 :  0.047 0.377 0.264 0.129 0.182 
372 OmyJC18ROGR    (3)    2 :  0.103 0.241 0.225 0.127 0.304 
373 OmyJC18ROGR    (5)    2 :  0.105 0.151 0.148 0.497 0.099 
374 OmyJC18ROGR    (5)    2 :  0.026 0.099 0.049 0.723 0.102 
375 OmyJC18ROGR    (3)    2 :  0.114 0.300 0.353 0.060 0.172 
376 OmyJC18ROGR    (3)    2 :  0.842 0.032 0.055 0.026 0.044 
377 OmyJC18ROGR    (4)    2 :  0.234 0.149 0.124 0.412 0.082 
378 OmyJC18ROGR    (0)    2 :  0.073 0.203 0.086 0.196 0.441 
379 OmyJC18ROGR    (5)    2 :  0.119 0.116 0.234 0.145 0.386 
380 OmyJC18ROGR    (4)    2 :  0.144 0.387 0.227 0.151 0.091 
381 OmyJC18ROGR    (1)    2 :  0.057 0.493 0.140 0.096 0.213 
382 OmyJC18ROGR    (1)    2 :  0.044 0.198 0.194 0.145 0.418 
383 OmyJC18ROGR    (3)    2 :  0.420 0.250 0.203 0.069 0.057 
384 OmyJC18ROGR    (2)    2 :  0.172 0.044 0.176 0.031 0.577 
385 OmyJC18ROGR    (4)    2 :  0.047 0.201 0.553 0.035 0.164 
386 OmyJC18ROGR    (2)    2 :  0.343 0.151 0.200 0.037 0.269 
387 OmyJC18ROGR    (1)    2 :  0.296 0.118 0.147 0.247 0.191 
388 OmyJC18ROGR    (6)    2 :  0.060 0.438 0.114 0.262 0.126 
389 OmyJC18ROGR    (1)    2 :  0.147 0.293 0.168 0.063 0.329 
390 OmyJC18ROGR    (1)    2 :  0.072 0.177 0.391 0.091 0.269 
391 OmyJC18ROGR    (3)    2 :  0.807 0.040 0.040 0.068 0.044 
392 OmyJC18ROGR    (2)    2 :  0.040 0.158 0.319 0.278 0.204 
393 OmyJC18ROGR    (4)    2 :  0.078 0.066 0.103 0.703 0.051 
394 OmyJC18ROGR    (3)    2 :  0.718 0.064 0.064 0.038 0.116 
395 OmyJC18ROGR    (7)    2 :  0.228 0.186 0.137 0.375 0.074 
396 OmyJC18ROGR    (4)    2 :  0.523 0.069 0.087 0.216 0.105 
397 OmyJC18ROGR    (1)    2 :  0.063 0.228 0.309 0.119 0.281 
398 OmyJC18ROGR    (3)    2 :  0.192 0.209 0.386 0.119 0.092 
399 OmyJC18ROGR    (2)    2 :  0.291 0.239 0.113 0.258 0.099 
400 OmyJC18ROGR    (0)    2 :  0.070 0.134 0.438 0.099 0.259 
401 OmyJC18ROGR    (6)    2 :  0.074 0.123 0.137 0.621 0.045 
402 OmyJC18ROGR    (5)    2 :  0.233 0.171 0.195 0.352 0.050 
403 OmyJC18ROGR    (1)    2 :  0.150 0.283 0.212 0.211 0.144 
404 OmyJC18ROGR    (2)    2 :  0.113 0.504 0.157 0.042 0.184 
405 OmyJC18ROGR    (3)    2 :  0.041 0.095 0.364 0.094 0.407 
406 OmyJC18ROGR    (2)    2 :  0.046 0.281 0.398 0.053 0.222 
407 OmyJC18ROGR    (2)    2 :  0.128 0.065 0.090 0.283 0.434 
408 OmyJC18ROGR    (2)    2 :  0.104 0.052 0.130 0.310 0.403 
409 OmyJC18ROGR    (1)    2 :  0.039 0.175 0.384 0.266 0.136 
410 OmyJC18ROGR    (1)    2 :  0.033 0.134 0.479 0.067 0.286 
411 OmyJC18ROGR    (1)    2 :  0.039 0.594 0.208 0.079 0.081 
412 OmyJC18ROGR    (0)    2 :  0.030 0.169 0.286 0.046 0.470 
413 OmyJC18ROGR    (1)    2 :  0.042 0.119 0.699 0.027 0.113 
414 OmyJC18ROGR    (2)    2 :  0.027 0.424 0.157 0.065 0.328 
415 OmyJC18ROGR    (2)    2 :  0.022 0.298 0.473 0.142 0.065 
416 OmyJC18ROGR    (3)    2 :  0.084 0.415 0.287 0.056 0.158 
417 OmyJC18ROGR    (1)    2 :  0.062 0.124 0.294 0.362 0.157 
418 OmyJC18ROGR    (0)    2 :  0.046 0.092 0.114 0.714 0.033 
419 OmyJC18ROGR    (1)    2 :  0.033 0.283 0.247 0.304 0.133 
420 OmyJC18ROGR    (0)    2 :  0.028 0.273 0.607 0.034 0.058 
421 OmyJC18ROGR    (1)    2 :  0.063 0.191 0.298 0.085 0.364 
422 OmyJC18ROGR    (6)    2 :  0.050 0.694 0.091 0.069 0.096 
423 OmyJC18ROGR    (2)    2 :  0.060 0.189 0.495 0.130 0.126 
424 OmyJC18ROGR    (1)    2 :  0.229 0.060 0.404 0.190 0.118 
425 OmyJC18ROGR    (1)    2 :  0.280 0.228 0.236 0.061 0.195 
426 OmyJC18ROGR    (3)    2 :  0.040 0.117 0.502 0.162 0.178 
427 OmyJC18ROGR    (2)    2 :  0.561 0.158 0.067 0.019 0.195 
428 OmyJC18ROGR    (6)    2 :  0.022 0.067 0.789 0.033 0.089 
429 OmyJC18ROGR    (1)    2 :  0.197 0.411 0.190 0.027 0.174 
430 OmyJC18ROGR    (1)    2 :  0.150 0.472 0.110 0.142 0.126 
431 OmyJC18ROGR    (0)    2 :  0.057 0.233 0.488 0.050 0.172 
432 OmyJC18ROGR    (2)    2 :  0.748 0.084 0.050 0.047 0.072 
433 OmyJC18ROGR    (2)    2 :  0.089 0.162 0.076 0.589 0.084 
434 OmyJC18ROGR    (2)    2 :  0.109 0.688 0.085 0.052 0.065 
435 OmyJC18ROGR    (8)    2 :  0.089 0.071 0.502 0.158 0.180 
436 OmyJC18ROGR    (2)    2 :  0.042 0.152 0.503 0.132 0.171 
437 OmyJC18ROGR    (4)    2 :  0.035 0.205 0.407 0.207 0.147 
438 OmyJC18ROGR    (1)    2 :  0.080 0.072 0.085 0.729 0.035 
439 OmyJC18ROGR    (2)    2 :  0.479 0.222 0.112 0.092 0.095 
440 OmyJC18ROGR    (0)    2 :  0.128 0.063 0.052 0.717 0.040 
441 OmyJC18ROGR    (1)    2 :  0.036 0.084 0.069 0.042 0.769 
442 OmyJC18ROGR    (6)    2 :  0.132 0.239 0.111 0.160 0.357 
443 OmyJC18ROGR    (1)    2 :  0.026 0.213 0.290 0.040 0.431 
444 OmyJC18ROGR    (6)    2 :  0.061 0.128 0.297 0.334 0.180 
445 OmyJC18ROGR    (2)    2 :  0.098 0.174 0.312 0.213 0.203 
446 OmyJC18ROGR    (3)    2 :  0.304 0.105 0.141 0.282 0.168 
447 OmyJC18ROGR    (2)    2 :  0.102 0.227 0.162 0.122 0.386 
448 OmyJC18ROGR    (3)    2 :  0.062 0.685 0.070 0.050 0.134 
449 OmyJC18ROGR    (1)    2 :  0.038 0.140 0.222 0.092 0.508 
450 OmyJC18ROGR    (4)    2 :  0.208 0.064 0.434 0.211 0.084 
451 OmyJC18ROGR    (3)    2 :  0.050 0.373 0.136 0.093 0.348 
452 OmyJC18ROGR    (1)    2 :  0.092 0.446 0.207 0.041 0.214 
453 OmyJC18ROGR    (1)    2 :  0.028 0.170 0.286 0.032 0.485 
454 OmyJC18ROGR    (4)    2 :  0.062 0.147 0.135 0.389 0.267 
455 OmyJC18ROGR    (4)    2 :  0.434 0.130 0.059 0.157 0.221 
456 OmyJC18ROGR    (5)    2 :  0.133 0.186 0.491 0.093 0.098 
457 OmyJC18ROGR    (3)    2 :  0.028 0.400 0.161 0.330 0.080 
458 OmyJC18ROGR    (1)    2 :  0.052 0.088 0.368 0.187 0.306 
459 OmyJC18ROGR    (1)    2 :  0.826 0.047 0.057 0.023 0.047 
460 OmyJC18ROGR    (2)    2 :  0.046 0.130 0.376 0.050 0.398 
461 OmyJC18ROGR    (1)    2 :  0.675 0.130 0.047 0.090 0.059 
462 OmyJC18ROGR    (1)    2 :  0.024 0.213 0.257 0.283 0.223 
463 OmyJC18ROGR    (4)    2 :  0.062 0.221 0.165 0.089 0.463 
464 OmyJC18ROGR    (6)    2 :  0.032 0.120 0.480 0.235 0.132 
465 OmyJC18ROGR    (3)    2 :  0.041 0.083 0.232 0.556 0.087 
466 OmyJC18ROGR    (3)    2 :  0.104 0.137 0.219 0.318 0.222 
467 OmyJC18ROGR    (2)    2 :  0.059 0.776 0.063 0.041 0.061 
468 OmyJC18ROGR    (2)    2 :  0.022 0.085 0.583 0.123 0.187 
469 OmyJC18ROGR    (1)    2 :  0.886 0.024 0.038 0.022 0.029 
470 OmyJC18ROGR    (0)    2 :  0.266 0.142 0.046 0.447 0.099 
471 OmyJC18ROGR    (2)    2 :  0.082 0.359 0.324 0.099 0.135 
472 OmyJC18ROGR    (2)    2 :  0.012 0.059 0.820 0.033 0.076 
473 OmyJC18ROGR    (1)    2 :  0.093 0.188 0.399 0.086 0.235 
474 OmyJC18ROGR    (3)    2 :  0.068 0.071 0.680 0.057 0.125 
475 OmyJC18ROGR    (1)    2 :  0.107 0.328 0.103 0.322 0.140 
476 OmyJC18ROGR    (2)    2 :  0.043 0.367 0.239 0.096 0.254 
477 OmyJC18ROGR    (0)    2 :  0.095 0.349 0.167 0.278 0.112 
478 OmyJC18ROGR    (1)    2 :  0.086 0.227 0.251 0.074 0.363 
479 OmyJC18ROGR    (1)    2 :  0.058 0.318 0.310 0.193 0.122 
480 OmyJC18ROGR    (1)    2 :  0.094 0.376 0.186 0.059 0.285 
481 OmyJC18ROGR    (1)    2 :  0.053 0.187 0.298 0.080 0.383 
482 OmyJC18ROGR    (1)    2 :  0.047 0.362 0.129 0.317 0.145 
483 OmyJC18ROGR    (0)    2 :  0.038 0.157 0.163 0.163 0.478 
484 OmyJC18ROGR    (0)    2 :  0.078 0.248 0.080 0.042 0.552 
485 OmyJC18ROGR    (0)    2 :  0.028 0.427 0.108 0.324 0.113 
486 OmyJC18ROGR    (0)    2 :  0.060 0.156 0.353 0.165 0.267 
487 OmyJC18ROGR    (1)    2 :  0.040 0.348 0.061 0.481 0.070 
488 OmyJC18ROGR    (1)    2 :  0.080 0.275 0.207 0.283 0.155 
489 OmyJC18ROGR    (1)    2 :  0.063 0.195 0.176 0.055 0.511 
490 OmyJC18ROGR    (0)    2 :  0.023 0.152 0.443 0.032 0.351 
491 OmyJC18ROGR    (0)    2 :  0.060 0.084 0.093 0.573 0.189 
492 OmyJC18ROGR    (5)    2 :  0.731 0.075 0.039 0.100 0.054 
493 OmyJC18ROGR    (1)    2 :  0.220 0.438 0.073 0.185 0.084 
494 OmyJC18ROGR    (3)    2 :  0.045 0.225 0.504 0.124 0.102 
495 OmyJC18ROGR    (1)    2 :  0.106 0.394 0.193 0.172 0.136 
496 OmyJC18ROGR    (1)    2 :  0.121 0.196 0.491 0.041 0.150 
497 OmyJC18ROGR    (1)    2 :  0.023 0.430 0.218 0.226 0.104 
498 OmyJC18ROGR    (1)    2 :  0.070 0.117 0.083 0.263 0.467 
499 OmyJC18ROGR    (1)    2 :  0.046 0.170 0.231 0.245 0.308 
500 OmyJC18ROGR    (1)    2 :  0.101 0.201 0.504 0.039 0.155 
501 OmyJC18ROGR    (2)    2 :  0.032 0.168 0.311 0.396 0.093 
502 OmyJC18ROGR    (1)    2 :  0.210 0.169 0.062 0.374 0.185 
503 OmyJC18ROGR    (2)    2 :  0.096 0.092 0.157 0.199 0.457 
504 OmyJC18ROGR    (2)    2 :  0.077 0.197 0.119 0.523 0.084 
505 OmyJC18ROGR    (2)    2 :  0.078 0.059 0.609 0.094 0.159 
506 OmyJC18ROGR    (3)    2 :  0.070 0.168 0.491 0.143 0.127 
507 OmyJC18ROGR    (1)    2 :  0.116 0.295 0.413 0.047 0.129 
508 OmyJC18ROGR    (7)    2 :  0.037 0.381 0.357 0.100 0.124 
509 OmyJC18ROGR    (1)    2 :  0.139 0.536 0.096 0.166 0.063 
510 OmyJC18ROGR    (1)    2 :  0.906 0.024 0.019 0.020 0.031 
511 OmyJC18ROGR    (2)    2 :  0.147 0.064 0.208 0.472 0.109 
512 OmyJC18ROGR    (1)    2 :  0.036 0.106 0.200 0.464 0.193 
513 OmyJC18ROGR    (3)    2 :  0.032 0.540 0.283 0.046 0.098 
514 OmyJC18ROGR    (1)    2 :  0.031 0.041 0.065 0.797 0.065 
515 OmyJC18ROGR    (5)    2 :  0.041 0.291 0.341 0.092 0.234 
516 OmyJC18ROGR    (3)    2 :  0.341 0.071 0.087 0.440 0.061 
517 OmyJC18ROGR    (1)    2 :  0.021 0.116 0.093 0.343 0.427 
518 OmyJC18ROGR    (1)    2 :  0.494 0.143 0.098 0.161 0.104 
519 OmyJC18ROGR    (0)    2 :  0.105 0.258 0.367 0.214 0.056 
520 OmyJC18ROGR    (0)    2 :  0.043 0.133 0.114 0.160 0.550 
521 OmyJC18ROGR    (2)    2 :  0.098 0.309 0.336 0.098 0.160 
522 OmyJC18ROGR    (2)    2 :  0.340 0.168 0.330 0.082 0.080 
523 OmyJC18ROGR    (1)    2 :  0.287 0.190 0.111 0.301 0.111 
524 OmyJC18ROGR    (3)    2 :  0.148 0.175 0.407 0.116 0.154 
525 OmyJC18ROGR    (1)    2 :  0.036 0.724 0.044 0.097 0.100 
526 OmyJC18ROGR    (7)    2 :  0.019 0.122 0.319 0.078 0.461 
527 OmyJC18ROGR    (4)    2 :  0.108 0.111 0.397 0.087 0.296 
528 OmyJC18ROGR    (1)    2 :  0.026 0.138 0.263 0.267 0.307 
529 OmyJC18ROGR    (2)    2 :  0.035 0.062 0.544 0.054 0.305 
530 OmyJC18ROGR    (1)    2 :  0.073 0.130 0.335 0.340 0.122 
531 OmyJC18ROGR    (2)    2 :  0.042 0.188 0.204 0.112 0.453 
532 OmyJC18ROGR    (2)    2 :  0.025 0.166 0.553 0.113 0.143 
533 OmyJC18ROGR    (5)    2 :  0.837 0.050 0.022 0.049 0.042 
534 OmyJC18ROGR    (2)    2 :  0.130 0.103 0.405 0.150 0.213 
535 OmyJC18ROGR    (3)    2 :  0.065 0.131 0.215 0.356 0.233 
536 OmyJC18ROGR    (0)    2 :  0.132 0.202 0.409 0.060 0.197 
537 OmyJC18ROGR    (3)    2 :  0.243 0.420 0.077 0.074 0.186 
538 OmyJC18ROGR    (1)    2 :  0.038 0.380 0.311 0.166 0.104 
539 OmyJC18ROGR    (1)    2 :  0.062 0.299 0.241 0.290 0.108 
540 OmyJC18ROGR    (1)    2 :  0.057 0.145 0.361 0.114 0.323 
541 OmyJC18ROGR    (5)    2 :  0.018 0.271 0.168 0.331 0.212 
542 OmyJC18ROGR    (4)    2 :  0.102 0.320 0.162 0.096 0.320 
543 OmyJC18ROGR    (2)    2 :  0.023 0.156 0.269 0.384 0.167 
544 OmyJC18ROGR    (2)    2 :  0.053 0.542 0.188 0.170 0.048 
545 OmyJC18ROGR    (2)    2 :  0.269 0.152 0.098 0.154 0.327 
546 OmyJC18ROGR    (1)    2 :  0.041 0.100 0.297 0.293 0.269 
547 OmyJC18ROGR    (1)    2 :  0.068 0.238 0.263 0.196 0.235 
548 OmyJC18ROGR    (1)    2 :  0.685 0.104 0.082 0.047 0.082 
549 OmyJC18ROGR    (1)    2 :  0.253 0.158 0.069 0.128 0.393 
550 OmyJC18ROGR    (2)    2 :  0.252 0.181 0.199 0.072 0.296 
551 OmyJC18ROGR    (4)    2 :  0.134 0.160 0.174 0.074 0.458 
552 OmyJC18ROGR    (6)    2 :  0.043 0.331 0.259 0.023 0.344 
553 OmyJC18ROGR    (3)    2 :  0.034 0.102 0.055 0.774 0.036 
554 OmyJC18ROGR    (1)    2 :  0.023 0.306 0.113 0.438 0.121 
555 OmyJC18ROGR    (4)    2 :  0.035 0.105 0.160 0.317 0.383 
556 OmyJC18ROGR    (2)    2 :  0.090 0.192 0.285 0.193 0.240 
557 OmyJC18ROGR    (0)    2 :  0.039 0.400 0.263 0.126 0.172 
558 OmyJC18ROGR    (2)    2 :  0.062 0.379 0.162 0.258 0.139 
559 OmyJC18ROGR    (3)    2 :  0.274 0.218 0.125 0.071 0.312 
560 OmyJC18ROGR    (6)    2 :  0.033 0.130 0.115 0.449 0.273 
561 OmyJC18ROGR    (1)    2 :  0.159 0.377 0.198 0.030 0.236 
562 OmyJC18ROGR    (2)    2 :  0.068 0.121 0.140 0.586 0.085 
563 OmyJC18ROGR    (2)    2 :  0.283 0.251 0.049 0.182 0.234 
564 OmyJC18ROGR    (1)    2 :  0.324 0.066 0.393 0.099 0.118 
565 OmyJC18ROGR    (1)    2 :  0.067 0.428 0.340 0.031 0.134 
566 OmyJC18ROGR    (1)    2 :  0.034 0.142 0.612 0.114 0.099 
567 OmyJC18ROGR    (1)    2 :  0.039 0.116 0.150 0.059 0.636 
568 OmyJC18ROGR    (1)    2 :  0.026 0.103 0.092 0.067 0.712 
569 OmyJC18ROGR    (3)    2 :  0.042 0.120 0.349 0.123 0.367 
570 OmyJC18ROGR    (1)    2 :  0.271 0.229 0.185 0.193 0.122 
571 OmyJC18ROGR    (2)    2 :  0.556 0.149 0.097 0.103 0.096 
572 OmyJC18ROGR    (5)    2 :  0.145 0.406 0.068 0.330 0.052 
573 OmyJC18ROGR    (5)    2 :  0.154 0.088 0.045 0.111 0.601 
574 OmyJC18ROGR    (1)    2 :  0.147 0.073 0.110 0.047 0.625 
575 OmyJC18ROGR    (2)    2 :  0.033 0.182 0.090 0.244 0.452 
576 OmyJC18ROGR    (0)    2 :  0.028 0.095 0.078 0.521 0.278 
577 OmyJC18ROGR    (1)    2 :  0.282 0.224 0.140 0.078 0.277 
578 OmyJC18ROGR    (1)    2 :  0.022 0.188 0.049 0.025 0.716 
579 OmyJC18ROGR    (2)    2 :  0.063 0.533 0.080 0.183 0.142 
580 OmyJC18ROGR    (1)    2 :  0.018 0.447 0.130 0.248 0.157 
581 OmyJC18ROGR    (1)    2 :  0.136 0.338 0.064 0.392 0.070 
582 OmyJC18ROGR    (0)    2 :  0.088 0.146 0.620 0.047 0.099 
583 OmyJC18ROGR    (1)    2 :  0.063 0.247 0.087 0.260 0.343 
584 OmyJC18ROGR    (2)    2 :  0.293 0.058 0.091 0.197 0.361 
585 OmyJC18ROGR    (1)    2 :  0.215 0.054 0.205 0.026 0.499 
586 OmyJC18ROGR    (0)    2 :  0.529 0.089 0.070 0.095 0.218 
587 OmyJC18ROGR    (1)    2 :  0.032 0.199 0.488 0.165 0.115 
588 OmyJC18ROGR    (0)    2 :  0.385 0.155 0.058 0.091 0.311 
589 OmyJC18ROGR    (2)    2 :  0.039 0.090 0.062 0.767 0.042 
590 OmyJC18ROGR    (2)    2 :  0.141 0.401 0.246 0.121 0.092 
591 OmyJC18ROGR    (1)    2 :  0.375 0.101 0.099 0.134 0.291 
592 OmyJC18ROGR    (1)    2 :  0.049 0.338 0.243 0.170 0.200 
593 OmyJC18ROGR    (1)    2 :  0.248 0.095 0.427 0.059 0.171 
594 OmyJC18ROGR    (3)    2 :  0.045 0.180 0.453 0.103 0.219 
595 OmyJC18ROGR    (1)    2 :  0.097 0.065 0.052 0.080 0.705 
596 OmyJC18ROGR    (1)    2 :  0.075 0.219 0.456 0.073 0.177 
597 OmyJC18ROGR    (1)    2 :  0.086 0.071 0.526 0.052 0.265 
598 OmyJC18ROGR    (1)    2 :  0.536 0.161 0.096 0.074 0.134 
599 OmyJC18ROGR    (1)    2 :  0.091 0.154 0.095 0.326 0.333 
600 OmyJC18ROGR    (2)    2 :  0.040 0.370 0.106 0.345 0.139 
601 OmyJC18ROGR    (7)    2 :  0.018 0.158 0.052 0.686 0.086 
602 OmyJC18ROGR    (3)    2 :  0.080 0.088 0.708 0.041 0.082 
603 OmyJC18ROGR    (1)    2 :  0.047 0.172 0.282 0.293 0.206 
604 OmyJC18ROGR    (1)    2 :  0.044 0.116 0.155 0.178 0.507 
605 OmyJC18ROGR    (1)    2 :  0.040 0.066 0.218 0.558 0.118 
606 OmyJC18ROGR    (1)    2 :  0.386 0.054 0.143 0.047 0.369 
