

----------------------------------------------------
STRUCTURE by Pritchard, Stephens and Donnelly (2000)
     and Falush, Stephens and Pritchard (2003)
       Code by Pritchard, Falush and Hubisz
             Version 2.3.4 (Jul 2012)
----------------------------------------------------



Command line arguments:   bin/structure -m "/Users/ddayan/FRA/premature_migration/Rogue_Half-Pounder/rogue_half_pounder_repo/structure/halfpounder/10k_20k_adm_corr/mainparams" -e "/Users/ddayan/FRA/premature_migration/Rogue_Half-Pounder/rogue_half_pounder_repo/structure/halfpounder/10k_20k_adm_corr/extraparams" 
Input File:    /Users/ddayan/FRA/premature_migration/Rogue_Half-Pounder/rogue_half_pounder_repo/structure/halfpounder/project_data

Run parameters:
   882 individuals
   330 loci
   6 populations assumed
   10000 Burn-in period
   20000 Reps


--------------------------------------------
Proportion of membership of each pre-defined
 population in each of the 6 clusters

Given    Inferred Clusters                            Number of
 Pop       1      2      3      4      5      6      Individuals

  1:     0.168  0.186  0.164  0.145  0.162  0.174      157
  2:     0.165  0.163  0.172  0.152  0.173  0.175      643
  3:     0.261  0.174  0.209  0.062  0.252  0.042       40
  4:     0.071  0.098  0.065  0.663  0.064  0.039       42
--------------------------------------------

Allele-freq. divergence among pops (Net nucleotide distance),
computed using point estimates of P.

      1       2       3       4       5       6      
 1      -    0.0018  0.0012  0.0048  0.0015  0.0087  
 2   0.0018     -    0.0011  0.0035  0.0013  0.0086  
 3   0.0012  0.0011     -    0.0035  0.0004  0.0082  
 4   0.0048  0.0035  0.0035     -    0.0039  0.0117  
 5   0.0015  0.0013  0.0004  0.0039     -    0.0085  
 6   0.0087  0.0086  0.0082  0.0117  0.0085     -    

Average distances (expected heterozygosity) between individuals in same cluster:
cluster  1  : 0.2854 
cluster  2  : 0.2847 
cluster  3  : 0.2853 
cluster  4  : 0.2791 
cluster  5  : 0.2852 
cluster  6  : 0.2525 

--------------------------------------------
Estimated Ln Prob of Data   = -247860.4
Mean value of ln likelihood = -245873.7
Variance of ln likelihood   = 3973.5
Mean value of alpha         = 0.1589

Mean value of Fst_1         = 0.0167
Mean value of Fst_2         = 0.0159
Mean value of Fst_3         = 0.0126
Mean value of Fst_4         = 0.0299
Mean value of Fst_5         = 0.0127
Mean value of Fst_6         = 0.0755


Inferred ancestry of individuals:
        Label (%Miss) Pop:  Inferred clusters
  1 OmyAC19ROGR    (0)    1 :  0.087 0.163 0.199 0.195 0.342 0.014 
  2 OmyAC19ROGR    (1)    1 :  0.075 0.483 0.089 0.118 0.166 0.069 
  3 OmyAC19ROGR    (1)    1 :  0.035 0.190 0.250 0.089 0.389 0.047 
  4 OmyAC19ROGR    (1)    1 :  0.156 0.147 0.355 0.078 0.241 0.023 
  5 OmyAC19ROGR    (2)    1 :  0.014 0.012 0.013 0.009 0.013 0.938 
  6 OmyAC19ROGR    (1)    1 :  0.033 0.104 0.210 0.032 0.462 0.160 
  7 OmyAC19ROGR    (1)    1 :  0.396 0.094 0.088 0.119 0.145 0.157 
  8 OmyAC19ROGR    (0)    1 :  0.088 0.567 0.167 0.065 0.099 0.014 
  9 OmyAC19ROGR    (1)    1 :  0.050 0.134 0.170 0.125 0.369 0.152 
 10 OmyAC19ROGR    (1)    1 :  0.137 0.105 0.075 0.116 0.072 0.494 
 11 OmyAC19ROGR    (0)    1 :  0.096 0.056 0.420 0.090 0.261 0.077 
 12 OmyAC19ROGR    (0)    1 :  0.083 0.061 0.163 0.049 0.528 0.117 
 13 OmyAC19ROGR    (1)    1 :  0.274 0.329 0.162 0.108 0.104 0.024 
 14 OmyAC19ROGR    (1)    1 :  0.472 0.037 0.064 0.018 0.055 0.354 
 15 OmyAC19ROGR    (2)    1 :  0.348 0.040 0.099 0.034 0.080 0.400 
 16 OmyAC19ROGR    (1)    1 :  0.070 0.095 0.456 0.080 0.222 0.076 
 17 OmyAC19ROGR    (1)    1 :  0.194 0.461 0.125 0.010 0.132 0.078 
 18 OmyAC19ROGR    (2)    1 :  0.161 0.439 0.130 0.168 0.081 0.021 
 19 OmyAC19ROGR    (1)    1 :  0.200 0.483 0.131 0.088 0.060 0.039 
 20 OmyAC19ROGR    (1)    1 :  0.318 0.047 0.246 0.021 0.152 0.216 
 21 OmyAC19ROGR    (1)    1 :  0.163 0.387 0.128 0.059 0.091 0.173 
 22 OmyAC19ROGR    (1)    1 :  0.113 0.170 0.181 0.287 0.187 0.063 
 23 OmyAC19ROGR    (1)    1 :  0.069 0.423 0.129 0.080 0.181 0.119 
 24 OmyAC19ROGR    (1)    1 :  0.024 0.033 0.045 0.828 0.058 0.014 
 25 OmyAC19ROGR    (1)    1 :  0.309 0.168 0.181 0.053 0.111 0.178 
 26 OmyAC19ROGR    (1)    1 :  0.052 0.536 0.042 0.186 0.098 0.086 
 27 OmyAC19ROGR    (1)    1 :  0.385 0.090 0.216 0.044 0.226 0.040 
 28 OmyAC19ROGR    (1)    1 :  0.017 0.031 0.033 0.843 0.055 0.021 
 29 OmyAC19ROGR    (1)    1 :  0.077 0.221 0.347 0.093 0.213 0.049 
 30 OmyAC19ROGR    (1)    1 :  0.035 0.217 0.052 0.025 0.069 0.602 
 31 OmyAC19ROGR    (1)    1 :  0.109 0.298 0.280 0.096 0.189 0.028 
 32 OmyAC19ROGR    (1)    1 :  0.210 0.285 0.177 0.155 0.092 0.081 
 33 OmyAC19ROGR    (1)    1 :  0.101 0.139 0.183 0.267 0.192 0.118 
 34 OmyAC19ROGR    (1)    1 :  0.139 0.089 0.137 0.039 0.061 0.535 
 35 OmyAC19ROGR    (0)    1 :  0.108 0.416 0.181 0.117 0.098 0.080 
 36 OmyAC19ROGR    (1)    1 :  0.111 0.369 0.120 0.066 0.185 0.149 
 37 OmyAC19ROGR    (1)    1 :  0.142 0.067 0.100 0.503 0.102 0.087 
 38 OmyAC19ROGR    (1)    1 :  0.039 0.066 0.058 0.294 0.048 0.495 
 39 OmyAC19ROGR    (1)    1 :  0.125 0.643 0.052 0.036 0.054 0.089 
 40 OmyAC19ROGR    (0)    1 :  0.290 0.082 0.065 0.028 0.286 0.249 
 41 OmyAC19ROGR    (1)    1 :  0.564 0.076 0.099 0.070 0.162 0.028 
 42 OmyAC19ROGR    (1)    1 :  0.038 0.055 0.051 0.018 0.051 0.787 
 43 OmyAC19ROGR    (1)    1 :  0.064 0.256 0.215 0.130 0.305 0.031 
 44 OmyAC19ROGR    (7)    1 :  0.038 0.336 0.209 0.066 0.314 0.038 
 45 OmyAC19ROGR    (2)    1 :  0.049 0.060 0.166 0.252 0.141 0.332 
 46 OmyAC19ROGR    (1)    1 :  0.157 0.179 0.175 0.332 0.106 0.051 
 47 OmyAC19ROGR    (0)    1 :  0.058 0.047 0.062 0.703 0.072 0.059 
 48 OmyAC19ROGR    (1)    1 :  0.096 0.261 0.172 0.096 0.338 0.037 
 49 OmyAC19ROGR    (0)    1 :  0.250 0.224 0.116 0.208 0.174 0.027 
 50 OmyAC19ROGR    (1)    1 :  0.567 0.119 0.207 0.020 0.068 0.019 
 51 OmyAC19ROGR    (2)    1 :  0.057 0.048 0.095 0.049 0.075 0.676 
 52 OmyAC19ROGR    (1)    1 :  0.026 0.047 0.038 0.023 0.029 0.839 
 53 OmyAC19ROGR    (2)    1 :  0.035 0.108 0.110 0.597 0.120 0.029 
 54 OmyAC19ROGR    (1)    1 :  0.166 0.079 0.050 0.534 0.120 0.052 
 55 OmyAC19ROGR    (3)    1 :  0.137 0.368 0.249 0.042 0.128 0.076 
 56 OmyAC19ROGR    (1)    1 :  0.118 0.121 0.195 0.417 0.068 0.082 
 57 OmyAC19ROGR    (0)    1 :  0.074 0.173 0.132 0.520 0.083 0.017 
 58 OmyAC19ROGR    (1)    1 :  0.041 0.075 0.078 0.037 0.077 0.692 
 59 OmyAC19ROGR    (0)    1 :  0.124 0.075 0.122 0.538 0.122 0.019 
 60 OmyAC19ROGR    (2)    1 :  0.133 0.071 0.362 0.042 0.298 0.094 
 61 OmyAC19ROGR    (1)    1 :  0.225 0.080 0.142 0.423 0.082 0.048 
 62 OmyAC19ROGR    (1)    1 :  0.072 0.300 0.186 0.069 0.343 0.028 
 63 OmyAC19ROGR    (0)    1 :  0.079 0.078 0.152 0.305 0.182 0.205 
 64 OmyAC19ROGR    (3)    1 :  0.157 0.107 0.242 0.093 0.358 0.042 
 65 OmyAC19ROGR    (1)    1 :  0.098 0.288 0.345 0.072 0.145 0.053 
 66 OmyAC19ROGR    (4)    1 :  0.631 0.073 0.061 0.026 0.038 0.171 
 67 OmyAC19ROGR    (0)    1 :  0.236 0.093 0.266 0.243 0.133 0.029 
 68 OmyAC19ROGR    (2)    1 :  0.069 0.280 0.078 0.356 0.183 0.035 
 69 OmyAC19ROGR    (2)    1 :  0.070 0.144 0.098 0.431 0.063 0.194 
 70 OmyAC19ROGR    (1)    1 :  0.071 0.564 0.088 0.123 0.125 0.030 
 71 OmyAC19ROGR    (0)    1 :  0.178 0.252 0.285 0.071 0.187 0.027 
 72 OmyAC19ROGR    (5)    1 :  0.096 0.077 0.350 0.088 0.372 0.018 
 73 OmyAC19ROGR    (1)    1 :  0.040 0.312 0.126 0.236 0.084 0.202 
 74 OmyAC19ROGR    (1)    1 :  0.300 0.126 0.061 0.033 0.447 0.032 
 75 OmyAC19ROGR    (1)    1 :  0.149 0.178 0.195 0.288 0.100 0.089 
 76 OmyAC19ROGR    (1)    1 :  0.061 0.212 0.060 0.562 0.070 0.035 
 77 OmyAC19ROGR    (1)    1 :  0.018 0.015 0.017 0.015 0.019 0.916 
 78 OmyAC19ROGR    (1)    1 :  0.095 0.363 0.170 0.097 0.241 0.034 
 79 OmyAC19ROGR    (2)    1 :  0.061 0.508 0.252 0.067 0.079 0.033 
 80 OmyAC19ROGR    (2)    1 :  0.049 0.047 0.059 0.079 0.058 0.708 
 81 OmyAC19ROGR    (2)    1 :  0.080 0.087 0.119 0.077 0.241 0.397 
 82 OmyAC19ROGR    (1)    1 :  0.040 0.198 0.135 0.419 0.195 0.014 
 83 OmyAC19ROGR    (0)    1 :  0.258 0.319 0.144 0.148 0.095 0.036 
 84 OmyAC19ROGR    (1)    1 :  0.175 0.237 0.147 0.052 0.241 0.148 
 85 OmyAC19ROGR    (6)    1 :  0.112 0.439 0.262 0.083 0.086 0.018 
 86 OmyAC19ROGR    (1)    1 :  0.604 0.059 0.072 0.017 0.195 0.052 
 87 OmyAC19ROGR    (2)    1 :  0.209 0.200 0.074 0.255 0.233 0.030 
 88 OmyJC19ROGR    (0)    2 :  0.037 0.063 0.035 0.017 0.018 0.830 
 89 OmyJC19ROGR    (1)    2 :  0.176 0.576 0.070 0.048 0.093 0.037 
 90 OmyJC19ROGR    (1)    2 :  0.019 0.018 0.035 0.018 0.028 0.881 
 91 OmyJC19ROGR    (2)    2 :  0.189 0.145 0.131 0.318 0.204 0.013 
 92 OmyJC19ROGR    (1)    2 :  0.085 0.207 0.117 0.407 0.148 0.036 
 93 OmyJC19ROGR    (1)    2 :  0.031 0.061 0.067 0.777 0.046 0.017 
 94 OmyJC19ROGR    (1)    2 :  0.092 0.250 0.337 0.026 0.158 0.137 
 95 OmyJC19ROGR    (0)    2 :  0.109 0.477 0.088 0.021 0.137 0.168 
 96 OmyJC19ROGR    (2)    2 :  0.235 0.091 0.415 0.079 0.099 0.081 
 97 OmyJC19ROGR    (1)    2 :  0.018 0.057 0.049 0.720 0.044 0.111 
 98 OmyJC19ROGR    (0)    2 :  0.104 0.114 0.450 0.087 0.209 0.037 
 99 OmyJC19ROGR    (0)    2 :  0.073 0.060 0.311 0.287 0.200 0.068 
100 OmyJC19ROGR    (1)    2 :  0.044 0.664 0.122 0.040 0.106 0.025 
101 OmyJC19ROGR    (1)    2 :  0.064 0.209 0.076 0.088 0.080 0.484 
102 OmyJC19ROGR    (1)    2 :  0.202 0.165 0.381 0.040 0.148 0.063 
103 OmyJC19ROGR    (2)    2 :  0.120 0.392 0.124 0.104 0.104 0.157 
104 OmyJC19ROGR    (1)    2 :  0.046 0.270 0.105 0.418 0.133 0.029 
105 OmyJC19ROGR    (1)    2 :  0.046 0.027 0.178 0.401 0.185 0.162 
106 OmyJC19ROGR    (1)    2 :  0.018 0.013 0.011 0.036 0.017 0.905 
107 OmyJC19ROGR    (2)    2 :  0.132 0.044 0.484 0.068 0.189 0.083 
108 OmyJC19ROGR    (0)    2 :  0.149 0.101 0.358 0.173 0.180 0.038 
109 OmyJC19ROGR    (1)    2 :  0.254 0.123 0.266 0.027 0.149 0.182 
110 OmyJC19ROGR    (1)    2 :  0.045 0.143 0.118 0.434 0.091 0.169 
111 OmyJC19ROGR    (1)    2 :  0.091 0.119 0.233 0.349 0.142 0.066 
112 OmyJC19ROGR    (2)    2 :  0.132 0.226 0.303 0.035 0.220 0.084 
113 OmyJC19ROGR    (1)    2 :  0.164 0.174 0.088 0.034 0.076 0.464 
114 OmyJC19ROGR    (3)    2 :  0.098 0.580 0.106 0.052 0.138 0.025 
115 OmyJC19ROGR    (2)    2 :  0.024 0.060 0.129 0.279 0.458 0.050 
116 OmyJC19ROGR    (0)    2 :  0.067 0.596 0.097 0.051 0.130 0.059 
117 OmyJC19ROGR    (1)    2 :  0.121 0.228 0.305 0.040 0.130 0.176 
118 OmyJC19ROGR    (1)    2 :  0.258 0.440 0.083 0.104 0.093 0.022 
119 OmyJC19ROGR    (3)    2 :  0.313 0.125 0.264 0.047 0.201 0.050 
120 OmyJC19ROGR    (1)    2 :  0.035 0.051 0.048 0.808 0.046 0.012 
121 OmyJC19ROGR    (0)    2 :  0.232 0.252 0.209 0.032 0.233 0.043 
122 OmyJC19ROGR    (1)    2 :  0.259 0.286 0.090 0.151 0.165 0.049 
123 OmyJC19ROGR    (1)    2 :  0.198 0.178 0.223 0.215 0.165 0.022 
124 OmyJC19ROGR    (0)    2 :  0.078 0.113 0.184 0.028 0.510 0.087 
125 OmyJC19ROGR    (1)    2 :  0.045 0.165 0.088 0.461 0.142 0.100 
126 OmyJC19ROGR    (1)    2 :  0.066 0.063 0.083 0.041 0.117 0.630 
127 OmyJC19ROGR    (1)    2 :  0.541 0.034 0.259 0.043 0.084 0.039 
128 OmyJC19ROGR    (1)    2 :  0.041 0.108 0.094 0.666 0.059 0.032 
129 OmyJC19ROGR    (1)    2 :  0.073 0.459 0.125 0.064 0.074 0.206 
130 OmyJC19ROGR    (1)    2 :  0.058 0.227 0.107 0.019 0.533 0.056 
131 OmyJC19ROGR    (1)    2 :  0.049 0.446 0.186 0.098 0.171 0.050 
132 OmyJC19ROGR    (1)    2 :  0.107 0.142 0.158 0.435 0.123 0.034 
133 OmyJC19ROGR    (1)    2 :  0.049 0.369 0.294 0.041 0.223 0.023 
134 OmyJC19ROGR    (1)    2 :  0.626 0.082 0.114 0.042 0.092 0.043 
135 OmyJC19ROGR    (1)    2 :  0.018 0.023 0.038 0.883 0.025 0.013 
136 OmyJC19ROGR    (3)    2 :  0.153 0.392 0.161 0.110 0.155 0.029 
137 OmyJC19ROGR    (1)    2 :  0.366 0.055 0.097 0.037 0.259 0.185 
138 OmyJC19ROGR    (1)    2 :  0.039 0.158 0.081 0.018 0.063 0.641 
139 OmyJC19ROGR    (2)    2 :  0.078 0.477 0.203 0.037 0.190 0.016 
140 OmyJC19ROGR    (3)    2 :  0.175 0.346 0.240 0.039 0.116 0.084 
141 OmyJC19ROGR    (0)    2 :  0.157 0.239 0.091 0.103 0.094 0.316 
142 OmyJC19ROGR    (1)    2 :  0.113 0.126 0.191 0.163 0.133 0.275 
143 OmyJC19ROGR    (0)    2 :  0.026 0.150 0.094 0.532 0.148 0.049 
144 OmyJC19ROGR    (1)    2 :  0.044 0.464 0.256 0.033 0.191 0.012 
145 OmyJC19ROGR    (1)    2 :  0.065 0.068 0.310 0.033 0.505 0.019 
146 OmyJC19ROGR    (2)    2 :  0.079 0.172 0.088 0.491 0.118 0.052 
147 OmyJC19ROGR    (1)    2 :  0.417 0.063 0.279 0.088 0.116 0.036 
148 OmyJC19ROGR    (1)    2 :  0.208 0.045 0.436 0.121 0.176 0.014 
149 OmyJC19ROGR    (2)    2 :  0.261 0.138 0.151 0.292 0.101 0.057 
150 OmyJC19ROGR    (2)    2 :  0.157 0.224 0.112 0.381 0.079 0.048 
151 OmyJC19ROGR    (1)    2 :  0.214 0.460 0.082 0.103 0.072 0.069 
152 OmyJC19ROGR    (0)    2 :  0.121 0.059 0.364 0.088 0.311 0.057 
153 OmyJC19ROGR    (1)    2 :  0.032 0.028 0.071 0.813 0.027 0.029 
154 OmyJC19ROGR    (2)    2 :  0.344 0.116 0.234 0.032 0.225 0.048 
155 OmyJC19ROGR    (1)    2 :  0.347 0.154 0.089 0.160 0.179 0.070 
156 OmyJC19ROGR    (1)    2 :  0.400 0.067 0.117 0.123 0.179 0.115 
157 OmyJC19ROGR    (0)    2 :  0.082 0.226 0.198 0.154 0.285 0.055 
158 OmyJC19ROGR    (2)    2 :  0.207 0.297 0.260 0.084 0.136 0.015 
159 OmyJC19ROGR    (1)    2 :  0.278 0.153 0.280 0.026 0.222 0.040 
160 OmyJC19ROGR    (0)    2 :  0.273 0.048 0.342 0.173 0.119 0.045 
161 OmyJC19ROGR    (1)    2 :  0.109 0.155 0.223 0.287 0.192 0.034 
162 OmyJC19ROGR    (1)    2 :  0.209 0.128 0.262 0.179 0.168 0.054 
163 OmyJC19ROGR    (1)    2 :  0.065 0.046 0.161 0.568 0.120 0.040 
164 OmyJC19ROGR    (1)    2 :  0.246 0.164 0.284 0.044 0.246 0.017 
165 OmyJC19ROGR    (0)    2 :  0.086 0.119 0.264 0.173 0.345 0.013 
166 OmyJC19ROGR    (0)    2 :  0.182 0.109 0.138 0.042 0.482 0.046 
167 OmyJC19ROGR    (2)    2 :  0.189 0.129 0.139 0.259 0.189 0.095 
168 OmyJC19ROGR    (0)    2 :  0.068 0.713 0.079 0.045 0.051 0.043 
169 OmyJC19ROGR    (1)    2 :  0.018 0.011 0.017 0.013 0.015 0.926 
170 OmyJC19ROGR    (1)    2 :  0.055 0.065 0.122 0.595 0.111 0.052 
171 OmyJC19ROGR    (1)    2 :  0.135 0.163 0.318 0.092 0.270 0.022 
172 OmyJC19ROGR    (0)    2 :  0.077 0.149 0.117 0.224 0.057 0.376 
173 OmyJC19ROGR    (1)    2 :  0.024 0.016 0.021 0.021 0.017 0.901 
174 OmyJC19ROGR    (0)    2 :  0.059 0.126 0.189 0.082 0.518 0.027 
175 OmyJC19ROGR    (1)    2 :  0.171 0.490 0.132 0.048 0.134 0.025 
176 OmyJC19ROGR    (1)    2 :  0.139 0.092 0.157 0.525 0.049 0.038 
177 OmyJC19ROGR    (1)    2 :  0.030 0.025 0.107 0.721 0.107 0.011 
178 OmyJC19ROGR    (0)    2 :  0.433 0.047 0.250 0.018 0.220 0.032 
179 OmyJC19ROGR    (1)    2 :  0.097 0.179 0.195 0.362 0.153 0.015 
180 OmyJC19ROGR    (1)    2 :  0.044 0.042 0.037 0.050 0.034 0.791 
181 OmyJC19ROGR    (1)    2 :  0.139 0.173 0.358 0.050 0.245 0.033 
182 OmyJC19ROGR    (1)    2 :  0.143 0.402 0.197 0.041 0.090 0.127 
183 OmyJC19ROGR    (1)    2 :  0.200 0.085 0.316 0.072 0.305 0.022 
184 OmyJC19ROGR    (1)    2 :  0.147 0.125 0.089 0.097 0.056 0.486 
185 OmyJC19ROGR    (2)    2 :  0.024 0.904 0.020 0.021 0.023 0.008 
186 OmyJC19ROGR    (1)    2 :  0.035 0.359 0.079 0.370 0.084 0.074 
187 OmyJC19ROGR    (0)    2 :  0.048 0.035 0.204 0.035 0.661 0.017 
188 OmyJC19ROGR    (1)    2 :  0.062 0.358 0.238 0.069 0.220 0.053 
189 OmyJC19ROGR    (0)    2 :  0.076 0.347 0.179 0.209 0.077 0.112 
190 OmyJC19ROGR    (0)    2 :  0.084 0.097 0.188 0.507 0.087 0.038 
191 OmyJC19ROGR    (2)    2 :  0.040 0.069 0.159 0.468 0.238 0.027 
192 OmyJC19ROGR    (1)    2 :  0.643 0.062 0.179 0.019 0.069 0.028 
193 OmyJC19ROGR    (1)    2 :  0.260 0.126 0.273 0.075 0.167 0.100 
194 OmyJC19ROGR    (0)    2 :  0.637 0.053 0.207 0.036 0.055 0.011 
195 OmyJC19ROGR    (1)    2 :  0.037 0.040 0.062 0.016 0.053 0.792 
196 OmyJC19ROGR    (1)    2 :  0.055 0.110 0.159 0.017 0.631 0.027 
197 OmyJC19ROGR    (1)    2 :  0.214 0.097 0.117 0.405 0.127 0.041 
198 OmyJC19ROGR    (1)    2 :  0.050 0.048 0.075 0.047 0.050 0.730 
199 OmyJC19ROGR    (0)    2 :  0.111 0.448 0.182 0.049 0.190 0.020 
200 OmyJC19ROGR    (0)    2 :  0.066 0.153 0.031 0.668 0.046 0.036 
201 OmyJC19ROGR    (1)    2 :  0.142 0.087 0.407 0.052 0.291 0.021 
202 OmyJC19ROGR    (0)    2 :  0.094 0.027 0.043 0.781 0.044 0.012 
203 OmyJC19ROGR    (0)    2 :  0.096 0.074 0.378 0.099 0.324 0.029 
204 OmyJC19ROGR    (1)    2 :  0.146 0.095 0.390 0.110 0.218 0.041 
205 OmyJC19ROGR    (1)    2 :  0.032 0.083 0.371 0.050 0.388 0.075 
206 OmyJC19ROGR    (1)    2 :  0.032 0.052 0.044 0.024 0.035 0.813 
207 OmyJC19ROGR    (1)    2 :  0.120 0.156 0.221 0.050 0.264 0.189 
208 OmyJC19ROGR    (1)    2 :  0.258 0.207 0.248 0.054 0.206 0.028 
209 OmyJC19ROGR    (0)    2 :  0.049 0.185 0.089 0.120 0.069 0.487 
210 OmyJC19ROGR    (1)    2 :  0.023 0.015 0.015 0.012 0.028 0.908 
211 OmyJC19ROGR    (0)    2 :  0.213 0.402 0.083 0.044 0.138 0.119 
212 OmyJC19ROGR    (1)    2 :  0.083 0.054 0.197 0.329 0.117 0.220 
213 OmyJC19ROGR    (1)    2 :  0.056 0.145 0.224 0.055 0.490 0.030 
214 OmyJC19ROGR    (1)    2 :  0.052 0.032 0.501 0.031 0.355 0.029 
215 OmyJC19ROGR    (1)    2 :  0.794 0.068 0.048 0.037 0.035 0.018 
216 OmyJC19ROGR    (1)    2 :  0.030 0.044 0.048 0.017 0.059 0.801 
217 OmyJC19ROGR    (1)    2 :  0.159 0.061 0.242 0.053 0.154 0.331 
218 OmyJC19ROGR    (1)    2 :  0.077 0.075 0.119 0.455 0.253 0.021 
219 OmyJC19ROGR    (1)    2 :  0.597 0.071 0.125 0.020 0.104 0.084 
220 OmyJC19ROGR    (1)    2 :  0.118 0.343 0.269 0.092 0.165 0.013 
221 OmyJC19ROGR    (0)    2 :  0.043 0.177 0.144 0.043 0.384 0.208 
222 OmyJC19ROGR    (1)    2 :  0.173 0.137 0.308 0.155 0.200 0.027 
223 OmyJC19ROGR    (0)    2 :  0.301 0.111 0.175 0.062 0.296 0.055 
224 OmyJC19ROGR    (1)    2 :  0.561 0.122 0.124 0.061 0.112 0.021 
225 OmyJC19ROGR    (1)    2 :  0.021 0.022 0.021 0.015 0.016 0.905 
226 OmyJC19ROGR    (0)    2 :  0.157 0.478 0.093 0.028 0.104 0.140 
227 OmyJC19ROGR    (1)    2 :  0.021 0.021 0.029 0.029 0.020 0.880 
228 OmyJC19ROGR    (1)    2 :  0.142 0.106 0.231 0.031 0.449 0.041 
229 OmyJC19ROGR    (2)    2 :  0.052 0.274 0.268 0.090 0.297 0.018 
230 OmyJC19ROGR    (1)    2 :  0.039 0.086 0.363 0.091 0.278 0.143 
231 OmyJC19ROGR    (1)    2 :  0.197 0.207 0.177 0.034 0.336 0.048 
232 OmyJC19ROGR    (2)    2 :  0.088 0.461 0.095 0.122 0.201 0.034 
233 OmyJC19ROGR    (1)    2 :  0.194 0.093 0.344 0.065 0.230 0.073 
234 OmyJC19ROGR    (1)    2 :  0.023 0.035 0.018 0.020 0.025 0.879 
235 OmyJC19ROGR    (0)    2 :  0.243 0.076 0.066 0.077 0.046 0.493 
236 OmyJC19ROGR    (1)    2 :  0.150 0.039 0.412 0.171 0.208 0.019 
237 OmyJC19ROGR    (1)    2 :  0.286 0.136 0.203 0.125 0.177 0.073 
238 OmyJC19ROGR    (0)    2 :  0.094 0.036 0.531 0.030 0.227 0.083 
239 OmyJC19ROGR    (1)    2 :  0.498 0.221 0.141 0.038 0.043 0.059 
240 OmyJC19ROGR    (1)    2 :  0.116 0.457 0.102 0.049 0.243 0.034 
241 OmyJC19ROGR    (0)    2 :  0.149 0.165 0.158 0.395 0.073 0.061 
242 OmyJC19ROGR    (1)    2 :  0.709 0.053 0.083 0.097 0.043 0.014 
243 OmyJC19ROGR    (1)    2 :  0.096 0.118 0.209 0.316 0.226 0.036 
244 OmyJC19ROGR    (1)    2 :  0.104 0.115 0.176 0.186 0.376 0.043 
245 OmyJC19ROGR    (0)    2 :  0.015 0.025 0.012 0.016 0.012 0.920 
246 OmyJC19ROGR    (1)    2 :  0.066 0.064 0.092 0.563 0.060 0.156 
247 OmyJC19ROGR    (0)    2 :  0.064 0.082 0.158 0.075 0.158 0.464 
248 OmyJC19ROGR    (1)    2 :  0.095 0.282 0.062 0.034 0.074 0.453 
249 OmyJC19ROGR    (1)    2 :  0.089 0.167 0.302 0.032 0.364 0.046 
250 OmyJC19ROGR    (0)    2 :  0.177 0.255 0.197 0.085 0.187 0.100 
251 OmyJC19ROGR    (1)    2 :  0.105 0.128 0.247 0.057 0.421 0.043 
252 OmyJC19ROGR    (0)    2 :  0.030 0.064 0.067 0.720 0.087 0.032 
253 OmyJC19ROGR    (0)    2 :  0.235 0.469 0.130 0.035 0.085 0.046 
254 OmyJC19ROGR    (1)    2 :  0.134 0.139 0.131 0.335 0.214 0.047 
255 OmyJC19ROGR    (1)    2 :  0.033 0.153 0.095 0.423 0.270 0.027 
256 OmyJC19ROGR    (1)    2 :  0.070 0.053 0.126 0.302 0.148 0.301 
257 OmyJC19ROGR    (0)    2 :  0.052 0.156 0.291 0.041 0.397 0.062 
258 OmyAC19ROGR    (1)    1 :  0.303 0.185 0.064 0.098 0.184 0.166 
259 OmyAC19ROGR    (2)    1 :  0.214 0.110 0.114 0.081 0.055 0.425 
260 OmyAC19ROGR    (1)    1 :  0.603 0.119 0.102 0.069 0.083 0.023 
261 OmyAC19ROGR    (0)    1 :  0.187 0.289 0.182 0.032 0.261 0.049 
262 OmyAC19ROGR    (1)    1 :  0.128 0.319 0.142 0.142 0.178 0.091 
263 OmyAC19ROGR    (0)    1 :  0.081 0.050 0.231 0.362 0.243 0.033 
264 OmyAC19ROGR    (1)    1 :  0.200 0.115 0.279 0.050 0.309 0.048 
265 OmyAC19ROGR    (1)    1 :  0.356 0.090 0.238 0.103 0.180 0.032 
266 OmyAC19ROGR    (1)    1 :  0.058 0.137 0.172 0.046 0.571 0.017 
267 OmyAC19ROGR    (1)    1 :  0.086 0.295 0.281 0.068 0.159 0.111 
268 OmyAC19ROGR    (2)    1 :  0.067 0.185 0.220 0.274 0.136 0.117 
269 OmyAC19ROGR    (1)    1 :  0.073 0.441 0.242 0.038 0.079 0.127 
270 OmyAC19ROGR    (1)    1 :  0.035 0.160 0.106 0.432 0.241 0.027 
271 OmyAC19ROGR    (1)    1 :  0.122 0.365 0.119 0.045 0.068 0.281 
272 OmyAC19ROGR    (0)    1 :  0.097 0.075 0.362 0.027 0.271 0.168 
273 OmyAC19ROGR    (0)    1 :  0.252 0.286 0.248 0.077 0.102 0.034 
274 OmyAC19ROGR    (1)    1 :  0.041 0.082 0.043 0.026 0.066 0.742 
275 OmyAC19ROGR    (1)    1 :  0.230 0.158 0.174 0.180 0.148 0.110 
276 OmyAC19ROGR    (1)    1 :  0.417 0.127 0.261 0.039 0.118 0.038 
277 OmyAC19ROGR    (1)    1 :  0.366 0.217 0.107 0.036 0.200 0.073 
278 OmyAC19ROGR    (1)    1 :  0.088 0.093 0.346 0.035 0.170 0.268 
279 OmyAC19ROGR    (0)    1 :  0.559 0.069 0.133 0.041 0.058 0.140 
280 OmyAC19ROGR    (1)    1 :  0.063 0.328 0.067 0.281 0.160 0.102 
281 OmyAC19ROGR    (1)    1 :  0.137 0.543 0.154 0.034 0.092 0.040 
282 OmyAC19ROGR    (1)    1 :  0.117 0.334 0.124 0.095 0.170 0.160 
283 OmyAC19ROGR    (1)    1 :  0.346 0.139 0.261 0.059 0.148 0.047 
284 OmyAC19ROGR    (0)    1 :  0.085 0.081 0.303 0.126 0.379 0.025 
285 OmyAC19ROGR    (1)    1 :  0.238 0.105 0.210 0.251 0.156 0.040 
286 OmyAC19ROGR    (1)    1 :  0.214 0.107 0.321 0.108 0.230 0.019 
287 OmyAC19ROGR    (1)    1 :  0.013 0.009 0.008 0.009 0.009 0.952 
288 OmyAC19ROGR    (1)    1 :  0.038 0.052 0.075 0.048 0.044 0.743 
289 OmyAC19ROGR    (1)    1 :  0.447 0.136 0.197 0.041 0.085 0.093 
290 OmyAC19ROGR    (1)    1 :  0.009 0.016 0.014 0.019 0.017 0.925 
291 OmyAC19ROGR    (1)    1 :  0.045 0.062 0.214 0.134 0.145 0.400 
292 OmyAC19ROGR    (1)    1 :  0.174 0.354 0.074 0.047 0.135 0.215 
293 OmyAC19ROGR    (1)    1 :  0.063 0.158 0.111 0.562 0.082 0.024 
294 OmyAC19ROGR    (1)    1 :  0.540 0.061 0.074 0.038 0.154 0.134 
295 OmyAC19ROGR    (0)    1 :  0.288 0.193 0.202 0.113 0.183 0.021 
296 OmyAC19ROGR    (0)    1 :  0.406 0.125 0.151 0.112 0.174 0.032 
297 OmyAC19ROGR    (1)    1 :  0.057 0.057 0.035 0.021 0.058 0.771 
298 OmyAC19ROGR    (0)    1 :  0.692 0.049 0.103 0.031 0.104 0.020 
299 OmyAC19ROGR    (1)    1 :  0.261 0.046 0.129 0.283 0.091 0.191 
300 OmyAC19ROGR    (1)    1 :  0.303 0.347 0.166 0.056 0.100 0.027 
301 OmyAC19ROGR    (0)    1 :  0.031 0.033 0.028 0.019 0.027 0.861 
302 OmyAC19ROGR    (1)    1 :  0.185 0.069 0.159 0.051 0.118 0.419 
303 OmyAC19ROGR    (1)    1 :  0.214 0.389 0.127 0.046 0.110 0.113 
304 OmyAC19ROGR    (1)    1 :  0.321 0.189 0.245 0.064 0.062 0.119 
305 OmyAC19ROGR    (1)    1 :  0.210 0.104 0.476 0.053 0.128 0.029 
306 OmyAC19ROGR    (1)    1 :  0.087 0.079 0.061 0.013 0.190 0.570 
307 OmyAC19ROGR    (2)    1 :  0.129 0.397 0.157 0.147 0.153 0.018 
308 OmyAC19ROGR    (0)    1 :  0.196 0.272 0.203 0.037 0.205 0.088 
309 OmyAC19ROGR    (2)    1 :  0.022 0.023 0.022 0.024 0.022 0.886 
310 OmyAC19ROGR    (0)    1 :  0.089 0.246 0.102 0.047 0.102 0.415 
311 OmyAC19ROGR    (0)    1 :  0.287 0.066 0.101 0.034 0.064 0.448 
312 OmyAC19ROGR    (0)    1 :  0.099 0.123 0.092 0.541 0.109 0.035 
313 OmyAC19ROGR    (1)    1 :  0.175 0.060 0.384 0.081 0.287 0.012 
314 OmyAC19ROGR    (0)    1 :  0.104 0.082 0.092 0.600 0.081 0.041 
315 OmyAC19ROGR    (1)    1 :  0.066 0.266 0.243 0.053 0.335 0.038 
316 OmyAC19ROGR    (1)    1 :  0.238 0.133 0.285 0.052 0.266 0.026 
317 OmyAC19ROGR    (1)    1 :  0.064 0.611 0.100 0.147 0.045 0.034 
318 OmyAC19ROGR    (1)    1 :  0.065 0.191 0.208 0.383 0.128 0.025 
319 OmyAC19ROGR    (1)    1 :  0.242 0.132 0.404 0.090 0.116 0.017 
320 OmyAC19ROGR    (0)    1 :  0.155 0.043 0.340 0.054 0.397 0.011 
321 OmyAC19ROGR    (1)    1 :  0.305 0.250 0.195 0.050 0.174 0.027 
322 OmyAC19ROGR    (0)    1 :  0.154 0.359 0.059 0.032 0.140 0.255 
323 OmyAC19ROGR    (1)    1 :  0.225 0.059 0.302 0.019 0.373 0.023 
324 OmyAC19ROGR    (1)    1 :  0.139 0.066 0.186 0.111 0.475 0.022 
325 OmyAC19ROGR    (1)    1 :  0.053 0.384 0.109 0.025 0.087 0.343 
326 OmyAC19ROGR    (1)    1 :  0.206 0.115 0.249 0.053 0.333 0.044 
327 OmyAC19ROGR    (1)    1 :  0.257 0.033 0.258 0.091 0.330 0.031 
328 OmyJC18ROGR    (1)    2 :  0.130 0.040 0.107 0.584 0.104 0.036 
329 OmyJC18ROGR    (0)    2 :  0.083 0.207 0.239 0.042 0.384 0.046 
330 OmyJC18ROGR    (0)    2 :  0.230 0.142 0.061 0.023 0.483 0.061 
331 OmyJC18ROGR    (1)    2 :  0.093 0.049 0.108 0.060 0.069 0.621 
332 OmyJC18ROGR    (1)    2 :  0.089 0.067 0.065 0.050 0.051 0.678 
333 OmyJC18ROGR    (1)    2 :  0.045 0.072 0.036 0.016 0.020 0.810 
334 OmyJC18ROGR    (1)    2 :  0.086 0.092 0.131 0.148 0.384 0.160 
335 OmyJC18ROGR    (0)    2 :  0.127 0.141 0.125 0.348 0.243 0.017 
336 OmyJC18ROGR    (1)    2 :  0.039 0.037 0.029 0.019 0.033 0.842 
337 OmyJC18ROGR    (1)    2 :  0.300 0.146 0.311 0.036 0.181 0.026 
338 OmyJC18ROGR    (1)    2 :  0.046 0.026 0.032 0.013 0.024 0.858 
339 OmyJC18ROGR    (1)    2 :  0.099 0.303 0.342 0.027 0.194 0.036 
340 OmyJC18ROGR    (0)    2 :  0.175 0.072 0.079 0.418 0.118 0.138 
341 OmyJC18ROGR    (1)    2 :  0.364 0.072 0.258 0.155 0.139 0.013 
342 OmyJC18ROGR    (2)    2 :  0.256 0.137 0.096 0.093 0.103 0.315 
343 OmyJC18ROGR    (2)    2 :  0.059 0.234 0.168 0.137 0.118 0.285 
344 OmyJC18ROGR    (3)    2 :  0.139 0.263 0.113 0.064 0.047 0.373 
345 OmyJC18ROGR    (2)    2 :  0.059 0.071 0.087 0.058 0.104 0.621 
346 OmyJC18ROGR    (4)    2 :  0.064 0.127 0.071 0.022 0.699 0.017 
347 OmyJC18ROGR    (3)    2 :  0.488 0.097 0.214 0.041 0.123 0.037 
348 OmyJC18ROGR    (1)    2 :  0.106 0.500 0.075 0.039 0.153 0.126 
349 OmyJC18ROGR    (1)    2 :  0.444 0.160 0.246 0.032 0.090 0.029 
350 OmyJC18ROGR    (1)    2 :  0.227 0.057 0.481 0.022 0.181 0.031 
351 OmyJC18ROGR    (0)    2 :  0.165 0.044 0.056 0.024 0.044 0.666 
352 OmyJC18ROGR    (4)    2 :  0.135 0.052 0.264 0.046 0.175 0.329 
353 OmyJC18ROGR    (2)    2 :  0.104 0.182 0.106 0.117 0.366 0.125 
354 OmyJC18ROGR    (1)    2 :  0.066 0.337 0.196 0.026 0.307 0.067 
355 OmyJC18ROGR    (2)    2 :  0.052 0.397 0.215 0.045 0.264 0.027 
356 OmyJC18ROGR    (1)    2 :  0.103 0.079 0.258 0.346 0.183 0.032 
357 OmyJC18ROGR    (2)    2 :  0.040 0.049 0.032 0.218 0.035 0.626 
358 OmyJC18ROGR    (2)    2 :  0.242 0.152 0.188 0.273 0.129 0.016 
359 OmyJC18ROGR    (3)    2 :  0.426 0.256 0.107 0.068 0.088 0.055 
360 OmyJC18ROGR    (0)    2 :  0.088 0.268 0.154 0.288 0.170 0.031 
361 OmyJC18ROGR    (1)    2 :  0.108 0.075 0.202 0.044 0.557 0.013 
362 OmyJC18ROGR    (1)    2 :  0.189 0.097 0.234 0.061 0.274 0.146 
363 OmyJC18ROGR    (2)    2 :  0.110 0.172 0.241 0.152 0.162 0.162 
364 OmyJC18ROGR    (3)    2 :  0.555 0.134 0.169 0.038 0.087 0.017 
365 OmyJC18ROGR    (4)    2 :  0.315 0.282 0.149 0.026 0.198 0.030 
366 OmyJC18ROGR    (4)    2 :  0.154 0.140 0.200 0.303 0.176 0.026 
367 OmyJC18ROGR    (3)    2 :  0.043 0.066 0.052 0.023 0.074 0.743 
368 OmyJC18ROGR    (3)    2 :  0.216 0.117 0.159 0.043 0.137 0.329 
369 OmyJC18ROGR    (2)    2 :  0.071 0.555 0.060 0.184 0.081 0.048 
370 OmyJC18ROGR    (3)    2 :  0.082 0.375 0.213 0.050 0.239 0.041 
371 OmyJC18ROGR    (1)    2 :  0.326 0.262 0.136 0.079 0.171 0.026 
372 OmyJC18ROGR    (3)    2 :  0.286 0.298 0.123 0.071 0.155 0.066 
373 OmyJC18ROGR    (5)    2 :  0.071 0.148 0.134 0.448 0.125 0.074 
374 OmyJC18ROGR    (5)    2 :  0.064 0.075 0.069 0.736 0.039 0.017 
375 OmyJC18ROGR    (3)    2 :  0.160 0.324 0.166 0.036 0.232 0.082 
376 OmyJC18ROGR    (3)    2 :  0.039 0.023 0.025 0.018 0.025 0.870 
377 OmyJC18ROGR    (4)    2 :  0.060 0.178 0.144 0.301 0.119 0.199 
378 OmyJC18ROGR    (0)    2 :  0.376 0.152 0.129 0.167 0.122 0.055 
379 OmyJC18ROGR    (5)    2 :  0.289 0.098 0.207 0.130 0.202 0.075 
380 OmyJC18ROGR    (4)    2 :  0.114 0.447 0.081 0.093 0.182 0.082 
381 OmyJC18ROGR    (1)    2 :  0.344 0.291 0.153 0.074 0.102 0.037 
382 OmyJC18ROGR    (1)    2 :  0.154 0.105 0.366 0.087 0.257 0.031 
383 OmyJC18ROGR    (3)    2 :  0.080 0.157 0.121 0.044 0.169 0.428 
384 OmyJC18ROGR    (2)    2 :  0.371 0.027 0.316 0.019 0.135 0.131 
385 OmyJC18ROGR    (4)    2 :  0.118 0.068 0.149 0.021 0.611 0.033 
386 OmyJC18ROGR    (2)    2 :  0.490 0.055 0.079 0.030 0.085 0.261 
387 OmyJC18ROGR    (1)    2 :  0.198 0.120 0.085 0.238 0.107 0.252 
388 OmyJC18ROGR    (6)    2 :  0.064 0.559 0.121 0.163 0.056 0.037 
389 OmyJC18ROGR    (1)    2 :  0.116 0.140 0.384 0.037 0.216 0.106 
390 OmyJC18ROGR    (1)    2 :  0.368 0.106 0.222 0.071 0.172 0.060 
391 OmyJC18ROGR    (3)    2 :  0.018 0.037 0.039 0.029 0.028 0.850 
392 OmyJC18ROGR    (2)    2 :  0.157 0.211 0.154 0.267 0.187 0.024 
393 OmyJC18ROGR    (4)    2 :  0.041 0.072 0.045 0.711 0.064 0.067 
394 OmyJC18ROGR    (3)    2 :  0.030 0.044 0.089 0.021 0.056 0.760 
395 OmyJC18ROGR    (7)    2 :  0.063 0.312 0.092 0.293 0.064 0.177 
396 OmyJC18ROGR    (4)    2 :  0.050 0.041 0.136 0.150 0.088 0.535 
397 OmyJC18ROGR    (1)    2 :  0.119 0.255 0.234 0.081 0.265 0.046 
398 OmyJC18ROGR    (3)    2 :  0.151 0.185 0.168 0.092 0.237 0.167 
399 OmyJC18ROGR    (2)    2 :  0.062 0.310 0.091 0.187 0.107 0.242 
400 OmyJC18ROGR    (0)    2 :  0.193 0.098 0.219 0.070 0.380 0.040 
401 OmyJC18ROGR    (6)    2 :  0.050 0.089 0.066 0.653 0.096 0.046 
402 OmyJC18ROGR    (5)    2 :  0.059 0.265 0.066 0.294 0.142 0.174 
403 OmyJC18ROGR    (1)    2 :  0.158 0.382 0.089 0.173 0.102 0.097 
404 OmyJC18ROGR    (2)    2 :  0.239 0.297 0.160 0.030 0.206 0.068 
405 OmyJC18ROGR    (3)    2 :  0.442 0.071 0.190 0.067 0.204 0.026 
406 OmyJC18ROGR    (2)    2 :  0.436 0.164 0.121 0.037 0.213 0.029 
407 OmyJC18ROGR    (2)    2 :  0.415 0.059 0.161 0.221 0.065 0.078 
408 OmyJC18ROGR    (2)    2 :  0.162 0.056 0.290 0.257 0.145 0.090 
409 OmyJC18ROGR    (1)    2 :  0.116 0.180 0.133 0.224 0.322 0.025 
410 OmyJC18ROGR    (1)    2 :  0.077 0.098 0.372 0.035 0.403 0.016 
411 OmyJC18ROGR    (1)    2 :  0.037 0.213 0.339 0.043 0.343 0.024 
412 OmyJC18ROGR    (0)    2 :  0.447 0.121 0.249 0.034 0.132 0.017 
413 OmyJC18ROGR    (1)    2 :  0.079 0.071 0.333 0.022 0.460 0.035 
414 OmyJC18ROGR    (2)    2 :  0.417 0.140 0.220 0.046 0.158 0.020 
415 OmyJC18ROGR    (2)    2 :  0.041 0.313 0.119 0.108 0.405 0.015 
416 OmyJC18ROGR    (3)    2 :  0.159 0.280 0.162 0.039 0.300 0.059 
417 OmyJC18ROGR    (1)    2 :  0.231 0.105 0.105 0.313 0.206 0.041 
418 OmyJC18ROGR    (0)    2 :  0.026 0.080 0.079 0.637 0.139 0.039 
419 OmyJC18ROGR    (1)    2 :  0.135 0.182 0.229 0.200 0.232 0.022 
420 OmyJC18ROGR    (0)    2 :  0.051 0.126 0.198 0.029 0.573 0.023 
421 OmyJC18ROGR    (1)    2 :  0.395 0.179 0.161 0.043 0.174 0.047 
422 OmyJC18ROGR    (6)    2 :  0.036 0.765 0.095 0.031 0.049 0.025 
423 OmyJC18ROGR    (2)    2 :  0.067 0.083 0.245 0.098 0.463 0.043 
424 OmyJC18ROGR    (1)    2 :  0.088 0.044 0.119 0.127 0.462 0.161 
425 OmyJC18ROGR    (1)    2 :  0.057 0.221 0.256 0.036 0.200 0.229 
426 OmyJC18ROGR    (3)    2 :  0.179 0.197 0.122 0.128 0.345 0.029 
427 OmyJC18ROGR    (2)    2 :  0.175 0.093 0.066 0.016 0.081 0.570 
428 OmyJC18ROGR    (6)    2 :  0.063 0.036 0.158 0.022 0.702 0.018 
429 OmyJC18ROGR    (1)    2 :  0.378 0.183 0.107 0.021 0.170 0.142 
430 OmyJC18ROGR    (1)    2 :  0.061 0.553 0.129 0.076 0.087 0.094 
431 OmyJC18ROGR    (0)    2 :  0.118 0.127 0.255 0.025 0.444 0.030 
432 OmyJC18ROGR    (2)    2 :  0.056 0.076 0.055 0.040 0.042 0.731 
433 OmyJC18ROGR    (2)    2 :  0.094 0.178 0.061 0.566 0.046 0.056 
434 OmyJC18ROGR    (2)    2 :  0.066 0.215 0.382 0.036 0.203 0.098 
435 OmyJC18ROGR    (8)    2 :  0.151 0.049 0.207 0.119 0.409 0.064 
436 OmyJC18ROGR    (2)    2 :  0.091 0.165 0.134 0.096 0.486 0.028 
437 OmyJC18ROGR    (4)    2 :  0.197 0.184 0.151 0.151 0.294 0.023 
438 OmyJC18ROGR    (1)    2 :  0.025 0.087 0.047 0.709 0.083 0.049 
439 OmyJC18ROGR    (2)    2 :  0.142 0.221 0.076 0.060 0.063 0.438 
440 OmyJC18ROGR    (0)    2 :  0.022 0.047 0.040 0.748 0.035 0.107 
441 OmyJC18ROGR    (1)    2 :  0.665 0.097 0.120 0.040 0.057 0.022 
442 OmyJC18ROGR    (6)    2 :  0.088 0.546 0.141 0.082 0.076 0.068 
443 OmyJC18ROGR    (1)    2 :  0.591 0.067 0.149 0.037 0.140 0.016 
444 OmyJC18ROGR    (6)    2 :  0.049 0.118 0.322 0.207 0.268 0.037 
445 OmyJC18ROGR    (2)    2 :  0.104 0.204 0.194 0.137 0.301 0.062 
446 OmyJC18ROGR    (3)    2 :  0.086 0.059 0.226 0.182 0.236 0.211 
447 OmyJC18ROGR    (2)    2 :  0.261 0.251 0.182 0.082 0.144 0.080 
448 OmyJC18ROGR    (3)    2 :  0.115 0.359 0.289 0.044 0.153 0.040 
449 OmyJC18ROGR    (1)    2 :  0.390 0.121 0.195 0.073 0.199 0.022 
450 OmyJC18ROGR    (4)    2 :  0.041 0.069 0.178 0.179 0.347 0.186 
451 OmyJC18ROGR    (3)    2 :  0.252 0.153 0.281 0.074 0.203 0.037 
452 OmyJC18ROGR    (1)    2 :  0.430 0.177 0.117 0.032 0.183 0.061 
453 OmyJC18ROGR    (1)    2 :  0.302 0.071 0.331 0.019 0.261 0.016 
454 OmyJC18ROGR    (4)    2 :  0.243 0.110 0.142 0.340 0.124 0.042 
455 OmyJC18ROGR    (4)    2 :  0.251 0.067 0.109 0.125 0.065 0.383 
456 OmyJC18ROGR    (5)    2 :  0.064 0.093 0.125 0.057 0.552 0.108 
457 OmyJC18ROGR    (3)    2 :  0.054 0.449 0.137 0.244 0.095 0.021 
458 OmyJC18ROGR    (1)    2 :  0.059 0.056 0.319 0.105 0.430 0.032 
459 OmyJC18ROGR    (1)    2 :  0.033 0.028 0.032 0.021 0.035 0.851 
460 OmyJC18ROGR    (2)    2 :  0.153 0.078 0.312 0.034 0.391 0.032 
461 OmyJC18ROGR    (1)    2 :  0.073 0.098 0.038 0.057 0.041 0.692 
462 OmyJC18ROGR    (1)    2 :  0.104 0.176 0.346 0.147 0.214 0.013 
463 OmyJC18ROGR    (4)    2 :  0.373 0.212 0.159 0.062 0.152 0.041 
464 OmyJC18ROGR    (6)    2 :  0.149 0.196 0.121 0.190 0.326 0.019 
465 OmyJC18ROGR    (3)    2 :  0.056 0.051 0.232 0.445 0.186 0.029 
466 OmyJC18ROGR    (3)    2 :  0.234 0.046 0.231 0.233 0.191 0.065 
467 OmyJC18ROGR    (2)    2 :  0.063 0.717 0.114 0.029 0.044 0.033 
468 OmyJC18ROGR    (2)    2 :  0.131 0.074 0.198 0.079 0.502 0.016 
469 OmyJC18ROGR    (1)    2 :  0.019 0.018 0.020 0.018 0.029 0.897 
470 OmyJC18ROGR    (0)    2 :  0.153 0.078 0.063 0.446 0.064 0.196 
471 OmyJC18ROGR    (2)    2 :  0.038 0.214 0.283 0.059 0.357 0.048 
472 OmyJC18ROGR    (2)    2 :  0.098 0.094 0.102 0.026 0.671 0.009 
473 OmyJC18ROGR    (1)    2 :  0.331 0.196 0.138 0.055 0.221 0.059 
474 OmyJC18ROGR    (3)    2 :  0.062 0.062 0.241 0.039 0.554 0.042 
475 OmyJC18ROGR    (1)    2 :  0.100 0.282 0.166 0.269 0.111 0.071 
476 OmyJC18ROGR    (2)    2 :  0.323 0.215 0.136 0.074 0.219 0.032 
477 OmyJC18ROGR    (0)    2 :  0.046 0.437 0.148 0.151 0.166 0.052 
478 OmyJC18ROGR    (1)    2 :  0.178 0.083 0.369 0.044 0.264 0.061 
479 OmyJC18ROGR    (1)    2 :  0.058 0.288 0.201 0.143 0.276 0.034 
480 OmyJC18ROGR    (1)    2 :  0.188 0.168 0.310 0.039 0.229 0.067 
481 OmyJC18ROGR    (1)    2 :  0.113 0.198 0.287 0.050 0.323 0.028 
482 OmyJC18ROGR    (1)    2 :  0.044 0.431 0.216 0.168 0.118 0.023 
483 OmyJC18ROGR    (0)    2 :  0.152 0.144 0.366 0.116 0.198 0.024 
484 OmyJC18ROGR    (0)    2 :  0.381 0.213 0.251 0.037 0.064 0.054 
485 OmyJC18ROGR    (0)    2 :  0.123 0.398 0.090 0.244 0.124 0.021 
486 OmyJC18ROGR    (0)    2 :  0.171 0.103 0.310 0.092 0.290 0.034 
487 OmyJC18ROGR    (1)    2 :  0.046 0.362 0.085 0.449 0.036 0.021 
488 OmyJC18ROGR    (1)    2 :  0.075 0.230 0.286 0.186 0.174 0.049 
489 OmyJC18ROGR    (1)    2 :  0.742 0.075 0.063 0.029 0.068 0.023 
490 OmyJC18ROGR    (0)    2 :  0.362 0.104 0.227 0.022 0.267 0.017 
491 OmyJC18ROGR    (0)    2 :  0.092 0.081 0.185 0.505 0.091 0.047 
492 OmyJC18ROGR    (5)    2 :  0.028 0.060 0.047 0.070 0.035 0.759 
493 OmyJC18ROGR    (1)    2 :  0.044 0.602 0.075 0.093 0.039 0.147 
494 OmyJC18ROGR    (3)    2 :  0.117 0.086 0.333 0.094 0.341 0.029 
495 OmyJC18ROGR    (1)    2 :  0.058 0.370 0.216 0.097 0.199 0.060 
496 OmyJC18ROGR    (1)    2 :  0.055 0.068 0.316 0.022 0.443 0.096 
497 OmyJC18ROGR    (1)    2 :  0.098 0.252 0.222 0.131 0.283 0.014 
498 OmyJC18ROGR    (1)    2 :  0.194 0.161 0.224 0.245 0.129 0.047 
499 OmyJC18ROGR    (1)    2 :  0.218 0.126 0.257 0.123 0.242 0.033 
500 OmyJC18ROGR    (1)    2 :  0.138 0.125 0.240 0.030 0.387 0.080 
501 OmyJC18ROGR    (2)    2 :  0.040 0.134 0.310 0.258 0.236 0.021 
502 OmyJC18ROGR    (1)    2 :  0.066 0.166 0.217 0.303 0.069 0.179 
503 OmyJC18ROGR    (2)    2 :  0.152 0.089 0.325 0.154 0.196 0.084 
504 OmyJC18ROGR    (2)    2 :  0.076 0.215 0.077 0.477 0.105 0.049 
505 OmyJC18ROGR    (2)    2 :  0.385 0.034 0.106 0.083 0.341 0.052 
506 OmyJC18ROGR    (3)    2 :  0.043 0.068 0.360 0.073 0.410 0.045 
507 OmyJC18ROGR    (1)    2 :  0.047 0.255 0.264 0.034 0.325 0.076 
508 OmyJC18ROGR    (7)    2 :  0.060 0.200 0.224 0.056 0.432 0.027 
509 OmyJC18ROGR    (1)    2 :  0.058 0.320 0.229 0.161 0.110 0.123 
510 OmyJC18ROGR    (1)    2 :  0.015 0.017 0.019 0.017 0.014 0.918 
511 OmyJC18ROGR    (2)    2 :  0.086 0.051 0.177 0.438 0.143 0.105 
512 OmyJC18ROGR    (1)    2 :  0.077 0.068 0.289 0.375 0.171 0.020 
513 OmyJC18ROGR    (3)    2 :  0.070 0.546 0.157 0.024 0.182 0.021 
514 OmyJC18ROGR    (1)    2 :  0.034 0.023 0.062 0.813 0.045 0.024 
515 OmyJC18ROGR    (5)    2 :  0.124 0.357 0.183 0.051 0.264 0.021 
516 OmyJC18ROGR    (3)    2 :  0.041 0.094 0.126 0.309 0.133 0.296 
517 OmyJC18ROGR    (1)    2 :  0.178 0.104 0.228 0.361 0.114 0.014 
518 OmyJC18ROGR    (1)    2 :  0.103 0.087 0.119 0.163 0.070 0.458 
519 OmyJC18ROGR    (0)    2 :  0.043 0.158 0.185 0.161 0.372 0.081 
520 OmyJC18ROGR    (0)    2 :  0.651 0.092 0.072 0.109 0.046 0.030 
521 OmyJC18ROGR    (2)    2 :  0.064 0.448 0.074 0.072 0.278 0.064 
522 OmyJC18ROGR    (2)    2 :  0.114 0.136 0.178 0.070 0.185 0.318 
523 OmyJC18ROGR    (1)    2 :  0.222 0.177 0.074 0.271 0.056 0.201 
524 OmyJC18ROGR    (3)    2 :  0.202 0.085 0.270 0.090 0.232 0.121 
525 OmyJC18ROGR    (1)    2 :  0.091 0.596 0.150 0.090 0.038 0.035 
526 OmyJC18ROGR    (7)    2 :  0.458 0.147 0.108 0.044 0.228 0.015 
527 OmyJC18ROGR    (4)    2 :  0.398 0.060 0.149 0.053 0.279 0.061 
528 OmyJC18ROGR    (1)    2 :  0.105 0.043 0.505 0.125 0.207 0.015 
529 OmyJC18ROGR    (2)    2 :  0.083 0.060 0.451 0.041 0.346 0.020 
530 OmyJC18ROGR    (1)    2 :  0.059 0.304 0.081 0.266 0.244 0.045 
531 OmyJC18ROGR    (2)    2 :  0.465 0.061 0.254 0.049 0.146 0.026 
532 OmyJC18ROGR    (2)    2 :  0.061 0.243 0.195 0.083 0.404 0.014 
533 OmyJC18ROGR    (5)    2 :  0.028 0.042 0.022 0.030 0.019 0.859 
534 OmyJC18ROGR    (2)    2 :  0.078 0.057 0.434 0.073 0.284 0.073 
535 OmyJC18ROGR    (3)    2 :  0.226 0.140 0.106 0.301 0.179 0.048 
536 OmyJC18ROGR    (0)    2 :  0.283 0.199 0.149 0.040 0.243 0.086 
537 OmyJC18ROGR    (3)    2 :  0.223 0.202 0.270 0.050 0.103 0.153 
538 OmyJC18ROGR    (1)    2 :  0.099 0.409 0.114 0.099 0.255 0.023 
539 OmyJC18ROGR    (1)    2 :  0.123 0.080 0.249 0.240 0.261 0.047 
540 OmyJC18ROGR    (1)    2 :  0.262 0.162 0.260 0.059 0.218 0.039 
541 OmyJC18ROGR    (5)    2 :  0.250 0.087 0.244 0.268 0.140 0.012 
542 OmyJC18ROGR    (4)    2 :  0.306 0.272 0.179 0.059 0.113 0.071 
543 OmyJC18ROGR    (2)    2 :  0.111 0.135 0.262 0.237 0.243 0.013 
544 OmyJC18ROGR    (2)    2 :  0.048 0.599 0.075 0.147 0.095 0.036 
545 OmyJC18ROGR    (2)    2 :  0.247 0.232 0.134 0.117 0.065 0.204 
546 OmyJC18ROGR    (1)    2 :  0.263 0.076 0.203 0.201 0.224 0.033 
547 OmyJC18ROGR    (1)    2 :  0.112 0.225 0.237 0.147 0.237 0.042 
548 OmyJC18ROGR    (1)    2 :  0.056 0.078 0.057 0.029 0.083 0.696 
549 OmyJC18ROGR    (1)    2 :  0.291 0.123 0.209 0.093 0.075 0.209 
550 OmyJC18ROGR    (2)    2 :  0.314 0.132 0.160 0.052 0.133 0.209 
