

----------------------------------------------------
STRUCTURE by Pritchard, Stephens and Donnelly (2000)
     and Falush, Stephens and Pritchard (2003)
       Code by Pritchard, Falush and Hubisz
             Version 2.3.4 (Jul 2012)
----------------------------------------------------



Command line arguments:   bin/structure -m "/Users/ddayan/FRA/premature_migration/Rogue_Half-Pounder/rogue_half_pounder_repo/structure/halfpounder/10k_20k_adm_corr_rep2/mainparams" -e "/Users/ddayan/FRA/premature_migration/Rogue_Half-Pounder/rogue_half_pounder_repo/structure/halfpounder/10k_20k_adm_corr_rep2/extraparams" 
Input File:    /Users/ddayan/FRA/premature_migration/Rogue_Half-Pounder/rogue_half_pounder_repo/structure/halfpounder/project_data

Run parameters:
   882 individuals
   330 loci
   3 populations assumed
   10000 Burn-in period
   20000 Reps


--------------------------------------------
Proportion of membership of each pre-defined
 population in each of the 3 clusters

Given    Inferred Clusters       Number of
 Pop       1      2      3      Individuals

  1:     0.333  0.363  0.304      157
  2:     0.330  0.369  0.300      643
  3:     0.230  0.606  0.164       40
  4:     0.746  0.133  0.121       42
--------------------------------------------

Allele-freq. divergence among pops (Net nucleotide distance),
computed using point estimates of P.

      1       2       3      
 1      -    0.0036  0.0109  
 2   0.0036     -    0.0089  
 3   0.0109  0.0089     -    

Average distances (expected heterozygosity) between individuals in same cluster:
cluster  1  : 0.2825 
cluster  2  : 0.2894 
cluster  3  : 0.2567 

--------------------------------------------
Estimated Ln Prob of Data   = -247586.7
Mean value of ln likelihood = -246794.5
Variance of ln likelihood   = 1584.4
Mean value of alpha         = 0.6244

Mean value of Fst_1         = 0.0279
Mean value of Fst_2         = 0.0083
Mean value of Fst_3         = 0.0768


Inferred ancestry of individuals:
        Label (%Miss) Pop:  Inferred clusters
  1 OmyAC19ROGR    (0)    1 :  0.542 0.404 0.054 
  2 OmyAC19ROGR    (1)    1 :  0.535 0.224 0.241 
  3 OmyAC19ROGR    (1)    1 :  0.532 0.268 0.200 
  4 OmyAC19ROGR    (1)    1 :  0.361 0.542 0.097 
  5 OmyAC19ROGR    (2)    1 :  0.031 0.047 0.922 
  6 OmyAC19ROGR    (1)    1 :  0.194 0.368 0.438 
  7 OmyAC19ROGR    (1)    1 :  0.323 0.298 0.379 
  8 OmyAC19ROGR    (0)    1 :  0.475 0.464 0.061 
  9 OmyAC19ROGR    (1)    1 :  0.404 0.215 0.381 
 10 OmyAC19ROGR    (1)    1 :  0.250 0.179 0.571 
 11 OmyAC19ROGR    (0)    1 :  0.327 0.408 0.265 
 12 OmyAC19ROGR    (0)    1 :  0.213 0.481 0.306 
 13 OmyAC19ROGR    (1)    1 :  0.483 0.410 0.106 
 14 OmyAC19ROGR    (1)    1 :  0.076 0.359 0.565 
 15 OmyAC19ROGR    (2)    1 :  0.108 0.342 0.550 
 16 OmyAC19ROGR    (1)    1 :  0.393 0.326 0.281 
 17 OmyAC19ROGR    (1)    1 :  0.082 0.675 0.243 
 18 OmyAC19ROGR    (2)    1 :  0.658 0.255 0.087 
 19 OmyAC19ROGR    (1)    1 :  0.442 0.381 0.176 
 20 OmyAC19ROGR    (1)    1 :  0.096 0.541 0.363 
 21 OmyAC19ROGR    (1)    1 :  0.302 0.317 0.381 
 22 OmyAC19ROGR    (1)    1 :  0.618 0.195 0.187 
 23 OmyAC19ROGR    (1)    1 :  0.321 0.290 0.388 
 24 OmyAC19ROGR    (1)    1 :  0.832 0.112 0.056 
 25 OmyAC19ROGR    (1)    1 :  0.195 0.439 0.366 
 26 OmyAC19ROGR    (1)    1 :  0.495 0.229 0.276 
 27 OmyAC19ROGR    (1)    1 :  0.171 0.658 0.171 
 28 OmyAC19ROGR    (1)    1 :  0.831 0.080 0.089 
 29 OmyAC19ROGR    (1)    1 :  0.429 0.372 0.199 
 30 OmyAC19ROGR    (1)    1 :  0.137 0.154 0.709 
 31 OmyAC19ROGR    (1)    1 :  0.391 0.479 0.130 
 32 OmyAC19ROGR    (1)    1 :  0.419 0.302 0.279 
 33 OmyAC19ROGR    (1)    1 :  0.507 0.242 0.250 
 34 OmyAC19ROGR    (1)    1 :  0.127 0.235 0.639 
 35 OmyAC19ROGR    (0)    1 :  0.522 0.249 0.229 
 36 OmyAC19ROGR    (1)    1 :  0.241 0.362 0.396 
 37 OmyAC19ROGR    (1)    1 :  0.523 0.236 0.241 
 38 OmyAC19ROGR    (1)    1 :  0.343 0.094 0.563 
 39 OmyAC19ROGR    (1)    1 :  0.220 0.408 0.372 
 40 OmyAC19ROGR    (0)    1 :  0.110 0.478 0.412 
 41 OmyAC19ROGR    (1)    1 :  0.224 0.656 0.120 
 42 OmyAC19ROGR    (1)    1 :  0.054 0.128 0.818 
 43 OmyAC19ROGR    (1)    1 :  0.470 0.378 0.152 
 44 OmyAC19ROGR    (7)    1 :  0.404 0.427 0.169 
 45 OmyAC19ROGR    (2)    1 :  0.365 0.175 0.459 
 46 OmyAC19ROGR    (1)    1 :  0.504 0.304 0.192 
 47 OmyAC19ROGR    (0)    1 :  0.680 0.130 0.190 
 48 OmyAC19ROGR    (1)    1 :  0.371 0.480 0.149 
 49 OmyAC19ROGR    (0)    1 :  0.504 0.375 0.122 
 50 OmyAC19ROGR    (1)    1 :  0.114 0.802 0.083 
 51 OmyAC19ROGR    (2)    1 :  0.126 0.133 0.740 
 52 OmyAC19ROGR    (1)    1 :  0.079 0.070 0.851 
 53 OmyAC19ROGR    (2)    1 :  0.718 0.181 0.101 
 54 OmyAC19ROGR    (1)    1 :  0.597 0.209 0.193 
 55 OmyAC19ROGR    (3)    1 :  0.169 0.567 0.264 
 56 OmyAC19ROGR    (1)    1 :  0.581 0.194 0.225 
 57 OmyAC19ROGR    (0)    1 :  0.702 0.215 0.083 
 58 OmyAC19ROGR    (1)    1 :  0.108 0.148 0.744 
 59 OmyAC19ROGR    (0)    1 :  0.664 0.246 0.090 
 60 OmyAC19ROGR    (2)    1 :  0.258 0.430 0.311 
 61 OmyAC19ROGR    (1)    1 :  0.575 0.246 0.178 
 62 OmyAC19ROGR    (1)    1 :  0.318 0.520 0.162 
 63 OmyAC19ROGR    (0)    1 :  0.478 0.186 0.335 
 64 OmyAC19ROGR    (3)    1 :  0.220 0.588 0.192 
 65 OmyAC19ROGR    (1)    1 :  0.332 0.472 0.196 
 66 OmyAC19ROGR    (4)    1 :  0.133 0.399 0.468 
 67 OmyAC19ROGR    (0)    1 :  0.523 0.353 0.124 
 68 OmyAC19ROGR    (2)    1 :  0.634 0.198 0.168 
 69 OmyAC19ROGR    (2)    1 :  0.525 0.098 0.377 
 70 OmyAC19ROGR    (1)    1 :  0.543 0.327 0.130 
 71 OmyAC19ROGR    (0)    1 :  0.362 0.516 0.122 
 72 OmyAC19ROGR    (5)    1 :  0.378 0.535 0.087 
 73 OmyAC19ROGR    (1)    1 :  0.459 0.132 0.408 
 74 OmyAC19ROGR    (1)    1 :  0.109 0.789 0.103 
 75 OmyAC19ROGR    (1)    1 :  0.475 0.279 0.246 
 76 OmyAC19ROGR    (1)    1 :  0.712 0.152 0.135 
 77 OmyAC19ROGR    (1)    1 :  0.045 0.068 0.887 
 78 OmyAC19ROGR    (1)    1 :  0.371 0.481 0.148 
 79 OmyAC19ROGR    (2)    1 :  0.540 0.272 0.188 
 80 OmyAC19ROGR    (2)    1 :  0.129 0.119 0.752 
 81 OmyAC19ROGR    (2)    1 :  0.226 0.214 0.560 
 82 OmyAC19ROGR    (1)    1 :  0.734 0.194 0.072 
 83 OmyAC19ROGR    (0)    1 :  0.577 0.269 0.153 
 84 OmyAC19ROGR    (1)    1 :  0.241 0.341 0.418 
 85 OmyAC19ROGR    (6)    1 :  0.457 0.435 0.109 
 86 OmyAC19ROGR    (1)    1 :  0.079 0.702 0.219 
 87 OmyAC19ROGR    (2)    1 :  0.580 0.291 0.129 
 88 OmyJC19ROGR    (0)    2 :  0.059 0.085 0.856 
 89 OmyJC19ROGR    (1)    2 :  0.207 0.590 0.203 
 90 OmyJC19ROGR    (1)    2 :  0.061 0.063 0.875 
 91 OmyJC19ROGR    (2)    2 :  0.523 0.428 0.049 
 92 OmyJC19ROGR    (1)    2 :  0.679 0.189 0.132 
 93 OmyJC19ROGR    (1)    2 :  0.795 0.146 0.059 
 94 OmyJC19ROGR    (1)    2 :  0.127 0.490 0.383 
 95 OmyJC19ROGR    (0)    2 :  0.149 0.440 0.411 
 96 OmyJC19ROGR    (2)    2 :  0.273 0.494 0.234 
 97 OmyJC19ROGR    (1)    2 :  0.662 0.078 0.260 
 98 OmyJC19ROGR    (0)    2 :  0.317 0.544 0.138 
 99 OmyJC19ROGR    (0)    2 :  0.603 0.164 0.233 
100 OmyJC19ROGR    (1)    2 :  0.392 0.456 0.153 
101 OmyJC19ROGR    (1)    2 :  0.266 0.135 0.599 
102 OmyJC19ROGR    (1)    2 :  0.139 0.658 0.203 
103 OmyJC19ROGR    (2)    2 :  0.397 0.223 0.380 
104 OmyJC19ROGR    (1)    2 :  0.726 0.171 0.104 
105 OmyJC19ROGR    (1)    2 :  0.524 0.131 0.344 
106 OmyJC19ROGR    (1)    2 :  0.079 0.038 0.883 
107 OmyJC19ROGR    (2)    2 :  0.260 0.490 0.250 
108 OmyJC19ROGR    (0)    2 :  0.533 0.296 0.171 
109 OmyJC19ROGR    (1)    2 :  0.108 0.463 0.430 
110 OmyJC19ROGR    (1)    2 :  0.524 0.151 0.325 
111 OmyJC19ROGR    (1)    2 :  0.653 0.157 0.190 
112 OmyJC19ROGR    (2)    2 :  0.158 0.587 0.255 
113 OmyJC19ROGR    (1)    2 :  0.131 0.226 0.643 
114 OmyJC19ROGR    (3)    2 :  0.472 0.351 0.177 
115 OmyJC19ROGR    (2)    2 :  0.661 0.180 0.159 
116 OmyJC19ROGR    (0)    2 :  0.291 0.433 0.276 
117 OmyJC19ROGR    (1)    2 :  0.203 0.382 0.414 
118 OmyJC19ROGR    (1)    2 :  0.390 0.511 0.099 
119 OmyJC19ROGR    (3)    2 :  0.224 0.590 0.186 
120 OmyJC19ROGR    (1)    2 :  0.800 0.157 0.043 
121 OmyJC19ROGR    (0)    2 :  0.155 0.667 0.178 
122 OmyJC19ROGR    (1)    2 :  0.448 0.371 0.181 
123 OmyJC19ROGR    (1)    2 :  0.503 0.427 0.070 
124 OmyJC19ROGR    (0)    2 :  0.212 0.497 0.291 
125 OmyJC19ROGR    (1)    2 :  0.620 0.162 0.218 
126 OmyJC19ROGR    (1)    2 :  0.128 0.155 0.717 
127 OmyJC19ROGR    (1)    2 :  0.206 0.618 0.176 
128 OmyJC19ROGR    (1)    2 :  0.798 0.100 0.102 
129 OmyJC19ROGR    (1)    2 :  0.336 0.232 0.433 
130 OmyJC19ROGR    (1)    2 :  0.119 0.715 0.166 
131 OmyJC19ROGR    (1)    2 :  0.505 0.253 0.242 
132 OmyJC19ROGR    (1)    2 :  0.676 0.178 0.146 
133 OmyJC19ROGR    (1)    2 :  0.348 0.534 0.118 
134 OmyJC19ROGR    (1)    2 :  0.297 0.468 0.235 
135 OmyJC19ROGR    (1)    2 :  0.867 0.069 0.064 
136 OmyJC19ROGR    (3)    2 :  0.311 0.568 0.121 
137 OmyJC19ROGR    (1)    2 :  0.144 0.484 0.372 
138 OmyJC19ROGR    (1)    2 :  0.071 0.174 0.754 
139 OmyJC19ROGR    (2)    2 :  0.346 0.556 0.098 
140 OmyJC19ROGR    (3)    2 :  0.214 0.538 0.248 
141 OmyJC19ROGR    (0)    2 :  0.313 0.186 0.501 
142 OmyJC19ROGR    (1)    2 :  0.305 0.241 0.454 
143 OmyJC19ROGR    (0)    2 :  0.700 0.127 0.173 
144 OmyJC19ROGR    (1)    2 :  0.293 0.649 0.059 
145 OmyJC19ROGR    (1)    2 :  0.169 0.725 0.106 
146 OmyJC19ROGR    (2)    2 :  0.639 0.198 0.163 
147 OmyJC19ROGR    (1)    2 :  0.289 0.527 0.185 
148 OmyJC19ROGR    (1)    2 :  0.421 0.517 0.062 
149 OmyJC19ROGR    (2)    2 :  0.559 0.236 0.205 
150 OmyJC19ROGR    (2)    2 :  0.618 0.209 0.173 
151 OmyJC19ROGR    (1)    2 :  0.410 0.328 0.263 
152 OmyJC19ROGR    (0)    2 :  0.331 0.486 0.183 
153 OmyJC19ROGR    (1)    2 :  0.806 0.088 0.106 
154 OmyJC19ROGR    (2)    2 :  0.160 0.632 0.208 
155 OmyJC19ROGR    (1)    2 :  0.378 0.399 0.223 
156 OmyJC19ROGR    (1)    2 :  0.325 0.400 0.275 
157 OmyJC19ROGR    (0)    2 :  0.468 0.337 0.195 
158 OmyJC19ROGR    (2)    2 :  0.384 0.533 0.082 
159 OmyJC19ROGR    (1)    2 :  0.118 0.737 0.145 
160 OmyJC19ROGR    (0)    2 :  0.488 0.334 0.178 
161 OmyJC19ROGR    (1)    2 :  0.618 0.265 0.116 
162 OmyJC19ROGR    (1)    2 :  0.411 0.365 0.223 
163 OmyJC19ROGR    (1)    2 :  0.684 0.178 0.139 
164 OmyJC19ROGR    (1)    2 :  0.189 0.714 0.097 
165 OmyJC19ROGR    (0)    2 :  0.428 0.493 0.079 
166 OmyJC19ROGR    (0)    2 :  0.187 0.629 0.183 
167 OmyJC19ROGR    (2)    2 :  0.432 0.324 0.243 
168 OmyJC19ROGR    (0)    2 :  0.256 0.546 0.198 
169 OmyJC19ROGR    (1)    2 :  0.039 0.053 0.907 
170 OmyJC19ROGR    (1)    2 :  0.738 0.109 0.153 
171 OmyJC19ROGR    (1)    2 :  0.224 0.669 0.106 
172 OmyJC19ROGR    (0)    2 :  0.357 0.129 0.515 
173 OmyJC19ROGR    (1)    2 :  0.050 0.053 0.897 
174 OmyJC19ROGR    (0)    2 :  0.333 0.524 0.143 
175 OmyJC19ROGR    (1)    2 :  0.262 0.637 0.101 
176 OmyJC19ROGR    (1)    2 :  0.656 0.203 0.141 
177 OmyJC19ROGR    (1)    2 :  0.800 0.153 0.047 
178 OmyJC19ROGR    (0)    2 :  0.073 0.795 0.132 
179 OmyJC19ROGR    (1)    2 :  0.705 0.220 0.075 
180 OmyJC19ROGR    (1)    2 :  0.114 0.077 0.808 
181 OmyJC19ROGR    (1)    2 :  0.271 0.572 0.157 
182 OmyJC19ROGR    (1)    2 :  0.215 0.415 0.370 
183 OmyJC19ROGR    (1)    2 :  0.342 0.537 0.121 
184 OmyJC19ROGR    (1)    2 :  0.190 0.188 0.622 
185 OmyJC19ROGR    (2)    2 :  0.269 0.679 0.052 
186 OmyJC19ROGR    (1)    2 :  0.619 0.154 0.227 
187 OmyJC19ROGR    (0)    2 :  0.183 0.719 0.098 
188 OmyJC19ROGR    (1)    2 :  0.347 0.484 0.169 
189 OmyJC19ROGR    (0)    2 :  0.504 0.180 0.316 
190 OmyJC19ROGR    (0)    2 :  0.657 0.187 0.156 
191 OmyJC19ROGR    (2)    2 :  0.723 0.166 0.111 
192 OmyJC19ROGR    (1)    2 :  0.084 0.793 0.123 
193 OmyJC19ROGR    (1)    2 :  0.284 0.412 0.304 
194 OmyJC19ROGR    (0)    2 :  0.167 0.764 0.069 
195 OmyJC19ROGR    (1)    2 :  0.064 0.136 0.800 
196 OmyJC19ROGR    (1)    2 :  0.153 0.723 0.124 
197 OmyJC19ROGR    (1)    2 :  0.616 0.220 0.164 
198 OmyJC19ROGR    (1)    2 :  0.084 0.118 0.798 
199 OmyJC19ROGR    (0)    2 :  0.227 0.669 0.104 
200 OmyJC19ROGR    (0)    2 :  0.666 0.170 0.164 
201 OmyJC19ROGR    (1)    2 :  0.243 0.669 0.089 
202 OmyJC19ROGR    (0)    2 :  0.780 0.178 0.042 
203 OmyJC19ROGR    (0)    2 :  0.454 0.418 0.128 
204 OmyJC19ROGR    (1)    2 :  0.326 0.513 0.160 
205 OmyJC19ROGR    (1)    2 :  0.295 0.448 0.257 
206 OmyJC19ROGR    (1)    2 :  0.081 0.078 0.841 
207 OmyJC19ROGR    (1)    2 :  0.158 0.465 0.376 
208 OmyJC19ROGR    (1)    2 :  0.213 0.655 0.133 
209 OmyJC19ROGR    (0)    2 :  0.248 0.135 0.617 
210 OmyJC19ROGR    (1)    2 :  0.045 0.064 0.891 
211 OmyJC19ROGR    (0)    2 :  0.237 0.419 0.343 
212 OmyJC19ROGR    (1)    2 :  0.477 0.148 0.375 
213 OmyJC19ROGR    (1)    2 :  0.441 0.449 0.111 
214 OmyJC19ROGR    (1)    2 :  0.214 0.607 0.179 
215 OmyJC19ROGR    (1)    2 :  0.257 0.633 0.110 
216 OmyJC19ROGR    (1)    2 :  0.067 0.100 0.833 
217 OmyJC19ROGR    (1)    2 :  0.208 0.275 0.517 
218 OmyJC19ROGR    (1)    2 :  0.687 0.212 0.101 
219 OmyJC19ROGR    (1)    2 :  0.098 0.615 0.286 
220 OmyJC19ROGR    (1)    2 :  0.394 0.554 0.052 
221 OmyJC19ROGR    (0)    2 :  0.249 0.255 0.497 
222 OmyJC19ROGR    (1)    2 :  0.468 0.402 0.130 
223 OmyJC19ROGR    (0)    2 :  0.254 0.567 0.179 
224 OmyJC19ROGR    (1)    2 :  0.159 0.760 0.081 
225 OmyJC19ROGR    (1)    2 :  0.038 0.053 0.909 
226 OmyJC19ROGR    (0)    2 :  0.135 0.477 0.387 
227 OmyJC19ROGR    (1)    2 :  0.087 0.056 0.858 
228 OmyJC19ROGR    (1)    2 :  0.093 0.792 0.115 
229 OmyJC19ROGR    (2)    2 :  0.508 0.378 0.114 
230 OmyJC19ROGR    (1)    2 :  0.420 0.206 0.374 
231 OmyJC19ROGR    (1)    2 :  0.141 0.640 0.220 
232 OmyJC19ROGR    (2)    2 :  0.425 0.431 0.143 
233 OmyJC19ROGR    (1)    2 :  0.216 0.517 0.267 
234 OmyJC19ROGR    (1)    2 :  0.058 0.052 0.890 
235 OmyJC19ROGR    (0)    2 :  0.178 0.212 0.609 
236 OmyJC19ROGR    (1)    2 :  0.464 0.440 0.096 
237 OmyJC19ROGR    (1)    2 :  0.332 0.454 0.214 
238 OmyJC19ROGR    (0)    2 :  0.161 0.547 0.292 
239 OmyJC19ROGR    (1)    2 :  0.172 0.570 0.258 
240 OmyJC19ROGR    (1)    2 :  0.306 0.534 0.160 
241 OmyJC19ROGR    (0)    2 :  0.589 0.200 0.211 
242 OmyJC19ROGR    (1)    2 :  0.497 0.430 0.073 
243 OmyJC19ROGR    (1)    2 :  0.582 0.283 0.136 
244 OmyJC19ROGR    (1)    2 :  0.560 0.274 0.167 
245 OmyJC19ROGR    (0)    2 :  0.041 0.041 0.918 
246 OmyJC19ROGR    (1)    2 :  0.567 0.131 0.302 
247 OmyJC19ROGR    (0)    2 :  0.248 0.169 0.583 
248 OmyJC19ROGR    (1)    2 :  0.207 0.168 0.625 
249 OmyJC19ROGR    (1)    2 :  0.203 0.591 0.205 
250 OmyJC19ROGR    (0)    2 :  0.392 0.347 0.261 
251 OmyJC19ROGR    (1)    2 :  0.311 0.477 0.212 
252 OmyJC19ROGR    (0)    2 :  0.806 0.088 0.106 
253 OmyJC19ROGR    (0)    2 :  0.250 0.520 0.230 
254 OmyJC19ROGR    (1)    2 :  0.580 0.252 0.169 
255 OmyJC19ROGR    (1)    2 :  0.730 0.160 0.109 
256 OmyJC19ROGR    (1)    2 :  0.413 0.152 0.436 
257 OmyJC19ROGR    (0)    2 :  0.276 0.471 0.253 
258 OmyAC19ROGR    (1)    1 :  0.319 0.295 0.386 
259 OmyAC19ROGR    (2)    1 :  0.166 0.232 0.602 
260 OmyAC19ROGR    (1)    1 :  0.319 0.591 0.091 
261 OmyAC19ROGR    (0)    1 :  0.154 0.676 0.170 
262 OmyAC19ROGR    (1)    1 :  0.357 0.342 0.301 
263 OmyAC19ROGR    (0)    1 :  0.640 0.239 0.121 
264 OmyAC19ROGR    (1)    1 :  0.272 0.496 0.232 
265 OmyAC19ROGR    (1)    1 :  0.256 0.592 0.152 
266 OmyAC19ROGR    (1)    1 :  0.182 0.750 0.068 
267 OmyAC19ROGR    (1)    1 :  0.269 0.378 0.353 
268 OmyAC19ROGR    (2)    1 :  0.517 0.189 0.294 
269 OmyAC19ROGR    (1)    1 :  0.259 0.362 0.379 
270 OmyAC19ROGR    (1)    1 :  0.648 0.237 0.115 
271 OmyAC19ROGR    (1)    1 :  0.196 0.269 0.535 
272 OmyAC19ROGR    (0)    1 :  0.135 0.475 0.390 
273 OmyAC19ROGR    (0)    1 :  0.461 0.404 0.136 
274 OmyAC19ROGR    (1)    1 :  0.075 0.121 0.804 
275 OmyAC19ROGR    (1)    1 :  0.414 0.296 0.289 
276 OmyAC19ROGR    (1)    1 :  0.203 0.598 0.199 
277 OmyAC19ROGR    (1)    1 :  0.175 0.574 0.252 
278 OmyAC19ROGR    (1)    1 :  0.132 0.394 0.475 
279 OmyAC19ROGR    (0)    1 :  0.122 0.510 0.368 
280 OmyAC19ROGR    (1)    1 :  0.479 0.246 0.275 
281 OmyAC19ROGR    (1)    1 :  0.219 0.604 0.176 
282 OmyAC19ROGR    (1)    1 :  0.353 0.302 0.344 
283 OmyAC19ROGR    (1)    1 :  0.196 0.622 0.182 
284 OmyAC19ROGR    (0)    1 :  0.385 0.519 0.096 
285 OmyAC19ROGR    (1)    1 :  0.477 0.390 0.133 
286 OmyAC19ROGR    (1)    1 :  0.321 0.598 0.081 
287 OmyAC19ROGR    (1)    1 :  0.032 0.035 0.933 
288 OmyAC19ROGR    (1)    1 :  0.096 0.123 0.781 
289 OmyAC19ROGR    (1)    1 :  0.169 0.532 0.299 
290 OmyAC19ROGR    (1)    1 :  0.054 0.049 0.897 
291 OmyAC19ROGR    (1)    1 :  0.344 0.148 0.509 
292 OmyAC19ROGR    (1)    1 :  0.189 0.420 0.391 
293 OmyAC19ROGR    (1)    1 :  0.738 0.152 0.110 
294 OmyAC19ROGR    (1)    1 :  0.126 0.506 0.368 
295 OmyAC19ROGR    (0)    1 :  0.456 0.457 0.088 
296 OmyAC19ROGR    (0)    1 :  0.218 0.671 0.111 
297 OmyAC19ROGR    (1)    1 :  0.065 0.105 0.830 
298 OmyAC19ROGR    (0)    1 :  0.129 0.778 0.092 
299 OmyAC19ROGR    (1)    1 :  0.420 0.199 0.381 
300 OmyAC19ROGR    (1)    1 :  0.252 0.602 0.146 
301 OmyAC19ROGR    (0)    1 :  0.053 0.078 0.869 
302 OmyAC19ROGR    (1)    1 :  0.120 0.336 0.543 
303 OmyAC19ROGR    (1)    1 :  0.159 0.527 0.314 
304 OmyAC19ROGR    (1)    1 :  0.234 0.436 0.330 
305 OmyAC19ROGR    (1)    1 :  0.304 0.572 0.125 
306 OmyAC19ROGR    (1)    1 :  0.058 0.225 0.717 
307 OmyAC19ROGR    (2)    1 :  0.460 0.459 0.082 
308 OmyAC19ROGR    (0)    1 :  0.180 0.538 0.282 
309 OmyAC19ROGR    (2)    1 :  0.061 0.058 0.882 
310 OmyAC19ROGR    (0)    1 :  0.164 0.287 0.550 
311 OmyAC19ROGR    (0)    1 :  0.137 0.241 0.621 
312 OmyAC19ROGR    (0)    1 :  0.641 0.231 0.129 
313 OmyAC19ROGR    (1)    1 :  0.336 0.598 0.066 
314 OmyAC19ROGR    (0)    1 :  0.684 0.178 0.138 
315 OmyAC19ROGR    (1)    1 :  0.355 0.425 0.220 
316 OmyAC19ROGR    (1)    1 :  0.262 0.613 0.125 
317 OmyAC19ROGR    (1)    1 :  0.560 0.292 0.149 
318 OmyAC19ROGR    (1)    1 :  0.648 0.249 0.103 
319 OmyAC19ROGR    (1)    1 :  0.457 0.474 0.069 
320 OmyAC19ROGR    (0)    1 :  0.252 0.697 0.051 
321 OmyAC19ROGR    (1)    1 :  0.188 0.712 0.100 
322 OmyAC19ROGR    (0)    1 :  0.164 0.341 0.495 
323 OmyAC19ROGR    (1)    1 :  0.096 0.810 0.093 
324 OmyAC19ROGR    (1)    1 :  0.390 0.511 0.099 
325 OmyAC19ROGR    (1)    1 :  0.163 0.278 0.559 
326 OmyAC19ROGR    (1)    1 :  0.145 0.680 0.175 
327 OmyAC19ROGR    (1)    1 :  0.285 0.580 0.135 
328 OmyJC18ROGR    (1)    2 :  0.588 0.288 0.124 
329 OmyJC18ROGR    (0)    2 :  0.229 0.540 0.232 
330 OmyJC18ROGR    (0)    2 :  0.086 0.709 0.205 
331 OmyJC18ROGR    (1)    2 :  0.151 0.163 0.686 
332 OmyJC18ROGR    (1)    2 :  0.146 0.114 0.740 
333 OmyJC18ROGR    (1)    2 :  0.085 0.098 0.817 
334 OmyJC18ROGR    (1)    2 :  0.323 0.336 0.342 
335 OmyJC18ROGR    (0)    2 :  0.635 0.284 0.081 
336 OmyJC18ROGR    (1)    2 :  0.060 0.071 0.870 
337 OmyJC18ROGR    (1)    2 :  0.160 0.707 0.133 
338 OmyJC18ROGR    (1)    2 :  0.047 0.090 0.863 
339 OmyJC18ROGR    (1)    2 :  0.188 0.632 0.180 
340 OmyJC18ROGR    (0)    2 :  0.508 0.213 0.279 
341 OmyJC18ROGR    (1)    2 :  0.548 0.392 0.060 
342 OmyJC18ROGR    (2)    2 :  0.205 0.279 0.516 
343 OmyJC18ROGR    (2)    2 :  0.421 0.144 0.436 
344 OmyJC18ROGR    (3)    2 :  0.243 0.185 0.572 
345 OmyJC18ROGR    (2)    2 :  0.172 0.116 0.712 
346 OmyJC18ROGR    (4)    2 :  0.108 0.802 0.090 
347 OmyJC18ROGR    (3)    2 :  0.131 0.709 0.160 
348 OmyJC18ROGR    (1)    2 :  0.210 0.414 0.376 
349 OmyJC18ROGR    (1)    2 :  0.186 0.688 0.126 
350 OmyJC18ROGR    (1)    2 :  0.132 0.712 0.156 
351 OmyJC18ROGR    (0)    2 :  0.087 0.171 0.742 
352 OmyJC18ROGR    (4)    2 :  0.187 0.238 0.575 
353 OmyJC18ROGR    (2)    2 :  0.383 0.244 0.373 
354 OmyJC18ROGR    (1)    2 :  0.229 0.499 0.272 
355 OmyJC18ROGR    (2)    2 :  0.281 0.577 0.142 
356 OmyJC18ROGR    (1)    2 :  0.575 0.313 0.112 
357 OmyJC18ROGR    (2)    2 :  0.238 0.071 0.691 
358 OmyJC18ROGR    (2)    2 :  0.599 0.331 0.070 
359 OmyJC18ROGR    (3)    2 :  0.280 0.477 0.244 
360 OmyJC18ROGR    (0)    2 :  0.590 0.257 0.153 
361 OmyJC18ROGR    (1)    2 :  0.183 0.756 0.061 
362 OmyJC18ROGR    (1)    2 :  0.202 0.428 0.370 
363 OmyJC18ROGR    (2)    2 :  0.355 0.266 0.379 
364 OmyJC18ROGR    (3)    2 :  0.202 0.726 0.072 
365 OmyJC18ROGR    (4)    2 :  0.135 0.741 0.124 
366 OmyJC18ROGR    (4)    2 :  0.554 0.316 0.130 
367 OmyJC18ROGR    (3)    2 :  0.081 0.124 0.795 
368 OmyJC18ROGR    (3)    2 :  0.151 0.344 0.505 
369 OmyJC18ROGR    (2)    2 :  0.539 0.234 0.228 
370 OmyJC18ROGR    (3)    2 :  0.315 0.490 0.195 
371 OmyJC18ROGR    (1)    2 :  0.405 0.469 0.126 
372 OmyJC18ROGR    (3)    2 :  0.290 0.469 0.241 
373 OmyJC18ROGR    (5)    2 :  0.601 0.176 0.223 
374 OmyJC18ROGR    (5)    2 :  0.768 0.158 0.074 
375 OmyJC18ROGR    (3)    2 :  0.163 0.581 0.257 
376 OmyJC18ROGR    (3)    2 :  0.056 0.068 0.876 
377 OmyJC18ROGR    (4)    2 :  0.492 0.161 0.348 
378 OmyJC18ROGR    (0)    2 :  0.373 0.405 0.222 
379 OmyJC18ROGR    (5)    2 :  0.364 0.348 0.288 
380 OmyJC18ROGR    (4)    2 :  0.474 0.201 0.326 
381 OmyJC18ROGR    (1)    2 :  0.317 0.527 0.156 
382 OmyJC18ROGR    (1)    2 :  0.458 0.417 0.125 
383 OmyJC18ROGR    (3)    2 :  0.185 0.226 0.589 
384 OmyJC18ROGR    (2)    2 :  0.084 0.576 0.340 
385 OmyJC18ROGR    (4)    2 :  0.113 0.729 0.158 
386 OmyJC18ROGR    (2)    2 :  0.086 0.440 0.474 
387 OmyJC18ROGR    (1)    2 :  0.374 0.218 0.408 
388 OmyJC18ROGR    (6)    2 :  0.609 0.221 0.170 
389 OmyJC18ROGR    (1)    2 :  0.190 0.488 0.322 
390 OmyJC18ROGR    (1)    2 :  0.221 0.580 0.199 
391 OmyJC18ROGR    (3)    2 :  0.096 0.064 0.840 
392 OmyJC18ROGR    (2)    2 :  0.428 0.465 0.107 
393 OmyJC18ROGR    (4)    2 :  0.717 0.114 0.169 
394 OmyJC18ROGR    (3)    2 :  0.067 0.159 0.773 
395 OmyJC18ROGR    (7)    2 :  0.484 0.145 0.371 
396 OmyJC18ROGR    (4)    2 :  0.283 0.144 0.573 
397 OmyJC18ROGR    (1)    2 :  0.262 0.569 0.169 
398 OmyJC18ROGR    (3)    2 :  0.341 0.286 0.373 
399 OmyJC18ROGR    (2)    2 :  0.365 0.182 0.454 
400 OmyJC18ROGR    (0)    2 :  0.262 0.572 0.166 
401 OmyJC18ROGR    (6)    2 :  0.713 0.119 0.168 
402 OmyJC18ROGR    (5)    2 :  0.529 0.122 0.350 
403 OmyJC18ROGR    (1)    2 :  0.394 0.318 0.288 
404 OmyJC18ROGR    (2)    2 :  0.116 0.584 0.300 
405 OmyJC18ROGR    (3)    2 :  0.213 0.670 0.118 
406 OmyJC18ROGR    (2)    2 :  0.131 0.742 0.126 
407 OmyJC18ROGR    (2)    2 :  0.441 0.257 0.303 
408 OmyJC18ROGR    (2)    2 :  0.418 0.302 0.279 
409 OmyJC18ROGR    (1)    2 :  0.505 0.371 0.124 
410 OmyJC18ROGR    (1)    2 :  0.225 0.665 0.110 
411 OmyJC18ROGR    (1)    2 :  0.408 0.434 0.157 
412 OmyJC18ROGR    (0)    2 :  0.124 0.804 0.072 
413 OmyJC18ROGR    (1)    2 :  0.107 0.762 0.131 
414 OmyJC18ROGR    (2)    2 :  0.146 0.767 0.087 
415 OmyJC18ROGR    (2)    2 :  0.608 0.317 0.075 
416 OmyJC18ROGR    (3)    2 :  0.183 0.592 0.225 
417 OmyJC18ROGR    (1)    2 :  0.506 0.337 0.158 
418 OmyJC18ROGR    (0)    2 :  0.783 0.114 0.102 
419 OmyJC18ROGR    (1)    2 :  0.599 0.305 0.096 
420 OmyJC18ROGR    (0)    2 :  0.155 0.730 0.115 
421 OmyJC18ROGR    (1)    2 :  0.154 0.688 0.158 
422 OmyJC18ROGR    (6)    2 :  0.426 0.385 0.189 
423 OmyJC18ROGR    (2)    2 :  0.297 0.530 0.172 
424 OmyJC18ROGR    (1)    2 :  0.393 0.234 0.373 
425 OmyJC18ROGR    (1)    2 :  0.187 0.340 0.473 
426 OmyJC18ROGR    (3)    2 :  0.381 0.501 0.118 
427 OmyJC18ROGR    (2)    2 :  0.071 0.259 0.670 
428 OmyJC18ROGR    (6)    2 :  0.191 0.730 0.079 
429 OmyJC18ROGR    (1)    2 :  0.092 0.555 0.354 
430 OmyJC18ROGR    (1)    2 :  0.414 0.281 0.305 
431 OmyJC18ROGR    (0)    2 :  0.163 0.653 0.184 
432 OmyJC18ROGR    (2)    2 :  0.110 0.102 0.788 
433 OmyJC18ROGR    (2)    2 :  0.672 0.138 0.190 
434 OmyJC18ROGR    (2)    2 :  0.220 0.441 0.339 
435 OmyJC18ROGR    (8)    2 :  0.285 0.529 0.185 
436 OmyJC18ROGR    (2)    2 :  0.300 0.586 0.115 
437 OmyJC18ROGR    (4)    2 :  0.435 0.449 0.116 
438 OmyJC18ROGR    (1)    2 :  0.751 0.078 0.171 
439 OmyJC18ROGR    (2)    2 :  0.187 0.232 0.581 
440 OmyJC18ROGR    (0)    2 :  0.670 0.072 0.258 
441 OmyJC18ROGR    (1)    2 :  0.135 0.761 0.104 
442 OmyJC18ROGR    (6)    2 :  0.356 0.351 0.293 
443 OmyJC18ROGR    (1)    2 :  0.100 0.834 0.067 
444 OmyJC18ROGR    (6)    2 :  0.558 0.308 0.134 
445 OmyJC18ROGR    (2)    2 :  0.503 0.303 0.194 
446 OmyJC18ROGR    (3)    2 :  0.469 0.127 0.404 
447 OmyJC18ROGR    (2)    2 :  0.234 0.506 0.260 
448 OmyJC18ROGR    (3)    2 :  0.238 0.560 0.202 
449 OmyJC18ROGR    (1)    2 :  0.158 0.727 0.115 
450 OmyJC18ROGR    (4)    2 :  0.442 0.196 0.362 
451 OmyJC18ROGR    (3)    2 :  0.229 0.622 0.149 
452 OmyJC18ROGR    (1)    2 :  0.109 0.710 0.182 
453 OmyJC18ROGR    (1)    2 :  0.117 0.803 0.080 
454 OmyJC18ROGR    (4)    2 :  0.562 0.276 0.162 
455 OmyJC18ROGR    (4)    2 :  0.272 0.176 0.552 
456 OmyJC18ROGR    (5)    2 :  0.237 0.447 0.316 
457 OmyJC18ROGR    (3)    2 :  0.724 0.187 0.089 
458 OmyJC18ROGR    (1)    2 :  0.358 0.478 0.164 
459 OmyJC18ROGR    (1)    2 :  0.055 0.083 0.862 
460 OmyJC18ROGR    (2)    2 :  0.217 0.630 0.152 
461 OmyJC18ROGR    (1)    2 :  0.153 0.084 0.764 
462 OmyJC18ROGR    (1)    2 :  0.493 0.447 0.060 
463 OmyJC18ROGR    (4)    2 :  0.232 0.606 0.162 
464 OmyJC18ROGR    (6)    2 :  0.396 0.521 0.083 
465 OmyJC18ROGR    (3)    2 :  0.670 0.225 0.105 
466 OmyJC18ROGR    (3)    2 :  0.422 0.372 0.206 
467 OmyJC18ROGR    (2)    2 :  0.289 0.452 0.260 
468 OmyJC18ROGR    (2)    2 :  0.279 0.650 0.071 
469 OmyJC18ROGR    (1)    2 :  0.046 0.055 0.900 
470 OmyJC18ROGR    (0)    2 :  0.477 0.161 0.362 
471 OmyJC18ROGR    (2)    2 :  0.334 0.406 0.260 
472 OmyJC18ROGR    (2)    2 :  0.090 0.875 0.035 
473 OmyJC18ROGR    (1)    2 :  0.210 0.550 0.240 
474 OmyJC18ROGR    (3)    2 :  0.260 0.542 0.199 
475 OmyJC18ROGR    (1)    2 :  0.546 0.223 0.231 
476 OmyJC18ROGR    (2)    2 :  0.288 0.571 0.141 
477 OmyJC18ROGR    (0)    2 :  0.525 0.233 0.241 
478 OmyJC18ROGR    (1)    2 :  0.228 0.548 0.224 
479 OmyJC18ROGR    (1)    2 :  0.417 0.430 0.153 
480 OmyJC18ROGR    (1)    2 :  0.256 0.477 0.266 
481 OmyJC18ROGR    (1)    2 :  0.232 0.642 0.126 
482 OmyJC18ROGR    (1)    2 :  0.677 0.204 0.118 
483 OmyJC18ROGR    (0)    2 :  0.434 0.446 0.119 
484 OmyJC18ROGR    (0)    2 :  0.172 0.620 0.208 
485 OmyJC18ROGR    (0)    2 :  0.668 0.240 0.092 
486 OmyJC18ROGR    (0)    2 :  0.397 0.438 0.165 
487 OmyJC18ROGR    (1)    2 :  0.764 0.129 0.107 
488 OmyJC18ROGR    (1)    2 :  0.528 0.266 0.206 
489 OmyJC18ROGR    (1)    2 :  0.166 0.677 0.156 
490 OmyJC18ROGR    (0)    2 :  0.120 0.813 0.067 
491 OmyJC18ROGR    (0)    2 :  0.612 0.221 0.166 
492 OmyJC18ROGR    (5)    2 :  0.141 0.069 0.789 
493 OmyJC18ROGR    (1)    2 :  0.388 0.189 0.423 
494 OmyJC18ROGR    (3)    2 :  0.365 0.502 0.133 
495 OmyJC18ROGR    (1)    2 :  0.518 0.242 0.241 
496 OmyJC18ROGR    (1)    2 :  0.163 0.497 0.340 
497 OmyJC18ROGR    (1)    2 :  0.528 0.407 0.065 
498 OmyJC18ROGR    (1)    2 :  0.441 0.354 0.205 
499 OmyJC18ROGR    (1)    2 :  0.429 0.442 0.130 
500 OmyJC18ROGR    (1)    2 :  0.107 0.650 0.244 
501 OmyJC18ROGR    (2)    2 :  0.704 0.208 0.088 
502 OmyJC18ROGR    (1)    2 :  0.507 0.120 0.373 
503 OmyJC18ROGR    (2)    2 :  0.402 0.343 0.255 
504 OmyJC18ROGR    (2)    2 :  0.578 0.235 0.188 
505 OmyJC18ROGR    (2)    2 :  0.256 0.519 0.226 
506 OmyJC18ROGR    (3)    2 :  0.322 0.467 0.211 
507 OmyJC18ROGR    (1)    2 :  0.161 0.566 0.273 
508 OmyJC18ROGR    (7)    2 :  0.331 0.530 0.139 
509 OmyJC18ROGR    (1)    2 :  0.443 0.261 0.295 
510 OmyJC18ROGR    (1)    2 :  0.039 0.042 0.919 
511 OmyJC18ROGR    (2)    2 :  0.521 0.187 0.292 
512 OmyJC18ROGR    (1)    2 :  0.657 0.248 0.094 
513 OmyJC18ROGR    (3)    2 :  0.231 0.654 0.115 
514 OmyJC18ROGR    (1)    2 :  0.823 0.094 0.083 
515 OmyJC18ROGR    (5)    2 :  0.241 0.643 0.116 
516 OmyJC18ROGR    (3)    2 :  0.485 0.090 0.425 
517 OmyJC18ROGR    (1)    2 :  0.597 0.332 0.071 
518 OmyJC18ROGR    (1)    2 :  0.214 0.195 0.591 
519 OmyJC18ROGR    (0)    2 :  0.497 0.256 0.248 
520 OmyJC18ROGR    (0)    2 :  0.351 0.509 0.140 
521 OmyJC18ROGR    (2)    2 :  0.357 0.356 0.287 
522 OmyJC18ROGR    (2)    2 :  0.239 0.238 0.523 
523 OmyJC18ROGR    (1)    2 :  0.416 0.148 0.436 
524 OmyJC18ROGR    (3)    2 :  0.294 0.388 0.318 
525 OmyJC18ROGR    (1)    2 :  0.508 0.332 0.161 
526 OmyJC18ROGR    (7)    2 :  0.203 0.734 0.063 
527 OmyJC18ROGR    (4)    2 :  0.189 0.576 0.235 
528 OmyJC18ROGR    (1)    2 :  0.315 0.603 0.082 
529 OmyJC18ROGR    (2)    2 :  0.148 0.746 0.105 
530 OmyJC18ROGR    (1)    2 :  0.629 0.189 0.182 
531 OmyJC18ROGR    (2)    2 :  0.224 0.668 0.108 
532 OmyJC18ROGR    (2)    2 :  0.334 0.600 0.066 
533 OmyJC18ROGR    (5)    2 :  0.098 0.067 0.836 
534 OmyJC18ROGR    (2)    2 :  0.338 0.396 0.266 
535 OmyJC18ROGR    (3)    2 :  0.543 0.282 0.175 
536 OmyJC18ROGR    (0)    2 :  0.243 0.468 0.289 
537 OmyJC18ROGR    (3)    2 :  0.277 0.303 0.420 
538 OmyJC18ROGR    (1)    2 :  0.407 0.473 0.120 
539 OmyJC18ROGR    (1)    2 :  0.523 0.302 0.175 
540 OmyJC18ROGR    (1)    2 :  0.244 0.609 0.147 
541 OmyJC18ROGR    (5)    2 :  0.569 0.384 0.047 
542 OmyJC18ROGR    (4)    2 :  0.330 0.388 0.281 
543 OmyJC18ROGR    (2)    2 :  0.627 0.308 0.065 
544 OmyJC18ROGR    (2)    2 :  0.611 0.206 0.183 
545 OmyJC18ROGR    (2)    2 :  0.311 0.216 0.473 
546 OmyJC18ROGR    (1)    2 :  0.533 0.330 0.137 
547 OmyJC18ROGR    (1)    2 :  0.539 0.292 0.169 
548 OmyJC18ROGR    (1)    2 :  0.093 0.133 0.773 
549 OmyJC18ROGR    (1)    2 :  0.312 0.236 0.452 
550 OmyJC18ROGR    (2)    2 :  0.192 0.365 0.443 
551 OmyJC18ROGR    (4)    2 :  0.169 0.547 0.284 
552 OmyJC18ROGR    (6)    2 :  0.060 0.832 0.108 
553 OmyJC18ROGR    (3)    2 :  0.821 0.091 0.088 
554 OmyJC18ROGR    (1)    2 :  0.684 0.250 0.066 
555 OmyJC18ROGR    (4)    2 :  0.603 0.287 0.111 
556 OmyJC18ROGR    (2)    2 :  0.385 0.383 0.232 
557 OmyJC18ROGR    (0)    2 :  0.363 0.515 0.122 
558 OmyJC18ROGR    (2)    2 :  0.542 0.297 0.161 
559 OmyJC18ROGR    (3)    2 :  0.200 0.355 0.445 
560 OmyJC18ROGR    (6)    2 :  0.599 0.307 0.094 
561 OmyJC18ROGR    (1)    2 :  0.092 0.591 0.317 
562 OmyJC18ROGR    (2)    2 :  0.659 0.190 0.150 
563 OmyJC18ROGR    (2)    2 :  0.345 0.215 0.440 
564 OmyJC18ROGR    (1)    2 :  0.223 0.269 0.508 
565 OmyJC18ROGR    (1)    2 :  0.125 0.717 0.159 
566 OmyJC18ROGR    (1)    2 :  0.250 0.656 0.094 
567 OmyJC18ROGR    (1)    2 :  0.136 0.739 0.125 
568 OmyJC18ROGR    (1)    2 :  0.255 0.659 0.086 
569 OmyJC18ROGR    (3)    2 :  0.285 0.581 0.134 
570 OmyJC18ROGR    (1)    2 :  0.410 0.189 0.401 
571 OmyJC18ROGR    (2)    2 :  0.174 0.199 0.627 
572 OmyJC18ROGR    (5)    2 :  0.616 0.106 0.278 
573 OmyJC18ROGR    (5)    2 :  0.332 0.331 0.338 
574 OmyJC18ROGR    (1)    2 :  0.140 0.527 0.332 
575 OmyJC18ROGR    (2)    2 :  0.500 0.395 0.106 
576 OmyJC18ROGR    (0)    2 :  0.757 0.170 0.073 
577 OmyJC18ROGR    (1)    2 :  0.185 0.363 0.452 
578 OmyJC18ROGR    (1)    2 :  0.072 0.855 0.073 
579 OmyJC18ROGR    (2)    2 :  0.572 0.244 0.185 
580 OmyJC18ROGR    (1)    2 :  0.617 0.325 0.058 
581 OmyJC18ROGR    (1)    2 :  0.593 0.143 0.264 
582 OmyJC18ROGR    (0)    2 :  0.154 0.606 0.240 
583 OmyJC18ROGR    (1)    2 :  0.491 0.340 0.170 
584 OmyJC18ROGR    (2)    2 :  0.284 0.270 0.446 
585 OmyJC18ROGR    (1)    2 :  0.059 0.564 0.377 
586 OmyJC18ROGR    (0)    2 :  0.155 0.193 0.652 
587 OmyJC18ROGR    (1)    2 :  0.472 0.423 0.105 
588 OmyJC18ROGR    (0)    2 :  0.198 0.206 0.596 
589 OmyJC18ROGR    (2)    2 :  0.806 0.088 0.106 
590 OmyJC18ROGR    (2)    2 :  0.435 0.253 0.312 
591 OmyJC18ROGR    (1)    2 :  0.243 0.222 0.535 
592 OmyJC18ROGR    (1)    2 :  0.474 0.382 0.143 
593 OmyJC18ROGR    (1)    2 :  0.115 0.505 0.380 
594 OmyJC18ROGR    (3)    2 :  0.271 0.601 0.128 
595 OmyJC18ROGR    (1)    2 :  0.284 0.483 0.234 
596 OmyJC18ROGR    (1)    2 :  0.261 0.487 0.252 
597 OmyJC18ROGR    (1)    2 :  0.150 0.629 0.222 
598 OmyJC18ROGR    (1)    2 :  0.148 0.188 0.665 
599 OmyJC18ROGR    (1)    2 :  0.567 0.240 0.192 
600 OmyJC18ROGR    (2)    2 :  0.633 0.238 0.129 
601 OmyJC18ROGR    (7)    2 :  0.735 0.213 0.053 
602 OmyJC18ROGR    (3)    2 :  0.151 0.622 0.227 
603 OmyJC18ROGR    (1)    2 :  0.511 0.347 0.142 
604 OmyJC18ROGR    (1)    2 :  0.410 0.435 0.156 
605 OmyJC18ROGR    (1)    2 :  0.588 0.304 0.108 
606 OmyJC18ROGR    (1)    2 :  0.121 0.330 0.549 
607 OmyJC18ROGR    (1)    2 :  0.380 0.469 0.151 
608 OmyJC18ROGR    (1)    2 :  0.573 0.282 0.146 
609 OmyJC18ROGR    (1)    2 :  0.770 0.094 0.136 
610 OmyJC18ROGR    (1)    2 :  0.421 0.251 0.328 
611 OmyJC18ROGR    (1)    2 :  0.520 0.312 0.168 
612 OmyJC18ROGR    (1)    2 :  0.207 0.515 0.278 
613 OmyJC18ROGR    (2)    2 :  0.206 0.154 0.639 
614 OmyJC18ROGR    (1)    2 :  0.548 0.081 0.371 
615 OmyJC18ROGR    (1)    2 :  0.230 0.654 0.117 
616 OmyJC18ROGR    (1)    2 :  0.211 0.666 0.123 
617 OmyJC18ROGR    (1)    2 :  0.558 0.347 0.095 
618 OmyJC18ROGR    (0)    2 :  0.127 0.558 0.315 
619 OmyJC18ROGR    (1)    2 :  0.114 0.664 0.223 
620 OmyJC18ROGR    (1)    2 :  0.272 0.306 0.422 
621 OmyJC18ROGR    (1)    2 :  0.429 0.226 0.345 
622 OmyJC18ROGR    (1)    2 :  0.511 0.443 0.046 
623 OmyJC18ROGR    (1)    2 :  0.173 0.379 0.449 
624 OmyJC18ROGR    (0)    2 :  0.343 0.444 0.213 
625 OmyJC18ROGR    (0)    2 :  0.087 0.777 0.135 
626 OmyJC18ROGR    (1)    2 :  0.325 0.593 0.082 
627 OmyJC18ROGR    (1)    2 :  0.202 0.704 0.094 
628 OmyJC18ROGR    (1)    2 :  0.136 0.290 0.574 
629 OmyJC18ROGR    (1)    2 :  0.039 0.069 0.892 
630 OmyJC18ROGR    (2)    2 :  0.113 0.672 0.215 
631 OmyJC18ROGR    (5)    2 :  0.458 0.123 0.419 
632 OmyJC18ROGR    (2)    2 :  0.308 0.498 0.194 
633 OmyJC18ROGR    (1)    2 :  0.086 0.502 0.411 
634 OmyJC18ROGR    (4)    2 :  0.515 0.424 0.062 
635 OmyJC18ROGR    (1)    2 :  0.064 0.878 0.058 
636 OmyJC18ROGR    (0)    2 :  0.284 0.532 0.183 
637 OmyJC18ROGR    (1)    2 :  0.813 0.092 0.095 
638 OmyJC18ROGR    (0)    2 :  0.102 0.603 0.295 
639 OmyJC18ROGR    (0)    2 :  0.616 0.219 0.165 
640 OmyJC18ROGR    (1)    2 :  0.317 0.403 0.281 
641 OmyJC18ROGR    (1)    2 :  0.353 0.412 0.234 
642 OmyJC18ROGR    (1)    2 :  0.261 0.233 0.506 
643 OmyJC18ROGR    (1)    2 :  0.086 0.862 0.053 
644 OmyJC18ROGR    (1)    2 :  0.135 0.778 0.087 
645 OmyJC18ROGR    (0)    2 :  0.195 0.423 0.381 
646 OmyAC19ROGR    (1)    3 :  0.300 0.511 0.189 
647 OmyJC18ROGR    (1)    2 :  0.211 0.555 0.234 
648 OmyAC19ROGR    (0)    3 :  0.268 0.662 0.070 
649 OmyAC19APPR    (1)    3 :  0.064 0.883 0.053 
650 OmyAC19APPR    (1)    3 :  0.093 0.724 0.183 
651 OmyJC18ROGR    (1)    2 :  0.340 0.526 0.133 
652 OmyAC19APPR    (0)    3 :  0.246 0.615 0.139 
653 OmyAC19CORH    (2)    4 :  0.636 0.255 0.109 
654 OmyJC18ROGR    (0)    2 :  0.193 0.719 0.088 
655 OmyAC19CORH    (1)    4 :  0.524 0.182 0.294 
656 OmyAC19CORH    (1)    4 :  0.775 0.126 0.099 
657 OmyAC19CORH    (1)    4 :  0.870 0.071 0.059 
658 OmyAC19CORH    (0)    4 :  0.805 0.065 0.130 
659 OmyAC19CORH    (0)    4 :  0.852 0.078 0.070 
660 OmyAC19ROGR    (3)    3 :  0.089 0.629 0.283 
661 OmyJC18ROGR    (1)    2 :  0.348 0.442 0.210 
662 OmyAC19ROGR    (1)    3 :  0.233 0.602 0.164 
663 OmyAC19ROGR    (1)    3 :  0.152 0.735 0.113 
664 OmyAC19APPR    (1)    3 :  0.321 0.472 0.208 
665 OmyAC19APPR    (1)    3 :  0.092 0.659 0.249 
666 OmyJC18ROGR    (0)    2 :  0.168 0.143 0.689 
667 OmyAC19APPR    (1)    3 :  0.099 0.760 0.141 
668 OmyAC19CORH    (1)    4 :  0.400 0.178 0.422 
669 OmyAC19CORH    (0)    4 :  0.829 0.076 0.095 
670 OmyAC19CORH    (1)    4 :  0.819 0.119 0.062 
671 OmyAC19CORH    (1)    4 :  0.622 0.227 0.151 
672 OmyAC19CORH    (1)    4 :  0.740 0.152 0.108 
673 OmyAC19CORH    (0)    4 :  0.566 0.319 0.115 
674 OmyAC19ROGR    (2)    3 :  0.270 0.623 0.106 
675 OmyAC19ROGR    (5)    3 :  0.255 0.577 0.169 
676 OmyAC19ROGR    (0)    3 :  0.483 0.454 0.064 
677 OmyAC19APPR    (3)    3 :  0.135 0.523 0.342 
678 OmyAC19APPR    (0)    3 :  0.232 0.612 0.156 
679 OmyJC18ROGR    (2)    2 :  0.256 0.347 0.397 
680 OmyAC19APPR    (0)    3 :  0.260 0.405 0.335 
681 OmyAC19CORH    (2)    4 :  0.636 0.136 0.228 
682 OmyJC18ROGR    (0)    2 :  0.589 0.173 0.238 
683 OmyAC19CORH    (2)    4 :  0.623 0.277 0.100 
684 OmyAC19CORH    (1)    4 :  0.707 0.060 0.234 
685 OmyAC19CORH    (1)    4 :  0.816 0.077 0.107 
686 OmyAC19CORH    (0)    4 :  0.880 0.063 0.057 
687 OmyAC19ROGR    (1)    3 :  0.227 0.585 0.188 
688 OmyAC19ROGR    (2)    3 :  0.200 0.716 0.084 
689 OmyAC19APPR    (1)    3 :  0.310 0.519 0.171 
690 OmyAC19APPR    (1)    3 :  0.150 0.690 0.161 
691 OmyJC18ROGR    (1)    2 :  0.650 0.168 0.181 
692 OmyAC19APPR    (0)    3 :  0.254 0.589 0.157 
693 OmyJC18ROGR    (0)    2 :  0.348 0.465 0.187 
694 OmyAC19CORH    (1)    4 :  0.519 0.363 0.118 
695 OmyAC19CORH    (0)    4 :  0.816 0.144 0.039 
696 OmyAC19CORH    (1)    4 :  0.614 0.124 0.263 
697 OmyAC19CORH    (0)    4 :  0.813 0.078 0.109 
698 OmyAC19CORH    (1)    4 :  0.749 0.127 0.125 
699 OmyAC19ROGR    (6)    3 :  0.348 0.429 0.223 
700 OmyJC18ROGR    (1)    2 :  0.192 0.304 0.505 
701 OmyAC19ROGR    (3)    3 :  0.312 0.542 0.146 
702 OmyAC19ROGR    (1)    3 :  0.215 0.688 0.098 
703 OmyAC19APPR    (3)    3 :  0.111 0.679 0.210 
704 OmyAC19APPR    (1)    3 :  0.130 0.728 0.142 
705 OmyJC18ROGR    (1)    2 :  0.155 0.572 0.273 
706 OmyAC19APPR    (0)    3 :  0.152 0.723 0.125 
707 OmyJC18ROGR    (1)    2 :  0.054 0.132 0.814 
708 OmyAC19CORH    (2)    4 :  0.866 0.086 0.048 
709 OmyJC18ROGR    (1)    2 :  0.119 0.066 0.815 
710 OmyAC19CORH    (1)    4 :  0.662 0.217 0.120 
711 OmyAC19CORH    (2)    4 :  0.751 0.125 0.124 
712 OmyAC19CORH    (1)    4 :  0.720 0.105 0.175 
713 OmyAC19CORH    (0)    4 :  0.861 0.073 0.066 
714 OmyAC19ROGR    (1)    3 :  0.590 0.209 0.201 
715 OmyJC18ROGR    (1)    2 :  0.418 0.491 0.091 
716 OmyAC19ROGR    (3)    3 :  0.120 0.780 0.100 
717 OmyAC19ROGR    (0)    3 :  0.298 0.517 0.185 
718 OmyAC19APPR    (4)    3 :  0.140 0.754 0.106 
719 OmyAC19APPR    (1)    3 :  0.331 0.449 0.220 
720 OmyJC18ROGR    (1)    2 :  0.264 0.452 0.284 
721 OmyJC18ROGR    (1)    2 :  0.366 0.389 0.246 
722 OmyAC19CORH    (1)    4 :  0.655 0.162 0.184 
723 OmyAC19CORH    (0)    4 :  0.797 0.068 0.135 
724 OmyAC19CORH    (0)    4 :  0.872 0.101 0.028 
725 OmyAC19CORH    (2)    4 :  0.842 0.090 0.068 
726 OmyAC19CORH    (1)    4 :  0.879 0.070 0.051 
727 OmyJC18ROGR    (2)    2 :  0.255 0.661 0.085 
728 OmyAC19ROGR    (3)    3 :  0.135 0.734 0.131 
729 OmyAC19ROGR    (1)    3 :  0.206 0.601 0.193 
730 OmyAC19APPR    (2)    3 :  0.428 0.378 0.193 
731 OmyAC19APPR    (1)    3 :  0.148 0.648 0.204 
732 OmyAC19CORH    (1)    4 :  0.561 0.135 0.305 
733 OmyAC19CORH    (1)    4 :  0.796 0.109 0.095 
734 OmyAC19CORH    (1)    4 :  0.844 0.087 0.069 
735 OmyAC19CORH    (2)    4 :  0.770 0.128 0.102 
736 OmyAC19CORH    (1)    4 :  0.879 0.084 0.037 
737 OmyJC18ROGR    (0)    2 :  0.339 0.103 0.557 
738 OmyAC19APPR    (0)    3 :  0.144 0.749 0.106 
739 OmyAC19APPR    (1)    3 :  0.400 0.509 0.090 
740 OmyAC19APPR    (1)    3 :  0.274 0.561 0.165 
741 OmyJC18ROGR    (1)    2 :  0.349 0.311 0.340 
742 OmyJC18ROGR    (1)    2 :  0.266 0.620 0.115 
743 OmyAC19CORH    (0)    4 :  0.727 0.175 0.097 
744 OmyAC19CORH    (0)    4 :  0.823 0.068 0.109 
745 OmyAC19CORH    (0)    4 :  0.899 0.069 0.033 
746 OmyAC19CORH    (0)    4 :  0.687 0.255 0.059 
747 OmyAC19CORH    (1)    4 :  0.835 0.092 0.072 
748 OmyJC19ROGR    (1)    2 :  0.157 0.216 0.627 
749 OmyJC19ROGR    (1)    2 :  0.141 0.287 0.572 
750 OmyJC19ROGR    (0)    2 :  0.719 0.129 0.152 
751 OmyJC19ROGR    (1)    2 :  0.100 0.064 0.836 
752 OmyJC19ROGR    (1)    2 :  0.733 0.157 0.109 
753 OmyJC19ROGR    (1)    2 :  0.125 0.648 0.227 
754 OmyJC19ROGR    (0)    2 :  0.635 0.168 0.197 
755 OmyJC19ROGR    (1)    2 :  0.091 0.669 0.240 
756 OmyJC19ROGR    (0)    2 :  0.075 0.066 0.859 
757 OmyJC19ROGR    (1)    2 :  0.217 0.084 0.698 
758 OmyJC19ROGR    (2)    2 :  0.061 0.101 0.838 
759 OmyJC19ROGR    (0)    2 :  0.128 0.714 0.158 
