

----------------------------------------------------
STRUCTURE by Pritchard, Stephens and Donnelly (2000)
     and Falush, Stephens and Pritchard (2003)
       Code by Pritchard, Falush and Hubisz
             Version 2.3.4 (Jul 2012)
----------------------------------------------------



Command line arguments:   bin/structure -m "/Users/ddayan/FRA/premature_migration/Rogue_Half-Pounder/rogue_half_pounder_repo/structure/halfpounder/10k_20k_adm_corr_rep2/mainparams" -e "/Users/ddayan/FRA/premature_migration/Rogue_Half-Pounder/rogue_half_pounder_repo/structure/halfpounder/10k_20k_adm_corr_rep2/extraparams" 
Input File:    /Users/ddayan/FRA/premature_migration/Rogue_Half-Pounder/rogue_half_pounder_repo/structure/halfpounder/project_data

Run parameters:
   882 individuals
   330 loci
   4 populations assumed
   10000 Burn-in period
   20000 Reps


--------------------------------------------
Proportion of membership of each pre-defined
 population in each of the 4 clusters

Given    Inferred Clusters              Number of
 Pop       1      2      3      4      Individuals

  1:     0.271  0.267  0.227  0.235      157
  2:     0.264  0.271  0.227  0.238      643
  3:     0.383  0.414  0.082  0.122       40
  4:     0.104  0.091  0.065  0.739       42
--------------------------------------------

Allele-freq. divergence among pops (Net nucleotide distance),
computed using point estimates of P.

      1       2       3       4      
 1      -    0.0002  0.0079  0.0031  
 2   0.0002     -    0.0079  0.0033  
 3   0.0079  0.0079     -    0.0103  
 4   0.0031  0.0033  0.0103     -    

Average distances (expected heterozygosity) between individuals in same cluster:
cluster  1  : 0.2874 
cluster  2  : 0.2869 
cluster  3  : 0.2555 
cluster  4  : 0.2808 

--------------------------------------------
Estimated Ln Prob of Data   = -247910.1
Mean value of ln likelihood = -246452.8
Variance of ln likelihood   = 2914.7
Mean value of alpha         = 0.2817

Mean value of Fst_1         = 0.0093
Mean value of Fst_2         = 0.0095
Mean value of Fst_3         = 0.0711
Mean value of Fst_4         = 0.0250


Inferred ancestry of individuals:
        Label (%Miss) Pop:  Inferred clusters
  1 OmyAC19ROGR    (0)    1 :  0.199 0.358 0.026 0.416 
  2 OmyAC19ROGR    (1)    1 :  0.216 0.309 0.128 0.348 
  3 OmyAC19ROGR    (1)    1 :  0.250 0.385 0.093 0.273 
  4 OmyAC19ROGR    (1)    1 :  0.253 0.519 0.038 0.190 
  5 OmyAC19ROGR    (2)    1 :  0.027 0.022 0.934 0.018 
  6 OmyAC19ROGR    (1)    1 :  0.167 0.450 0.292 0.091 
  7 OmyAC19ROGR    (1)    1 :  0.330 0.215 0.262 0.193 
  8 OmyAC19ROGR    (0)    1 :  0.526 0.199 0.028 0.247 
  9 OmyAC19ROGR    (1)    1 :  0.156 0.351 0.249 0.244 
 10 OmyAC19ROGR    (1)    1 :  0.203 0.107 0.542 0.148 
 11 OmyAC19ROGR    (0)    1 :  0.193 0.431 0.159 0.218 
 12 OmyAC19ROGR    (0)    1 :  0.275 0.481 0.153 0.091 
 13 OmyAC19ROGR    (1)    1 :  0.505 0.181 0.049 0.266 
 14 OmyAC19ROGR    (1)    1 :  0.238 0.216 0.508 0.038 
 15 OmyAC19ROGR    (2)    1 :  0.276 0.193 0.475 0.056 
 16 OmyAC19ROGR    (1)    1 :  0.394 0.236 0.156 0.214 
 17 OmyAC19ROGR    (1)    1 :  0.446 0.380 0.138 0.036 
 18 OmyAC19ROGR    (2)    1 :  0.389 0.187 0.040 0.384 
 19 OmyAC19ROGR    (1)    1 :  0.477 0.220 0.089 0.214 
 20 OmyAC19ROGR    (1)    1 :  0.387 0.319 0.253 0.041 
 21 OmyAC19ROGR    (1)    1 :  0.389 0.200 0.265 0.146 
 22 OmyAC19ROGR    (1)    1 :  0.209 0.202 0.100 0.489 
 23 OmyAC19ROGR    (1)    1 :  0.222 0.390 0.237 0.151 
 24 OmyAC19ROGR    (1)    1 :  0.072 0.074 0.029 0.825 
 25 OmyAC19ROGR    (1)    1 :  0.371 0.227 0.278 0.125 
 26 OmyAC19ROGR    (1)    1 :  0.189 0.255 0.160 0.396 
 27 OmyAC19ROGR    (1)    1 :  0.394 0.449 0.079 0.078 
 28 OmyAC19ROGR    (1)    1 :  0.043 0.044 0.038 0.875 
 29 OmyAC19ROGR    (1)    1 :  0.349 0.334 0.084 0.233 
 30 OmyAC19ROGR    (1)    1 :  0.101 0.112 0.693 0.094 
 31 OmyAC19ROGR    (1)    1 :  0.368 0.316 0.060 0.255 
 32 OmyAC19ROGR    (1)    1 :  0.376 0.190 0.159 0.275 
 33 OmyAC19ROGR    (1)    1 :  0.184 0.224 0.172 0.420 
 34 OmyAC19ROGR    (1)    1 :  0.215 0.114 0.603 0.068 
 35 OmyAC19ROGR    (0)    1 :  0.343 0.162 0.137 0.358 
 36 OmyAC19ROGR    (1)    1 :  0.234 0.404 0.251 0.111 
 37 OmyAC19ROGR    (1)    1 :  0.135 0.177 0.157 0.531 
 38 OmyAC19ROGR    (1)    1 :  0.066 0.052 0.520 0.362 
 39 OmyAC19ROGR    (1)    1 :  0.469 0.220 0.218 0.093 
 40 OmyAC19ROGR    (0)    1 :  0.261 0.352 0.327 0.060 
 41 OmyAC19ROGR    (1)    1 :  0.382 0.409 0.053 0.156 
 42 OmyAC19ROGR    (1)    1 :  0.078 0.083 0.806 0.032 
 43 OmyAC19ROGR    (1)    1 :  0.341 0.338 0.069 0.252 
 44 OmyAC19ROGR    (7)    1 :  0.239 0.540 0.065 0.156 
 45 OmyAC19ROGR    (2)    1 :  0.118 0.167 0.368 0.347 
 46 OmyAC19ROGR    (1)    1 :  0.224 0.248 0.084 0.444 
 47 OmyAC19ROGR    (0)    1 :  0.073 0.100 0.092 0.735 
 48 OmyAC19ROGR    (1)    1 :  0.399 0.324 0.068 0.209 
 49 OmyAC19ROGR    (0)    1 :  0.212 0.311 0.058 0.419 
 50 OmyAC19ROGR    (1)    1 :  0.619 0.294 0.041 0.047 
 51 OmyAC19ROGR    (2)    1 :  0.084 0.107 0.735 0.075 
 52 OmyAC19ROGR    (1)    1 :  0.039 0.042 0.870 0.049 
 53 OmyAC19ROGR    (2)    1 :  0.105 0.119 0.047 0.729 
 54 OmyAC19ROGR    (1)    1 :  0.157 0.151 0.100 0.591 
 55 OmyAC19ROGR    (3)    1 :  0.476 0.261 0.155 0.108 
 56 OmyAC19ROGR    (1)    1 :  0.138 0.166 0.120 0.576 
 57 OmyAC19ROGR    (0)    1 :  0.142 0.136 0.039 0.683 
 58 OmyAC19ROGR    (1)    1 :  0.080 0.102 0.750 0.067 
 59 OmyAC19ROGR    (0)    1 :  0.217 0.151 0.043 0.590 
 60 OmyAC19ROGR    (2)    1 :  0.290 0.408 0.174 0.128 
 61 OmyAC19ROGR    (1)    1 :  0.181 0.179 0.095 0.545 
 62 OmyAC19ROGR    (1)    1 :  0.329 0.454 0.071 0.146 
 63 OmyAC19ROGR    (0)    1 :  0.109 0.162 0.278 0.451 
 64 OmyAC19ROGR    (3)    1 :  0.330 0.413 0.097 0.161 
 65 OmyAC19ROGR    (1)    1 :  0.443 0.273 0.096 0.188 
 66 OmyAC19ROGR    (4)    1 :  0.366 0.213 0.362 0.060 
 67 OmyAC19ROGR    (0)    1 :  0.271 0.213 0.053 0.462 
 68 OmyAC19ROGR    (2)    1 :  0.158 0.184 0.074 0.584 
 69 OmyAC19ROGR    (2)    1 :  0.108 0.079 0.274 0.540 
 70 OmyAC19ROGR    (1)    1 :  0.331 0.281 0.055 0.333 
 71 OmyAC19ROGR    (0)    1 :  0.511 0.285 0.055 0.149 
 72 OmyAC19ROGR    (5)    1 :  0.368 0.413 0.039 0.180 
 73 OmyAC19ROGR    (1)    1 :  0.134 0.103 0.348 0.415 
 74 OmyAC19ROGR    (1)    1 :  0.217 0.679 0.050 0.054 
 75 OmyAC19ROGR    (1)    1 :  0.309 0.156 0.155 0.381 
 76 OmyAC19ROGR    (1)    1 :  0.086 0.116 0.063 0.734 
 77 OmyAC19ROGR    (1)    1 :  0.030 0.029 0.917 0.024 
 78 OmyAC19ROGR    (1)    1 :  0.433 0.324 0.066 0.176 
 79 OmyAC19ROGR    (2)    1 :  0.407 0.199 0.088 0.305 
 80 OmyAC19ROGR    (2)    1 :  0.067 0.085 0.751 0.098 
 81 OmyAC19ROGR    (2)    1 :  0.154 0.207 0.497 0.143 
 82 OmyAC19ROGR    (1)    1 :  0.132 0.193 0.028 0.648 
 83 OmyAC19ROGR    (0)    1 :  0.303 0.180 0.067 0.450 
 84 OmyAC19ROGR    (1)    1 :  0.273 0.381 0.250 0.096 
 85 OmyAC19ROGR    (6)    1 :  0.401 0.316 0.050 0.234 
 86 OmyAC19ROGR    (1)    1 :  0.355 0.496 0.106 0.043 
 87 OmyAC19ROGR    (2)    1 :  0.190 0.350 0.054 0.405 
 88 OmyJC19ROGR    (0)    2 :  0.057 0.046 0.866 0.031 
 89 OmyJC19ROGR    (1)    2 :  0.435 0.350 0.104 0.111 
 90 OmyJC19ROGR    (1)    2 :  0.036 0.042 0.891 0.031 
 91 OmyJC19ROGR    (2)    2 :  0.251 0.322 0.021 0.405 
 92 OmyJC19ROGR    (1)    2 :  0.144 0.124 0.075 0.657 
 93 OmyJC19ROGR    (1)    2 :  0.071 0.079 0.025 0.825 
 94 OmyJC19ROGR    (1)    2 :  0.355 0.325 0.263 0.057 
 95 OmyJC19ROGR    (0)    2 :  0.342 0.326 0.274 0.058 
 96 OmyJC19ROGR    (2)    2 :  0.449 0.288 0.131 0.132 
 97 OmyJC19ROGR    (1)    2 :  0.044 0.049 0.145 0.762 
 98 OmyJC19ROGR    (0)    2 :  0.341 0.425 0.066 0.167 
 99 OmyJC19ROGR    (0)    2 :  0.165 0.125 0.152 0.558 
100 OmyJC19ROGR    (1)    2 :  0.428 0.361 0.060 0.151 
101 OmyJC19ROGR    (1)    2 :  0.128 0.106 0.563 0.203 
102 OmyJC19ROGR    (1)    2 :  0.500 0.341 0.100 0.059 
103 OmyJC19ROGR    (2)    2 :  0.225 0.243 0.263 0.270 
104 OmyJC19ROGR    (1)    2 :  0.178 0.142 0.057 0.624 
105 OmyJC19ROGR    (1)    2 :  0.065 0.123 0.252 0.560 
106 OmyJC19ROGR    (1)    2 :  0.023 0.024 0.899 0.054 
107 OmyJC19ROGR    (2)    2 :  0.389 0.308 0.146 0.158 
108 OmyJC19ROGR    (0)    2 :  0.244 0.271 0.090 0.395 
109 OmyJC19ROGR    (1)    2 :  0.266 0.391 0.296 0.046 
110 OmyJC19ROGR    (1)    2 :  0.125 0.099 0.249 0.528 
111 OmyJC19ROGR    (1)    2 :  0.183 0.149 0.102 0.565 
112 OmyJC19ROGR    (2)    2 :  0.370 0.408 0.150 0.071 
113 OmyJC19ROGR    (1)    2 :  0.164 0.170 0.590 0.075 
114 OmyJC19ROGR    (3)    2 :  0.532 0.234 0.071 0.163 
115 OmyJC19ROGR    (2)    2 :  0.144 0.300 0.076 0.481 
116 OmyJC19ROGR    (0)    2 :  0.443 0.291 0.149 0.117 
117 OmyJC19ROGR    (1)    2 :  0.281 0.333 0.290 0.097 
118 OmyJC19ROGR    (1)    2 :  0.386 0.263 0.048 0.302 
119 OmyJC19ROGR    (3)    2 :  0.468 0.356 0.092 0.084 
120 OmyJC19ROGR    (1)    2 :  0.069 0.076 0.024 0.832 
121 OmyJC19ROGR    (0)    2 :  0.414 0.456 0.064 0.066 
122 OmyJC19ROGR    (1)    2 :  0.378 0.264 0.089 0.269 
123 OmyJC19ROGR    (1)    2 :  0.412 0.268 0.031 0.289 
124 OmyJC19ROGR    (0)    2 :  0.259 0.521 0.155 0.064 
125 OmyJC19ROGR    (1)    2 :  0.138 0.132 0.135 0.595 
126 OmyJC19ROGR    (1)    2 :  0.113 0.143 0.676 0.068 
127 OmyJC19ROGR    (1)    2 :  0.526 0.289 0.088 0.097 
128 OmyJC19ROGR    (1)    2 :  0.082 0.072 0.050 0.796 
129 OmyJC19ROGR    (1)    2 :  0.300 0.160 0.342 0.198 
130 OmyJC19ROGR    (1)    2 :  0.302 0.572 0.080 0.046 
131 OmyJC19ROGR    (1)    2 :  0.293 0.302 0.128 0.277 
132 OmyJC19ROGR    (1)    2 :  0.164 0.173 0.071 0.591 
133 OmyJC19ROGR    (1)    2 :  0.369 0.465 0.046 0.120 
134 OmyJC19ROGR    (1)    2 :  0.417 0.342 0.112 0.130 
135 OmyJC19ROGR    (1)    2 :  0.034 0.034 0.027 0.905 
136 OmyJC19ROGR    (3)    2 :  0.482 0.317 0.053 0.148 
137 OmyJC19ROGR    (1)    2 :  0.269 0.372 0.288 0.071 
138 OmyJC19ROGR    (1)    2 :  0.122 0.142 0.699 0.037 
139 OmyJC19ROGR    (2)    2 :  0.476 0.366 0.040 0.118 
140 OmyJC19ROGR    (3)    2 :  0.503 0.249 0.151 0.098 
141 OmyJC19ROGR    (0)    2 :  0.242 0.139 0.437 0.183 
142 OmyJC19ROGR    (1)    2 :  0.209 0.153 0.380 0.258 
143 OmyJC19ROGR    (0)    2 :  0.091 0.118 0.096 0.695 
144 OmyJC19ROGR    (1)    2 :  0.495 0.384 0.024 0.097 
145 OmyJC19ROGR    (1)    2 :  0.284 0.607 0.041 0.068 
146 OmyJC19ROGR    (2)    2 :  0.147 0.124 0.091 0.639 
147 OmyJC19ROGR    (1)    2 :  0.407 0.347 0.074 0.171 
148 OmyJC19ROGR    (1)    2 :  0.315 0.389 0.029 0.266 
149 OmyJC19ROGR    (2)    2 :  0.237 0.215 0.110 0.439 
150 OmyJC19ROGR    (2)    2 :  0.191 0.138 0.085 0.586 
151 OmyJC19ROGR    (1)    2 :  0.460 0.184 0.139 0.217 
152 OmyJC19ROGR    (0)    2 :  0.217 0.538 0.089 0.156 
153 OmyJC19ROGR    (1)    2 :  0.051 0.042 0.046 0.861 
154 OmyJC19ROGR    (2)    2 :  0.330 0.505 0.089 0.075 
155 OmyJC19ROGR    (1)    2 :  0.265 0.317 0.133 0.286 
156 OmyJC19ROGR    (1)    2 :  0.388 0.247 0.154 0.211 
157 OmyJC19ROGR    (0)    2 :  0.229 0.375 0.097 0.299 
158 OmyJC19ROGR    (2)    2 :  0.400 0.321 0.032 0.247 
159 OmyJC19ROGR    (1)    2 :  0.422 0.464 0.061 0.052 
160 OmyJC19ROGR    (0)    2 :  0.362 0.226 0.082 0.330 
161 OmyJC19ROGR    (1)    2 :  0.261 0.169 0.061 0.509 
162 OmyJC19ROGR    (1)    2 :  0.318 0.273 0.105 0.305 
163 OmyJC19ROGR    (1)    2 :  0.138 0.151 0.061 0.650 
164 OmyJC19ROGR    (1)    2 :  0.420 0.442 0.037 0.101 
165 OmyJC19ROGR    (0)    2 :  0.292 0.396 0.033 0.279 
166 OmyJC19ROGR    (0)    2 :  0.273 0.568 0.077 0.083 
167 OmyJC19ROGR    (2)    2 :  0.247 0.234 0.143 0.376 
168 OmyJC19ROGR    (0)    2 :  0.435 0.346 0.093 0.125 
169 OmyJC19ROGR    (1)    2 :  0.030 0.032 0.919 0.020 
170 OmyJC19ROGR    (1)    2 :  0.084 0.113 0.074 0.729 
171 OmyJC19ROGR    (1)    2 :  0.407 0.414 0.050 0.130 
172 OmyJC19ROGR    (0)    2 :  0.135 0.077 0.446 0.342 
173 OmyJC19ROGR    (1)    2 :  0.031 0.030 0.906 0.033 
174 OmyJC19ROGR    (0)    2 :  0.265 0.547 0.050 0.138 
175 OmyJC19ROGR    (1)    2 :  0.373 0.461 0.047 0.119 
176 OmyJC19ROGR    (1)    2 :  0.184 0.106 0.063 0.646 
177 OmyJC19ROGR    (1)    2 :  0.065 0.091 0.021 0.824 
178 OmyJC19ROGR    (0)    2 :  0.380 0.528 0.056 0.036 
179 OmyJC19ROGR    (1)    2 :  0.232 0.179 0.035 0.555 
180 OmyJC19ROGR    (1)    2 :  0.053 0.046 0.821 0.080 
181 OmyJC19ROGR    (1)    2 :  0.383 0.440 0.062 0.114 
182 OmyJC19ROGR    (1)    2 :  0.461 0.222 0.229 0.089 
183 OmyJC19ROGR    (1)    2 :  0.438 0.372 0.058 0.132 
184 OmyJC19ROGR    (1)    2 :  0.142 0.140 0.570 0.148 
185 OmyJC19ROGR    (2)    2 :  0.500 0.356 0.020 0.125 
186 OmyJC19ROGR    (1)    2 :  0.127 0.136 0.139 0.598 
187 OmyJC19ROGR    (0)    2 :  0.216 0.672 0.040 0.071 
188 OmyJC19ROGR    (1)    2 :  0.331 0.380 0.096 0.194 
189 OmyJC19ROGR    (0)    2 :  0.225 0.161 0.210 0.404 
190 OmyJC19ROGR    (0)    2 :  0.107 0.114 0.069 0.710 
191 OmyJC19ROGR    (2)    2 :  0.093 0.191 0.057 0.659 
192 OmyJC19ROGR    (1)    2 :  0.549 0.355 0.054 0.042 
193 OmyJC19ROGR    (1)    2 :  0.347 0.314 0.165 0.175 
194 OmyJC19ROGR    (0)    2 :  0.579 0.331 0.026 0.065 
195 OmyJC19ROGR    (1)    2 :  0.078 0.077 0.811 0.034 
196 OmyJC19ROGR    (1)    2 :  0.273 0.642 0.041 0.044 
197 OmyJC19ROGR    (1)    2 :  0.233 0.167 0.088 0.512 
198 OmyJC19ROGR    (1)    2 :  0.079 0.073 0.789 0.059 
199 OmyJC19ROGR    (0)    2 :  0.461 0.396 0.050 0.093 
200 OmyJC19ROGR    (0)    2 :  0.111 0.120 0.068 0.700 
201 OmyJC19ROGR    (1)    2 :  0.338 0.499 0.041 0.123 
202 OmyJC19ROGR    (0)    2 :  0.080 0.082 0.020 0.818 
203 OmyJC19ROGR    (0)    2 :  0.338 0.409 0.056 0.197 
204 OmyJC19ROGR    (1)    2 :  0.441 0.270 0.089 0.200 
205 OmyJC19ROGR    (1)    2 :  0.256 0.470 0.136 0.137 
206 OmyJC19ROGR    (1)    2 :  0.054 0.055 0.838 0.053 
207 OmyJC19ROGR    (1)    2 :  0.207 0.400 0.283 0.110 
208 OmyJC19ROGR    (1)    2 :  0.502 0.356 0.061 0.080 
209 OmyJC19ROGR    (0)    2 :  0.106 0.114 0.574 0.207 
210 OmyJC19ROGR    (1)    2 :  0.034 0.033 0.909 0.024 
211 OmyJC19ROGR    (0)    2 :  0.333 0.324 0.209 0.134 
212 OmyJC19ROGR    (1)    2 :  0.145 0.123 0.275 0.456 
213 OmyJC19ROGR    (1)    2 :  0.390 0.419 0.043 0.148 
214 OmyJC19ROGR    (1)    2 :  0.232 0.613 0.079 0.076 
215 OmyJC19ROGR    (1)    2 :  0.566 0.276 0.044 0.114 
216 OmyJC19ROGR    (1)    2 :  0.055 0.078 0.834 0.034 
217 OmyJC19ROGR    (1)    2 :  0.238 0.217 0.438 0.106 
218 OmyJC19ROGR    (1)    2 :  0.135 0.223 0.045 0.598 
219 OmyJC19ROGR    (1)    2 :  0.478 0.320 0.155 0.047 
220 OmyJC19ROGR    (1)    2 :  0.364 0.404 0.019 0.212 
221 OmyJC19ROGR    (0)    2 :  0.194 0.418 0.301 0.087 
222 OmyJC19ROGR    (1)    2 :  0.358 0.261 0.056 0.325 
223 OmyJC19ROGR    (0)    2 :  0.286 0.492 0.093 0.129 
224 OmyJC19ROGR    (1)    2 :  0.494 0.357 0.039 0.110 
225 OmyJC19ROGR    (1)    2 :  0.025 0.022 0.928 0.025 
226 OmyJC19ROGR    (0)    2 :  0.316 0.355 0.267 0.062 
227 OmyJC19ROGR    (1)    2 :  0.039 0.034 0.877 0.050 
228 OmyJC19ROGR    (1)    2 :  0.435 0.451 0.063 0.051 
229 OmyJC19ROGR    (2)    2 :  0.275 0.449 0.050 0.227 
230 OmyJC19ROGR    (1)    2 :  0.177 0.305 0.251 0.267 
231 OmyJC19ROGR    (1)    2 :  0.283 0.558 0.088 0.071 
232 OmyJC19ROGR    (2)    2 :  0.325 0.362 0.068 0.244 
233 OmyJC19ROGR    (1)    2 :  0.266 0.479 0.133 0.122 
234 OmyJC19ROGR    (1)    2 :  0.034 0.034 0.899 0.033 
235 OmyJC19ROGR    (0)    2 :  0.161 0.140 0.567 0.132 
236 OmyJC19ROGR    (1)    2 :  0.310 0.318 0.048 0.324 
237 OmyJC19ROGR    (1)    2 :  0.388 0.277 0.121 0.213 
238 OmyJC19ROGR    (0)    2 :  0.282 0.464 0.173 0.080 
239 OmyJC19ROGR    (1)    2 :  0.567 0.227 0.127 0.079 
240 OmyJC19ROGR    (1)    2 :  0.306 0.522 0.064 0.107 
241 OmyJC19ROGR    (0)    2 :  0.173 0.113 0.116 0.599 
242 OmyJC19ROGR    (1)    2 :  0.541 0.183 0.031 0.245 
243 OmyJC19ROGR    (1)    2 :  0.196 0.216 0.075 0.512 
244 OmyJC19ROGR    (1)    2 :  0.208 0.314 0.093 0.384 
245 OmyJC19ROGR    (0)    2 :  0.021 0.026 0.930 0.023 
246 OmyJC19ROGR    (1)    2 :  0.102 0.092 0.217 0.589 
247 OmyJC19ROGR    (0)    2 :  0.128 0.156 0.537 0.178 
248 OmyJC19ROGR    (1)    2 :  0.141 0.154 0.594 0.112 
249 OmyJC19ROGR    (1)    2 :  0.263 0.557 0.098 0.082 
250 OmyJC19ROGR    (0)    2 :  0.394 0.241 0.165 0.200 
251 OmyJC19ROGR    (1)    2 :  0.269 0.533 0.085 0.113 
252 OmyJC19ROGR    (0)    2 :  0.068 0.067 0.058 0.807 
253 OmyJC19ROGR    (0)    2 :  0.562 0.229 0.112 0.097 
254 OmyJC19ROGR    (1)    2 :  0.203 0.217 0.090 0.491 
255 OmyJC19ROGR    (1)    2 :  0.135 0.220 0.045 0.600 
256 OmyJC19ROGR    (1)    2 :  0.099 0.135 0.367 0.399 
257 OmyJC19ROGR    (0)    2 :  0.272 0.498 0.121 0.109 
258 OmyAC19ROGR    (1)    1 :  0.256 0.218 0.305 0.221 
259 OmyAC19ROGR    (2)    1 :  0.175 0.150 0.549 0.126 
260 OmyAC19ROGR    (1)    1 :  0.583 0.234 0.036 0.147 
261 OmyAC19ROGR    (0)    1 :  0.319 0.515 0.091 0.074 
262 OmyAC19ROGR    (1)    1 :  0.340 0.273 0.175 0.212 
263 OmyAC19ROGR    (0)    1 :  0.162 0.199 0.059 0.580 
264 OmyAC19ROGR    (1)    1 :  0.298 0.465 0.112 0.125 
265 OmyAC19ROGR    (1)    1 :  0.215 0.560 0.068 0.157 
266 OmyAC19ROGR    (1)    1 :  0.229 0.670 0.024 0.077 
267 OmyAC19ROGR    (1)    1 :  0.325 0.268 0.229 0.177 
268 OmyAC19ROGR    (2)    1 :  0.167 0.165 0.194 0.474 
269 OmyAC19ROGR    (1)    1 :  0.496 0.183 0.214 0.106 
270 OmyAC19ROGR    (1)    1 :  0.131 0.278 0.051 0.540 
271 OmyAC19ROGR    (1)    1 :  0.242 0.209 0.432 0.118 
272 OmyAC19ROGR    (0)    1 :  0.392 0.303 0.243 0.062 
273 OmyAC19ROGR    (0)    1 :  0.488 0.213 0.067 0.232 
274 OmyAC19ROGR    (1)    1 :  0.073 0.087 0.793 0.047 
275 OmyAC19ROGR    (1)    1 :  0.357 0.195 0.174 0.274 
276 OmyAC19ROGR    (1)    1 :  0.505 0.306 0.090 0.099 
277 OmyAC19ROGR    (1)    1 :  0.443 0.371 0.120 0.066 
278 OmyAC19ROGR    (1)    1 :  0.228 0.330 0.364 0.079 
279 OmyAC19ROGR    (0)    1 :  0.501 0.205 0.233 0.061 
280 OmyAC19ROGR    (1)    1 :  0.130 0.300 0.175 0.395 
281 OmyAC19ROGR    (1)    1 :  0.435 0.382 0.077 0.106 
282 OmyAC19ROGR    (1)    1 :  0.266 0.259 0.282 0.193 
283 OmyAC19ROGR    (1)    1 :  0.434 0.375 0.091 0.100 
284 OmyAC19ROGR    (0)    1 :  0.324 0.415 0.042 0.220 
285 OmyAC19ROGR    (1)    1 :  0.333 0.224 0.077 0.366 
286 OmyAC19ROGR    (1)    1 :  0.373 0.370 0.037 0.220 
287 OmyAC19ROGR    (1)    1 :  0.018 0.019 0.950 0.014 
288 OmyAC19ROGR    (1)    1 :  0.079 0.085 0.774 0.062 
289 OmyAC19ROGR    (1)    1 :  0.522 0.242 0.158 0.078 
290 OmyAC19ROGR    (1)    1 :  0.024 0.028 0.918 0.030 
291 OmyAC19ROGR    (1)    1 :  0.127 0.143 0.438 0.292 
292 OmyAC19ROGR    (1)    1 :  0.325 0.280 0.295 0.099 
293 OmyAC19ROGR    (1)    1 :  0.132 0.131 0.055 0.682 
294 OmyAC19ROGR    (1)    1 :  0.299 0.371 0.262 0.068 
295 OmyAC19ROGR    (0)    1 :  0.473 0.285 0.041 0.201 
296 OmyAC19ROGR    (0)    1 :  0.474 0.319 0.051 0.157 
297 OmyAC19ROGR    (1)    1 :  0.079 0.085 0.799 0.037 
298 OmyAC19ROGR    (0)    1 :  0.375 0.524 0.039 0.061 
299 OmyAC19ROGR    (1)    1 :  0.190 0.212 0.275 0.323 
300 OmyAC19ROGR    (1)    1 :  0.344 0.465 0.061 0.130 
301 OmyAC19ROGR    (0)    1 :  0.044 0.049 0.873 0.033 
302 OmyAC19ROGR    (1)    1 :  0.201 0.266 0.466 0.067 
303 OmyAC19ROGR    (1)    1 :  0.513 0.198 0.200 0.089 
304 OmyAC19ROGR    (1)    1 :  0.474 0.233 0.189 0.104 
305 OmyAC19ROGR    (1)    1 :  0.436 0.375 0.054 0.136 
306 OmyAC19ROGR    (1)    1 :  0.118 0.176 0.679 0.028 
307 OmyAC19ROGR    (2)    1 :  0.256 0.398 0.031 0.315 
308 OmyAC19ROGR    (0)    1 :  0.352 0.406 0.157 0.086 
309 OmyAC19ROGR    (2)    1 :  0.030 0.029 0.907 0.035 
310 OmyAC19ROGR    (0)    1 :  0.184 0.213 0.502 0.101 
311 OmyAC19ROGR    (0)    1 :  0.256 0.120 0.554 0.069 
312 OmyAC19ROGR    (0)    1 :  0.160 0.147 0.062 0.632 
313 OmyAC19ROGR    (1)    1 :  0.270 0.515 0.032 0.183 
314 OmyAC19ROGR    (0)    1 :  0.130 0.131 0.068 0.670 
315 OmyAC19ROGR    (1)    1 :  0.301 0.431 0.104 0.164 
316 OmyAC19ROGR    (1)    1 :  0.311 0.527 0.052 0.109 
317 OmyAC19ROGR    (1)    1 :  0.376 0.157 0.070 0.397 
318 OmyAC19ROGR    (1)    1 :  0.218 0.192 0.052 0.538 
319 OmyAC19ROGR    (1)    1 :  0.518 0.252 0.029 0.201 
320 OmyAC19ROGR    (0)    1 :  0.301 0.547 0.024 0.128 
321 OmyAC19ROGR    (1)    1 :  0.379 0.461 0.044 0.116 
322 OmyAC19ROGR    (0)    1 :  0.306 0.205 0.394 0.096 
323 OmyAC19ROGR    (1)    1 :  0.381 0.534 0.040 0.045 
324 OmyAC19ROGR    (1)    1 :  0.249 0.481 0.045 0.225 
325 OmyAC19ROGR    (1)    1 :  0.200 0.264 0.467 0.069 
326 OmyAC19ROGR    (1)    1 :  0.296 0.549 0.082 0.072 
327 OmyAC19ROGR    (1)    1 :  0.276 0.474 0.058 0.193 
328 OmyJC18ROGR    (1)    2 :  0.133 0.164 0.061 0.642 
329 OmyJC18ROGR    (0)    2 :  0.341 0.451 0.105 0.103 
330 OmyJC18ROGR    (0)    2 :  0.242 0.626 0.092 0.039 
331 OmyJC18ROGR    (1)    2 :  0.120 0.129 0.653 0.097 
332 OmyJC18ROGR    (1)    2 :  0.104 0.075 0.742 0.079 
333 OmyJC18ROGR    (1)    2 :  0.068 0.058 0.834 0.040 
334 OmyJC18ROGR    (1)    2 :  0.222 0.287 0.241 0.250 
335 OmyJC18ROGR    (0)    2 :  0.212 0.217 0.034 0.537 
336 OmyJC18ROGR    (1)    2 :  0.042 0.054 0.870 0.034 
337 OmyJC18ROGR    (1)    2 :  0.592 0.280 0.062 0.067 
338 OmyJC18ROGR    (1)    2 :  0.054 0.054 0.864 0.028 
339 OmyJC18ROGR    (1)    2 :  0.459 0.389 0.080 0.073 
340 OmyJC18ROGR    (0)    2 :  0.166 0.147 0.176 0.511 
341 OmyJC18ROGR    (1)    2 :  0.374 0.273 0.027 0.325 
342 OmyJC18ROGR    (2)    2 :  0.260 0.184 0.448 0.108 
343 OmyJC18ROGR    (2)    2 :  0.165 0.160 0.370 0.305 
344 OmyJC18ROGR    (3)    2 :  0.213 0.127 0.489 0.171 
345 OmyJC18ROGR    (2)    2 :  0.096 0.110 0.686 0.108 
346 OmyJC18ROGR    (4)    2 :  0.229 0.701 0.035 0.035 
347 OmyJC18ROGR    (3)    2 :  0.536 0.331 0.070 0.062 
348 OmyJC18ROGR    (1)    2 :  0.302 0.339 0.249 0.110 
349 OmyJC18ROGR    (1)    2 :  0.458 0.413 0.051 0.077 
350 OmyJC18ROGR    (1)    2 :  0.431 0.451 0.067 0.052 
351 OmyJC18ROGR    (0)    2 :  0.119 0.091 0.740 0.049 
352 OmyJC18ROGR    (4)    2 :  0.174 0.241 0.480 0.105 
353 OmyJC18ROGR    (2)    2 :  0.228 0.301 0.240 0.231 
354 OmyJC18ROGR    (1)    2 :  0.402 0.389 0.127 0.082 
355 OmyJC18ROGR    (2)    2 :  0.328 0.521 0.049 0.101 
356 OmyJC18ROGR    (1)    2 :  0.204 0.250 0.056 0.490 
357 OmyJC18ROGR    (2)    2 :  0.068 0.046 0.657 0.230 
358 OmyJC18ROGR    (2)    2 :  0.345 0.175 0.030 0.450 
359 OmyJC18ROGR    (3)    2 :  0.539 0.205 0.125 0.131 
360 OmyJC18ROGR    (0)    2 :  0.218 0.219 0.071 0.492 
361 OmyJC18ROGR    (1)    2 :  0.280 0.600 0.029 0.091 
362 OmyJC18ROGR    (1)    2 :  0.248 0.407 0.234 0.111 
363 OmyJC18ROGR    (2)    2 :  0.198 0.217 0.311 0.274 
364 OmyJC18ROGR    (3)    2 :  0.565 0.318 0.031 0.086 
365 OmyJC18ROGR    (4)    2 :  0.460 0.425 0.056 0.060 
366 OmyJC18ROGR    (4)    2 :  0.257 0.244 0.061 0.437 
367 OmyJC18ROGR    (3)    2 :  0.075 0.103 0.778 0.044 
368 OmyJC18ROGR    (3)    2 :  0.278 0.220 0.410 0.092 
369 OmyJC18ROGR    (2)    2 :  0.206 0.232 0.114 0.448 
370 OmyJC18ROGR    (3)    2 :  0.288 0.490 0.095 0.128 
371 OmyJC18ROGR    (1)    2 :  0.345 0.386 0.055 0.214 
372 OmyJC18ROGR    (3)    2 :  0.408 0.266 0.136 0.190 
373 OmyJC18ROGR    (5)    2 :  0.129 0.139 0.126 0.605 
374 OmyJC18ROGR    (5)    2 :  0.100 0.076 0.026 0.798 
375 OmyJC18ROGR    (3)    2 :  0.268 0.528 0.136 0.068 
376 OmyJC18ROGR    (3)    2 :  0.040 0.041 0.888 0.031 
377 OmyJC18ROGR    (4)    2 :  0.104 0.118 0.252 0.526 
378 OmyJC18ROGR    (0)    2 :  0.331 0.296 0.122 0.252 
379 OmyJC18ROGR    (5)    2 :  0.390 0.242 0.153 0.215 
380 OmyJC18ROGR    (4)    2 :  0.313 0.213 0.192 0.282 
381 OmyJC18ROGR    (1)    2 :  0.504 0.251 0.079 0.166 
382 OmyJC18ROGR    (1)    2 :  0.468 0.288 0.054 0.190 
383 OmyJC18ROGR    (3)    2 :  0.197 0.216 0.487 0.100 
384 OmyJC18ROGR    (2)    2 :  0.326 0.396 0.242 0.036 
385 OmyJC18ROGR    (4)    2 :  0.323 0.558 0.082 0.037 
386 OmyJC18ROGR    (2)    2 :  0.350 0.211 0.388 0.051 
387 OmyJC18ROGR    (1)    2 :  0.197 0.159 0.332 0.312 
388 OmyJC18ROGR    (6)    2 :  0.270 0.158 0.092 0.480 
389 OmyJC18ROGR    (1)    2 :  0.389 0.364 0.169 0.077 
390 OmyJC18ROGR    (1)    2 :  0.422 0.354 0.103 0.121 
391 OmyJC18ROGR    (3)    2 :  0.041 0.045 0.837 0.076 
392 OmyJC18ROGR    (2)    2 :  0.317 0.332 0.049 0.302 
393 OmyJC18ROGR    (4)    2 :  0.079 0.082 0.098 0.742 
394 OmyJC18ROGR    (3)    2 :  0.098 0.096 0.768 0.039 
395 OmyJC18ROGR    (7)    2 :  0.108 0.129 0.276 0.488 
396 OmyJC18ROGR    (4)    2 :  0.104 0.110 0.539 0.246 
397 OmyJC18ROGR    (1)    2 :  0.361 0.381 0.086 0.172 
398 OmyJC18ROGR    (3)    2 :  0.234 0.334 0.253 0.179 
399 OmyJC18ROGR    (2)    2 :  0.159 0.170 0.379 0.291 
400 OmyJC18ROGR    (0)    2 :  0.279 0.507 0.080 0.134 
401 OmyJC18ROGR    (6)    2 :  0.100 0.107 0.090 0.703 
402 OmyJC18ROGR    (5)    2 :  0.105 0.122 0.266 0.507 
403 OmyJC18ROGR    (1)    2 :  0.293 0.232 0.196 0.279 
404 OmyJC18ROGR    (2)    2 :  0.411 0.326 0.200 0.064 
405 OmyJC18ROGR    (3)    2 :  0.349 0.474 0.053 0.125 
406 OmyJC18ROGR    (2)    2 :  0.396 0.481 0.059 0.065 
407 OmyJC18ROGR    (2)    2 :  0.265 0.192 0.194 0.349 
408 OmyJC18ROGR    (2)    2 :  0.182 0.244 0.159 0.415 
409 OmyJC18ROGR    (1)    2 :  0.203 0.416 0.053 0.328 
410 OmyJC18ROGR    (1)    2 :  0.238 0.630 0.042 0.090 
411 OmyJC18ROGR    (1)    2 :  0.332 0.498 0.057 0.113 
412 OmyJC18ROGR    (0)    2 :  0.582 0.319 0.032 0.067 
413 OmyJC18ROGR    (1)    2 :  0.264 0.625 0.060 0.051 
414 OmyJC18ROGR    (2)    2 :  0.531 0.348 0.040 0.081 
415 OmyJC18ROGR    (2)    2 :  0.269 0.476 0.028 0.228 
416 OmyJC18ROGR    (3)    2 :  0.402 0.420 0.098 0.080 
417 OmyJC18ROGR    (1)    2 :  0.236 0.260 0.077 0.428 
418 OmyJC18ROGR    (0)    2 :  0.087 0.103 0.049 0.761 
419 OmyJC18ROGR    (1)    2 :  0.295 0.273 0.039 0.393 
420 OmyJC18ROGR    (0)    2 :  0.347 0.562 0.044 0.047 
421 OmyJC18ROGR    (1)    2 :  0.389 0.452 0.069 0.089 
422 OmyJC18ROGR    (6)    2 :  0.364 0.357 0.079 0.200 
423 OmyJC18ROGR    (2)    2 :  0.217 0.560 0.075 0.148 
424 OmyJC18ROGR    (1)    2 :  0.189 0.283 0.263 0.265 
425 OmyJC18ROGR    (1)    2 :  0.244 0.318 0.354 0.085 
426 OmyJC18ROGR    (3)    2 :  0.304 0.400 0.052 0.244 
427 OmyJC18ROGR    (2)    2 :  0.221 0.132 0.618 0.029 
428 OmyJC18ROGR    (6)    2 :  0.279 0.634 0.028 0.058 
429 OmyJC18ROGR    (1)    2 :  0.383 0.339 0.240 0.038 
430 OmyJC18ROGR    (1)    2 :  0.266 0.276 0.204 0.254 
431 OmyJC18ROGR    (0)    2 :  0.331 0.507 0.085 0.077 
432 OmyJC18ROGR    (2)    2 :  0.073 0.059 0.790 0.078 
433 OmyJC18ROGR    (2)    2 :  0.128 0.106 0.112 0.653 
434 OmyJC18ROGR    (2)    2 :  0.390 0.339 0.180 0.091 
435 OmyJC18ROGR    (8)    2 :  0.275 0.433 0.103 0.188 
436 OmyJC18ROGR    (2)    2 :  0.281 0.488 0.044 0.186 
437 OmyJC18ROGR    (4)    2 :  0.329 0.358 0.048 0.264 
438 OmyJC18ROGR    (1)    2 :  0.051 0.078 0.092 0.778 
439 OmyJC18ROGR    (2)    2 :  0.191 0.147 0.560 0.101 
440 OmyJC18ROGR    (0)    2 :  0.054 0.049 0.141 0.756 
441 OmyJC18ROGR    (1)    2 :  0.581 0.303 0.050 0.066 
442 OmyJC18ROGR    (6)    2 :  0.347 0.243 0.178 0.232 
443 OmyJC18ROGR    (1)    2 :  0.535 0.392 0.030 0.043 
444 OmyJC18ROGR    (6)    2 :  0.159 0.371 0.062 0.407 
445 OmyJC18ROGR    (2)    2 :  0.206 0.366 0.109 0.319 
446 OmyJC18ROGR    (3)    2 :  0.108 0.169 0.327 0.396 
447 OmyJC18ROGR    (2)    2 :  0.344 0.350 0.145 0.162 
448 OmyJC18ROGR    (3)    2 :  0.565 0.258 0.083 0.094 
449 OmyJC18ROGR    (1)    2 :  0.485 0.357 0.046 0.113 
450 OmyJC18ROGR    (4)    2 :  0.141 0.335 0.239 0.285 
451 OmyJC18ROGR    (3)    2 :  0.444 0.371 0.066 0.119 
452 OmyJC18ROGR    (1)    2 :  0.552 0.302 0.097 0.049 
453 OmyJC18ROGR    (1)    2 :  0.508 0.408 0.037 0.047 
454 OmyJC18ROGR    (4)    2 :  0.280 0.169 0.076 0.474 
455 OmyJC18ROGR    (4)    2 :  0.175 0.127 0.498 0.199 
456 OmyJC18ROGR    (5)    2 :  0.262 0.459 0.166 0.112 
457 OmyJC18ROGR    (3)    2 :  0.203 0.194 0.044 0.559 
458 OmyJC18ROGR    (1)    2 :  0.230 0.447 0.077 0.246 
459 OmyJC18ROGR    (1)    2 :  0.042 0.056 0.869 0.033 
460 OmyJC18ROGR    (2)    2 :  0.377 0.475 0.066 0.081 
461 OmyJC18ROGR    (1)    2 :  0.090 0.059 0.758 0.093 
462 OmyJC18ROGR    (1)    2 :  0.398 0.240 0.028 0.334 
463 OmyJC18ROGR    (4)    2 :  0.452 0.354 0.083 0.111 
464 OmyJC18ROGR    (6)    2 :  0.233 0.412 0.046 0.309 
465 OmyJC18ROGR    (3)    2 :  0.131 0.211 0.051 0.607 
466 OmyJC18ROGR    (3)    2 :  0.294 0.252 0.114 0.340 
467 OmyJC18ROGR    (2)    2 :  0.496 0.275 0.124 0.105 
468 OmyJC18ROGR    (2)    2 :  0.245 0.580 0.029 0.146 
469 OmyJC18ROGR    (1)    2 :  0.027 0.036 0.915 0.023 
470 OmyJC18ROGR    (0)    2 :  0.129 0.084 0.293 0.494 
471 OmyJC18ROGR    (2)    2 :  0.248 0.489 0.117 0.146 
472 OmyJC18ROGR    (2)    2 :  0.214 0.733 0.013 0.040 
473 OmyJC18ROGR    (1)    2 :  0.293 0.471 0.124 0.112 
474 OmyJC18ROGR    (3)    2 :  0.247 0.566 0.090 0.097 
475 OmyJC18ROGR    (1)    2 :  0.298 0.124 0.137 0.440 
476 OmyJC18ROGR    (2)    2 :  0.441 0.372 0.061 0.127 
477 OmyJC18ROGR    (0)    2 :  0.191 0.282 0.139 0.389 
478 OmyJC18ROGR    (1)    2 :  0.346 0.406 0.127 0.120 
479 OmyJC18ROGR    (1)    2 :  0.292 0.388 0.073 0.247 
480 OmyJC18ROGR    (1)    2 :  0.410 0.355 0.141 0.094 
481 OmyJC18ROGR    (1)    2 :  0.370 0.458 0.061 0.110 
482 OmyJC18ROGR    (1)    2 :  0.190 0.186 0.056 0.569 
483 OmyJC18ROGR    (0)    2 :  0.337 0.354 0.055 0.254 
484 OmyJC18ROGR    (0)    2 :  0.538 0.298 0.086 0.078 
485 OmyJC18ROGR    (0)    2 :  0.222 0.187 0.046 0.545 
486 OmyJC18ROGR    (0)    2 :  0.289 0.425 0.074 0.212 
487 OmyJC18ROGR    (1)    2 :  0.157 0.077 0.044 0.722 
488 OmyJC18ROGR    (1)    2 :  0.219 0.288 0.107 0.387 
489 OmyJC18ROGR    (1)    2 :  0.514 0.334 0.077 0.075 
490 OmyJC18ROGR    (0)    2 :  0.241 0.673 0.033 0.052 
491 OmyJC18ROGR    (0)    2 :  0.140 0.170 0.079 0.611 
492 OmyJC18ROGR    (5)    2 :  0.054 0.045 0.781 0.120 
493 OmyJC18ROGR    (1)    2 :  0.259 0.152 0.312 0.276 
494 OmyJC18ROGR    (3)    2 :  0.395 0.350 0.062 0.193 
495 OmyJC18ROGR    (1)    2 :  0.254 0.318 0.142 0.286 
496 OmyJC18ROGR    (1)    2 :  0.274 0.499 0.168 0.059 
497 OmyJC18ROGR    (1)    2 :  0.313 0.335 0.027 0.325 
498 OmyJC18ROGR    (1)    2 :  0.285 0.259 0.102 0.354 
499 OmyJC18ROGR    (1)    2 :  0.309 0.341 0.055 0.294 
500 OmyJC18ROGR    (1)    2 :  0.401 0.436 0.118 0.044 
501 OmyJC18ROGR    (2)    2 :  0.140 0.325 0.043 0.492 
502 OmyJC18ROGR    (1)    2 :  0.122 0.095 0.275 0.509 
503 OmyJC18ROGR    (2)    2 :  0.295 0.267 0.142 0.296 
504 OmyJC18ROGR    (2)    2 :  0.184 0.142 0.082 0.592 
505 OmyJC18ROGR    (2)    2 :  0.298 0.462 0.116 0.124 
506 OmyJC18ROGR    (3)    2 :  0.291 0.461 0.094 0.154 
507 OmyJC18ROGR    (1)    2 :  0.302 0.513 0.126 0.059 
508 OmyJC18ROGR    (7)    2 :  0.288 0.514 0.058 0.139 
509 OmyJC18ROGR    (1)    2 :  0.251 0.211 0.202 0.336 
510 OmyJC18ROGR    (1)    2 :  0.021 0.024 0.929 0.026 
511 OmyJC18ROGR    (2)    2 :  0.119 0.143 0.177 0.561 
512 OmyJC18ROGR    (1)    2 :  0.172 0.197 0.037 0.593 
513 OmyJC18ROGR    (3)    2 :  0.400 0.474 0.051 0.074 
514 OmyJC18ROGR    (1)    2 :  0.051 0.065 0.035 0.849 
515 OmyJC18ROGR    (5)    2 :  0.374 0.450 0.055 0.121 
516 OmyJC18ROGR    (3)    2 :  0.074 0.075 0.346 0.505 
517 OmyJC18ROGR    (1)    2 :  0.319 0.207 0.036 0.439 
518 OmyJC18ROGR    (1)    2 :  0.158 0.104 0.546 0.192 
519 OmyJC18ROGR    (0)    2 :  0.224 0.330 0.144 0.302 
520 OmyJC18ROGR    (0)    2 :  0.512 0.239 0.055 0.194 
521 OmyJC18ROGR    (2)    2 :  0.326 0.381 0.130 0.163 
522 OmyJC18ROGR    (2)    2 :  0.172 0.278 0.422 0.129 
523 OmyJC18ROGR    (1)    2 :  0.195 0.110 0.327 0.368 
524 OmyJC18ROGR    (3)    2 :  0.233 0.446 0.167 0.155 
525 OmyJC18ROGR    (1)    2 :  0.436 0.154 0.072 0.339 
526 OmyJC18ROGR    (7)    2 :  0.317 0.558 0.030 0.095 
527 OmyJC18ROGR    (4)    2 :  0.352 0.401 0.140 0.107 
528 OmyJC18ROGR    (1)    2 :  0.354 0.339 0.036 0.271 
529 OmyJC18ROGR    (2)    2 :  0.323 0.560 0.049 0.068 
530 OmyJC18ROGR    (1)    2 :  0.153 0.226 0.085 0.535 
531 OmyJC18ROGR    (2)    2 :  0.452 0.368 0.053 0.127 
532 OmyJC18ROGR    (2)    2 :  0.311 0.521 0.027 0.141 
533 OmyJC18ROGR    (5)    2 :  0.044 0.025 0.888 0.043 
534 OmyJC18ROGR    (2)    2 :  0.267 0.391 0.145 0.197 
535 OmyJC18ROGR    (3)    2 :  0.227 0.227 0.088 0.458 
536 OmyJC18ROGR    (0)    2 :  0.300 0.444 0.166 0.091 
537 OmyJC18ROGR    (3)    2 :  0.368 0.186 0.303 0.143 
538 OmyJC18ROGR    (1)    2 :  0.304 0.416 0.053 0.227 
539 OmyJC18ROGR    (1)    2 :  0.312 0.219 0.075 0.394 
540 OmyJC18ROGR    (1)    2 :  0.363 0.419 0.077 0.141 
541 OmyJC18ROGR    (5)    2 :  0.404 0.198 0.022 0.377 
542 OmyJC18ROGR    (4)    2 :  0.447 0.282 0.148 0.123 
543 OmyJC18ROGR    (2)    2 :  0.184 0.357 0.027 0.433 
544 OmyJC18ROGR    (2)    2 :  0.231 0.302 0.084 0.383 
545 OmyJC18ROGR    (2)    2 :  0.252 0.171 0.359 0.218 
546 OmyJC18ROGR    (1)    2 :  0.199 0.320 0.069 0.413 
547 OmyJC18ROGR    (1)    2 :  0.269 0.303 0.087 0.341 
548 OmyJC18ROGR    (1)    2 :  0.087 0.096 0.768 0.049 
549 OmyJC18ROGR    (1)    2 :  0.279 0.171 0.346 0.204 
550 OmyJC18ROGR    (2)    2 :  0.260 0.332 0.311 0.097 
551 OmyJC18ROGR    (4)    2 :  0.383 0.358 0.179 0.081 
552 OmyJC18ROGR    (6)    2 :  0.532 0.387 0.050 0.030 
553 OmyJC18ROGR    (3)    2 :  0.057 0.065 0.043 0.834 
554 OmyJC18ROGR    (1)    2 :  0.255 0.139 0.024 0.582 
555 OmyJC18ROGR    (4)    2 :  0.306 0.202 0.039 0.453 
556 OmyJC18ROGR    (2)    2 :  0.283 0.346 0.118 0.252 
557 OmyJC18ROGR    (0)    2 :  0.372 0.355 0.058 0.214 
558 OmyJC18ROGR    (2)    2 :  0.257 0.241 0.101 0.401 
559 OmyJC18ROGR    (3)    2 :  0.371 0.193 0.339 0.097 
560 OmyJC18ROGR    (6)    2 :  0.281 0.178 0.046 0.495 
561 OmyJC18ROGR    (1)    2 :  0.422 0.327 0.207 0.045 
562 OmyJC18ROGR    (2)    2 :  0.141 0.172 0.079 0.608 
563 OmyJC18ROGR    (2)    2 :  0.241 0.113 0.356 0.290 
564 OmyJC18ROGR    (1)    2 :  0.146 0.310 0.399 0.145 
565 OmyJC18ROGR    (1)    2 :  0.365 0.511 0.081 0.043 
566 OmyJC18ROGR    (1)    2 :  0.362 0.443 0.036 0.160 
567 OmyJC18ROGR    (1)    2 :  0.583 0.306 0.055 0.055 
568 OmyJC18ROGR    (1)    2 :  0.599 0.278 0.033 0.090 
569 OmyJC18ROGR    (3)    2 :  0.403 0.397 0.056 0.144 
570 OmyJC18ROGR    (1)    2 :  0.214 0.148 0.315 0.323 
571 OmyJC18ROGR    (2)    2 :  0.132 0.148 0.604 0.116 
572 OmyJC18ROGR    (5)    2 :  0.129 0.093 0.200 0.578 
573 OmyJC18ROGR    (5)    2 :  0.408 0.208 0.210 0.174 
574 OmyJC18ROGR    (1)    2 :  0.378 0.327 0.214 0.081 
575 OmyJC18ROGR    (2)    2 :  0.306 0.303 0.048 0.344 
576 OmyJC18ROGR    (0)    2 :  0.162 0.135 0.024 0.679 
577 OmyJC18ROGR    (1)    2 :  0.346 0.219 0.330 0.104 
578 OmyJC18ROGR    (1)    2 :  0.629 0.311 0.037 0.024 
579 OmyJC18ROGR    (2)    2 :  0.306 0.179 0.093 0.423 
580 OmyJC18ROGR    (1)    2 :  0.333 0.222 0.026 0.419 
581 OmyJC18ROGR    (1)    2 :  0.135 0.107 0.162 0.596 
582 OmyJC18ROGR    (0)    2 :  0.315 0.519 0.110 0.056 
583 OmyJC18ROGR    (1)    2 :  0.347 0.212 0.083 0.358 
584 OmyJC18ROGR    (2)    2 :  0.255 0.157 0.356 0.233 
585 OmyJC18ROGR    (1)    2 :  0.343 0.341 0.281 0.036 
586 OmyJC18ROGR    (0)    2 :  0.128 0.139 0.618 0.115 
587 OmyJC18ROGR    (1)    2 :  0.271 0.448 0.049 0.233 
588 OmyJC18ROGR    (0)    2 :  0.225 0.142 0.492 0.142 
589 OmyJC18ROGR    (2)    2 :  0.063 0.072 0.045 0.820 
590 OmyJC18ROGR    (2)    2 :  0.250 0.325 0.178 0.247 
591 OmyJC18ROGR    (1)    2 :  0.171 0.176 0.469 0.184 
592 OmyJC18ROGR    (1)    2 :  0.340 0.314 0.065 0.281 
593 OmyJC18ROGR    (1)    2 :  0.269 0.365 0.297 0.069 
594 OmyJC18ROGR    (3)    2 :  0.327 0.501 0.054 0.119 
595 OmyJC18ROGR    (1)    2 :  0.495 0.265 0.119 0.121 
596 OmyJC18ROGR    (1)    2 :  0.260 0.526 0.113 0.100 
597 OmyJC18ROGR    (1)    2 :  0.270 0.548 0.112 0.070 
598 OmyJC18ROGR    (1)    2 :  0.162 0.124 0.609 0.105 
599 OmyJC18ROGR    (1)    2 :  0.252 0.197 0.109 0.443 
600 OmyJC18ROGR    (2)    2 :  0.235 0.210 0.057 0.497 
601 OmyJC18ROGR    (7)    2 :  0.137 0.094 0.025 0.743 
602 OmyJC18ROGR    (3)    2 :  0.256 0.595 0.098 0.051 
603 OmyJC18ROGR    (1)    2 :  0.226 0.308 0.062 0.403 
604 OmyJC18ROGR    (1)    2 :  0.461 0.224 0.067 0.248 
605 OmyJC18ROGR    (1)    2 :  0.157 0.233 0.051 0.559 
606 OmyJC18ROGR    (1)    2 :  0.217 0.265 0.457 0.061 
607 OmyJC18ROGR    (1)    2 :  0.220 0.508 0.083 0.189 
608 OmyJC18ROGR    (1)    2 :  0.228 0.292 0.063 0.417 
609 OmyJC18ROGR    (1)    2 :  0.078 0.048 0.068 0.806 
610 OmyJC18ROGR    (1)    2 :  0.208 0.234 0.215 0.344 
611 OmyJC18ROGR    (1)    2 :  0.276 0.382 0.080 0.262 
612 OmyJC18ROGR    (1)    2 :  0.344 0.378 0.165 0.112 
613 OmyJC18ROGR    (2)    2 :  0.127 0.113 0.603 0.157 
614 OmyJC18ROGR    (1)    2 :  0.066 0.074 0.303 0.556 
615 OmyJC18ROGR    (1)    2 :  0.347 0.516 0.041 0.096 
616 OmyJC18ROGR    (1)    2 :  0.323 0.553 0.052 0.072 
617 OmyJC18ROGR    (1)    2 :  0.250 0.360 0.038 0.352 
618 OmyJC18ROGR    (0)    2 :  0.391 0.379 0.175 0.055 
619 OmyJC18ROGR    (1)    2 :  0.426 0.382 0.127 0.065 
620 OmyJC18ROGR    (1)    2 :  0.205 0.363 0.300 0.132 
621 OmyJC18ROGR    (1)    2 :  0.185 0.256 0.231 0.328 
622 OmyJC18ROGR    (1)    2 :  0.344 0.375 0.020 0.261 
623 OmyJC18ROGR    (1)    2 :  0.388 0.219 0.322 0.071 
624 OmyJC18ROGR    (0)    2 :  0.440 0.206 0.105 0.249 
625 OmyJC18ROGR    (0)    2 :  0.486 0.423 0.050 0.041 
626 OmyJC18ROGR    (1)    2 :  0.293 0.562 0.026 0.119 
627 OmyJC18ROGR    (1)    2 :  0.548 0.314 0.043 0.096 
628 OmyJC18ROGR    (1)    2 :  0.167 0.210 0.543 0.080 
629 OmyJC18ROGR    (1)    2 :  0.036 0.030 0.914 0.020 
630 OmyJC18ROGR    (2)    2 :  0.584 0.268 0.100 0.047 
631 OmyJC18ROGR    (5)    2 :  0.130 0.112 0.318 0.441 
632 OmyJC18ROGR    (2)    2 :  0.219 0.567 0.085 0.129 
633 OmyJC18ROGR    (1)    2 :  0.315 0.313 0.330 0.043 
634 OmyJC18ROGR    (4)    2 :  0.363 0.268 0.025 0.344 
635 OmyJC18ROGR    (1)    2 :  0.581 0.362 0.027 0.029 
636 OmyJC18ROGR    (0)    2 :  0.392 0.383 0.085 0.140 
637 OmyJC18ROGR    (1)    2 :  0.066 0.062 0.046 0.826 
638 OmyJC18ROGR    (0)    2 :  0.449 0.342 0.158 0.051 
639 OmyJC18ROGR    (0)    2 :  0.307 0.153 0.080 0.460 
640 OmyJC18ROGR    (1)    2 :  0.218 0.532 0.143 0.107 
641 OmyJC18ROGR    (1)    2 :  0.361 0.291 0.139 0.210 
642 OmyJC18ROGR    (1)    2 :  0.201 0.223 0.411 0.164 
643 OmyJC18ROGR    (1)    2 :  0.573 0.360 0.023 0.044 
644 OmyJC18ROGR    (1)    2 :  0.334 0.561 0.043 0.062 
645 OmyJC18ROGR    (0)    2 :  0.297 0.320 0.282 0.101 
646 OmyAC19ROGR    (1)    3 :  0.301 0.423 0.081 0.194 
647 OmyJC18ROGR    (1)    2 :  0.452 0.308 0.105 0.135 
648 OmyAC19ROGR    (0)    3 :  0.321 0.492 0.033 0.154 
649 OmyAC19APPR    (1)    3 :  0.608 0.334 0.023 0.035 
650 OmyAC19APPR    (1)    3 :  0.514 0.326 0.110 0.051 
651 OmyJC18ROGR    (1)    2 :  0.406 0.308 0.057 0.229 
652 OmyAC19APPR    (0)    3 :  0.535 0.260 0.062 0.143 
653 OmyAC19CORH    (2)    4 :  0.294 0.146 0.056 0.504 
654 OmyJC18ROGR    (0)    2 :  0.556 0.318 0.037 0.088 
655 OmyAC19CORH    (1)    4 :  0.130 0.187 0.188 0.495 
656 OmyAC19CORH    (1)    4 :  0.082 0.101 0.057 0.760 
657 OmyAC19CORH    (1)    4 :  0.033 0.038 0.025 0.904 
658 OmyAC19CORH    (0)    4 :  0.035 0.039 0.054 0.872 
659 OmyAC19CORH    (0)    4 :  0.050 0.046 0.034 0.871 
660 OmyAC19ROGR    (3)    3 :  0.256 0.554 0.154 0.036 
661 OmyJC18ROGR    (1)    2 :  0.326 0.351 0.089 0.234 
662 OmyAC19ROGR    (1)    3 :  0.540 0.295 0.066 0.099 
663 OmyAC19ROGR    (1)    3 :  0.657 0.231 0.050 0.062 
664 OmyAC19APPR    (1)    3 :  0.260 0.566 0.084 0.090 
665 OmyAC19APPR    (1)    3 :  0.366 0.452 0.145 0.037 
666 OmyJC18ROGR    (0)    2 :  0.114 0.094 0.649 0.143 
667 OmyAC19APPR    (1)    3 :  0.640 0.253 0.061 0.046 
668 OmyAC19CORH    (1)    4 :  0.176 0.179 0.346 0.298 
669 OmyAC19CORH    (0)    4 :  0.046 0.039 0.041 0.875 
670 OmyAC19CORH    (1)    4 :  0.114 0.066 0.032 0.789 
671 OmyAC19CORH    (1)    4 :  0.196 0.149 0.070 0.586 
672 OmyAC19CORH    (1)    4 :  0.105 0.106 0.052 0.737 
673 OmyAC19CORH    (0)    4 :  0.187 0.227 0.052 0.534 
674 OmyAC19ROGR    (2)    3 :  0.334 0.459 0.045 0.161 
