

----------------------------------------------------
STRUCTURE by Pritchard, Stephens and Donnelly (2000)
     and Falush, Stephens and Pritchard (2003)
       Code by Pritchard, Falush and Hubisz
             Version 2.3.4 (Jul 2012)
----------------------------------------------------



Command line arguments:   bin/structure -m "/Users/ddayan/FRA/premature_migration/Rogue_Half-Pounder/rogue_half_pounder_repo/structure/halfpounder/10k_20k_adm_corr_rep2/mainparams" -e "/Users/ddayan/FRA/premature_migration/Rogue_Half-Pounder/rogue_half_pounder_repo/structure/halfpounder/10k_20k_adm_corr_rep2/extraparams" 
Input File:    /Users/ddayan/FRA/premature_migration/Rogue_Half-Pounder/rogue_half_pounder_repo/structure/halfpounder/project_data

Run parameters:
   882 individuals
   330 loci
   5 populations assumed
   10000 Burn-in period
   20000 Reps


--------------------------------------------
Proportion of membership of each pre-defined
 population in each of the 5 clusters

Given    Inferred Clusters                     Number of
 Pop       1      2      3      4      5      Individuals

  1:     0.233  0.195  0.191  0.178  0.204      157
  2:     0.198  0.196  0.211  0.185  0.210      643
  3:     0.224  0.057  0.319  0.088  0.312       40
  4:     0.097  0.050  0.085  0.696  0.071       42
--------------------------------------------

Allele-freq. divergence among pops (Net nucleotide distance),
computed using point estimates of P.

      1       2       3       4       5      
 1      -    0.0084  0.0013  0.0035  0.0012  
 2   0.0084     -    0.0085  0.0113  0.0085  
 3   0.0013  0.0085     -    0.0041  0.0013  
 4   0.0035  0.0113  0.0041     -    0.0039  
 5   0.0012  0.0085  0.0013  0.0039     -    

Average distances (expected heterozygosity) between individuals in same cluster:
cluster  1  : 0.2854 
cluster  2  : 0.2534 
cluster  3  : 0.2860 
cluster  4  : 0.2799 
cluster  5  : 0.2856 

--------------------------------------------
Estimated Ln Prob of Data   = -248549.0
Mean value of ln likelihood = -246119.3
Variance of ln likelihood   = 4859.2
Mean value of alpha         = 0.2117

Mean value of Fst_1         = 0.0123
Mean value of Fst_2         = 0.0744
Mean value of Fst_3         = 0.0137
Mean value of Fst_4         = 0.0281
Mean value of Fst_5         = 0.0125


Inferred ancestry of individuals:
        Label (%Miss) Pop:  Inferred clusters
  1 OmyAC19ROGR    (0)    1 :  0.191 0.017 0.109 0.317 0.366 
  2 OmyAC19ROGR    (1)    1 :  0.415 0.081 0.088 0.200 0.216 
  3 OmyAC19ROGR    (1)    1 :  0.212 0.063 0.058 0.163 0.505 
  4 OmyAC19ROGR    (1)    1 :  0.213 0.028 0.298 0.134 0.328 
  5 OmyAC19ROGR    (2)    1 :  0.018 0.936 0.016 0.014 0.017 
  6 OmyAC19ROGR    (1)    1 :  0.132 0.214 0.102 0.046 0.506 
  7 OmyAC19ROGR    (1)    1 :  0.146 0.226 0.247 0.183 0.198 
  8 OmyAC19ROGR    (0)    1 :  0.598 0.017 0.193 0.111 0.081 
  9 OmyAC19ROGR    (1)    1 :  0.129 0.192 0.072 0.176 0.430 
 10 OmyAC19ROGR    (1)    1 :  0.157 0.504 0.133 0.117 0.090 
 11 OmyAC19ROGR    (0)    1 :  0.123 0.127 0.202 0.148 0.401 
 12 OmyAC19ROGR    (0)    1 :  0.105 0.140 0.108 0.064 0.583 
 13 OmyAC19ROGR    (1)    1 :  0.403 0.029 0.346 0.149 0.072 
 14 OmyAC19ROGR    (1)    1 :  0.077 0.440 0.288 0.033 0.162 
 15 OmyAC19ROGR    (2)    1 :  0.074 0.426 0.369 0.042 0.089 
 16 OmyAC19ROGR    (1)    1 :  0.218 0.121 0.304 0.144 0.214 
 17 OmyAC19ROGR    (1)    1 :  0.633 0.082 0.102 0.018 0.164 
 18 OmyAC19ROGR    (2)    1 :  0.464 0.024 0.202 0.231 0.078 
 19 OmyAC19ROGR    (1)    1 :  0.297 0.048 0.480 0.109 0.067 
 20 OmyAC19ROGR    (1)    1 :  0.133 0.223 0.349 0.026 0.268 
 21 OmyAC19ROGR    (1)    1 :  0.506 0.190 0.134 0.082 0.088 
 22 OmyAC19ROGR    (1)    1 :  0.158 0.072 0.165 0.386 0.219 
 23 OmyAC19ROGR    (1)    1 :  0.390 0.180 0.085 0.106 0.238 
 24 OmyAC19ROGR    (1)    1 :  0.043 0.018 0.035 0.821 0.084 
 25 OmyAC19ROGR    (1)    1 :  0.206 0.203 0.395 0.077 0.119 
 26 OmyAC19ROGR    (1)    1 :  0.311 0.116 0.090 0.324 0.159 
 27 OmyAC19ROGR    (1)    1 :  0.123 0.049 0.599 0.052 0.177 
 28 OmyAC19ROGR    (1)    1 :  0.039 0.030 0.030 0.856 0.044 
 29 OmyAC19ROGR    (1)    1 :  0.386 0.071 0.141 0.131 0.270 
 30 OmyAC19ROGR    (1)    1 :  0.157 0.632 0.063 0.059 0.090 
 31 OmyAC19ROGR    (1)    1 :  0.486 0.036 0.128 0.134 0.217 
 32 OmyAC19ROGR    (1)    1 :  0.556 0.096 0.095 0.173 0.080 
 33 OmyAC19ROGR    (1)    1 :  0.186 0.146 0.115 0.305 0.247 
 34 OmyAC19ROGR    (1)    1 :  0.095 0.548 0.244 0.048 0.065 
 35 OmyAC19ROGR    (0)    1 :  0.470 0.094 0.136 0.193 0.107 
 36 OmyAC19ROGR    (1)    1 :  0.312 0.191 0.109 0.092 0.295 
 37 OmyAC19ROGR    (1)    1 :  0.067 0.098 0.151 0.523 0.161 
 38 OmyAC19ROGR    (1)    1 :  0.073 0.534 0.047 0.304 0.041 
 39 OmyAC19ROGR    (1)    1 :  0.686 0.118 0.065 0.040 0.090 
 40 OmyAC19ROGR    (0)    1 :  0.141 0.270 0.191 0.044 0.353 
 41 OmyAC19ROGR    (1)    1 :  0.168 0.038 0.387 0.086 0.321 
 42 OmyAC19ROGR    (1)    1 :  0.070 0.794 0.049 0.022 0.065 
 43 OmyAC19ROGR    (1)    1 :  0.374 0.046 0.059 0.131 0.390 
 44 OmyAC19ROGR    (7)    1 :  0.372 0.043 0.050 0.094 0.441 
 45 OmyAC19ROGR    (2)    1 :  0.115 0.348 0.104 0.266 0.167 
 46 OmyAC19ROGR    (1)    1 :  0.212 0.069 0.154 0.377 0.189 
 47 OmyAC19ROGR    (0)    1 :  0.044 0.073 0.089 0.704 0.089 
 48 OmyAC19ROGR    (1)    1 :  0.260 0.065 0.070 0.143 0.463 
 49 OmyAC19ROGR    (0)    1 :  0.159 0.042 0.235 0.309 0.255 
 50 OmyAC19ROGR    (1)    1 :  0.325 0.025 0.476 0.029 0.144 
 51 OmyAC19ROGR    (2)    1 :  0.068 0.695 0.089 0.072 0.077 
 52 OmyAC19ROGR    (1)    1 :  0.036 0.846 0.037 0.047 0.034 
 53 OmyAC19ROGR    (2)    1 :  0.115 0.036 0.063 0.612 0.175 
 54 OmyAC19ROGR    (1)    1 :  0.130 0.073 0.092 0.556 0.149 
 55 OmyAC19ROGR    (3)    1 :  0.531 0.095 0.172 0.065 0.137 
 56 OmyAC19ROGR    (1)    1 :  0.111 0.089 0.262 0.454 0.085 
 57 OmyAC19ROGR    (0)    1 :  0.194 0.023 0.096 0.587 0.099 
 58 OmyAC19ROGR    (1)    1 :  0.092 0.713 0.076 0.050 0.070 
 59 OmyAC19ROGR    (0)    1 :  0.159 0.028 0.152 0.514 0.147 
 60 OmyAC19ROGR    (2)    1 :  0.116 0.120 0.381 0.077 0.306 
 61 OmyAC19ROGR    (1)    1 :  0.140 0.071 0.191 0.457 0.142 
 62 OmyAC19ROGR    (1)    1 :  0.254 0.043 0.119 0.091 0.493 
 63 OmyAC19ROGR    (0)    1 :  0.123 0.234 0.095 0.374 0.174 
 64 OmyAC19ROGR    (3)    1 :  0.197 0.068 0.192 0.092 0.451 
 65 OmyAC19ROGR    (1)    1 :  0.404 0.068 0.324 0.084 0.120 
 66 OmyAC19ROGR    (4)    1 :  0.147 0.271 0.419 0.044 0.120 
 67 OmyAC19ROGR    (0)    1 :  0.075 0.040 0.463 0.325 0.098 
 68 OmyAC19ROGR    (2)    1 :  0.183 0.059 0.087 0.456 0.216 
 69 OmyAC19ROGR    (2)    1 :  0.153 0.240 0.072 0.483 0.052 
 70 OmyAC19ROGR    (1)    1 :  0.536 0.035 0.082 0.184 0.164 
 71 OmyAC19ROGR    (0)    1 :  0.436 0.036 0.259 0.094 0.175 
 72 OmyAC19ROGR    (5)    1 :  0.173 0.027 0.133 0.150 0.516 
 73 OmyAC19ROGR    (1)    1 :  0.389 0.244 0.057 0.240 0.070 
 74 OmyAC19ROGR    (1)    1 :  0.147 0.040 0.199 0.046 0.567 
 75 OmyAC19ROGR    (1)    1 :  0.318 0.123 0.173 0.307 0.079 
 76 OmyAC19ROGR    (1)    1 :  0.154 0.049 0.073 0.626 0.098 
 77 OmyAC19ROGR    (1)    1 :  0.021 0.905 0.026 0.020 0.027 
 78 OmyAC19ROGR    (1)    1 :  0.537 0.045 0.132 0.107 0.179 
 79 OmyAC19ROGR    (2)    1 :  0.607 0.052 0.117 0.129 0.095 
 80 OmyAC19ROGR    (2)    1 :  0.043 0.738 0.085 0.073 0.061 
 81 OmyAC19ROGR    (2)    1 :  0.110 0.431 0.145 0.106 0.208 
 82 OmyAC19ROGR    (1)    1 :  0.131 0.020 0.078 0.579 0.192 
 83 OmyAC19ROGR    (0)    1 :  0.422 0.044 0.142 0.244 0.147 
 84 OmyAC19ROGR    (1)    1 :  0.194 0.191 0.283 0.071 0.261 
 85 OmyAC19ROGR    (6)    1 :  0.576 0.028 0.155 0.127 0.114 
 86 OmyAC19ROGR    (1)    1 :  0.120 0.084 0.499 0.027 0.270 
 87 OmyAC19ROGR    (2)    1 :  0.134 0.038 0.139 0.317 0.372 
 88 OmyJC19ROGR    (0)    2 :  0.076 0.823 0.055 0.023 0.023 
 89 OmyJC19ROGR    (1)    2 :  0.354 0.056 0.353 0.069 0.168 
 90 OmyJC19ROGR    (1)    2 :  0.027 0.882 0.033 0.026 0.033 
 91 OmyJC19ROGR    (2)    2 :  0.123 0.018 0.310 0.319 0.230 
 92 OmyJC19ROGR    (1)    2 :  0.191 0.051 0.135 0.522 0.100 
 93 OmyJC19ROGR    (1)    2 :  0.073 0.016 0.043 0.824 0.044 
 94 OmyJC19ROGR    (1)    2 :  0.460 0.180 0.148 0.041 0.171 
 95 OmyJC19ROGR    (0)    2 :  0.388 0.212 0.098 0.029 0.272 
 96 OmyJC19ROGR    (2)    2 :  0.203 0.097 0.466 0.111 0.124 
 97 OmyJC19ROGR    (1)    2 :  0.066 0.157 0.029 0.716 0.032 
 98 OmyJC19ROGR    (0)    2 :  0.284 0.047 0.330 0.133 0.206 
 99 OmyJC19ROGR    (0)    2 :  0.099 0.112 0.209 0.446 0.133 
100 OmyJC19ROGR    (1)    2 :  0.655 0.038 0.095 0.091 0.121 
101 OmyJC19ROGR    (1)    2 :  0.176 0.512 0.084 0.134 0.094 
102 OmyJC19ROGR    (1)    2 :  0.185 0.072 0.543 0.051 0.149 
103 OmyJC19ROGR    (2)    2 :  0.242 0.211 0.164 0.176 0.207 
104 OmyJC19ROGR    (1)    2 :  0.214 0.035 0.093 0.548 0.110 
105 OmyJC19ROGR    (1)    2 :  0.031 0.186 0.084 0.526 0.174 
106 OmyJC19ROGR    (1)    2 :  0.016 0.905 0.018 0.039 0.021 
107 OmyJC19ROGR    (2)    2 :  0.084 0.088 0.603 0.093 0.131 
108 OmyJC19ROGR    (0)    2 :  0.209 0.066 0.295 0.255 0.175 
109 OmyJC19ROGR    (1)    2 :  0.135 0.229 0.447 0.031 0.157 
110 OmyJC19ROGR    (1)    2 :  0.152 0.190 0.080 0.458 0.120 
111 OmyJC19ROGR    (1)    2 :  0.124 0.076 0.164 0.525 0.111 
112 OmyJC19ROGR    (2)    2 :  0.333 0.105 0.261 0.058 0.243 
113 OmyJC19ROGR    (1)    2 :  0.150 0.528 0.200 0.045 0.077 
114 OmyJC19ROGR    (3)    2 :  0.594 0.045 0.108 0.079 0.174 
115 OmyJC19ROGR    (2)    2 :  0.066 0.057 0.032 0.308 0.536 
116 OmyJC19ROGR    (0)    2 :  0.556 0.094 0.106 0.072 0.173 
117 OmyJC19ROGR    (1)    2 :  0.378 0.204 0.207 0.062 0.150 
118 OmyJC19ROGR    (1)    2 :  0.500 0.030 0.244 0.158 0.068 
119 OmyJC19ROGR    (3)    2 :  0.207 0.052 0.502 0.050 0.189 
120 OmyJC19ROGR    (1)    2 :  0.048 0.015 0.062 0.822 0.053 
121 OmyJC19ROGR    (0)    2 :  0.401 0.053 0.301 0.039 0.206 
122 OmyJC19ROGR    (1)    2 :  0.324 0.070 0.233 0.194 0.178 
123 OmyJC19ROGR    (1)    2 :  0.233 0.023 0.322 0.231 0.191 
124 OmyJC19ROGR    (0)    2 :  0.232 0.109 0.089 0.042 0.528 
125 OmyJC19ROGR    (1)    2 :  0.164 0.116 0.043 0.520 0.157 
126 OmyJC19ROGR    (1)    2 :  0.114 0.655 0.066 0.055 0.109 
127 OmyJC19ROGR    (1)    2 :  0.049 0.053 0.781 0.050 0.067 
128 OmyJC19ROGR    (1)    2 :  0.079 0.044 0.092 0.724 0.062 
129 OmyJC19ROGR    (1)    2 :  0.526 0.215 0.083 0.078 0.098 
130 OmyJC19ROGR    (1)    2 :  0.189 0.055 0.089 0.036 0.631 
131 OmyJC19ROGR    (1)    2 :  0.436 0.086 0.095 0.166 0.218 
132 OmyJC19ROGR    (1)    2 :  0.090 0.050 0.156 0.519 0.186 
133 OmyJC19ROGR    (1)    2 :  0.575 0.033 0.123 0.066 0.202 
134 OmyJC19ROGR    (1)    2 :  0.146 0.064 0.628 0.066 0.096 
135 OmyJC19ROGR    (1)    2 :  0.031 0.020 0.039 0.869 0.040 
136 OmyJC19ROGR    (3)    2 :  0.355 0.039 0.301 0.142 0.162 
137 OmyJC19ROGR    (1)    2 :  0.099 0.216 0.251 0.053 0.381 
138 OmyJC19ROGR    (1)    2 :  0.187 0.672 0.045 0.023 0.072 
139 OmyJC19ROGR    (2)    2 :  0.538 0.023 0.096 0.063 0.281 
140 OmyJC19ROGR    (3)    2 :  0.573 0.101 0.174 0.054 0.098 
141 OmyJC19ROGR    (0)    2 :  0.316 0.360 0.113 0.126 0.085 
142 OmyJC19ROGR    (1)    2 :  0.155 0.319 0.189 0.211 0.125 
143 OmyJC19ROGR    (0)    2 :  0.123 0.056 0.043 0.617 0.161 
144 OmyJC19ROGR    (1)    2 :  0.644 0.015 0.046 0.040 0.255 
145 OmyJC19ROGR    (1)    2 :  0.094 0.032 0.192 0.038 0.644 
146 OmyJC19ROGR    (2)    2 :  0.186 0.065 0.088 0.559 0.103 
147 OmyJC19ROGR    (1)    2 :  0.090 0.057 0.636 0.103 0.114 
148 OmyJC19ROGR    (1)    2 :  0.115 0.020 0.417 0.184 0.264 
149 OmyJC19ROGR    (2)    2 :  0.155 0.076 0.280 0.343 0.145 
150 OmyJC19ROGR    (2)    2 :  0.169 0.066 0.183 0.482 0.100 
151 OmyJC19ROGR    (1)    2 :  0.569 0.086 0.115 0.138 0.092 
152 OmyJC19ROGR    (0)    2 :  0.049 0.062 0.264 0.123 0.503 
153 OmyJC19ROGR    (1)    2 :  0.034 0.034 0.048 0.849 0.035 
154 OmyJC19ROGR    (2)    2 :  0.144 0.066 0.441 0.050 0.299 
155 OmyJC19ROGR    (1)    2 :  0.249 0.090 0.156 0.223 0.283 
156 OmyJC19ROGR    (1)    2 :  0.098 0.141 0.292 0.174 0.295 
157 OmyJC19ROGR    (0)    2 :  0.224 0.073 0.109 0.226 0.368 
158 OmyJC19ROGR    (2)    2 :  0.307 0.022 0.401 0.131 0.139 
159 OmyJC19ROGR    (1)    2 :  0.245 0.047 0.341 0.043 0.324 
160 OmyJC19ROGR    (0)    2 :  0.141 0.057 0.377 0.229 0.196 
161 OmyJC19ROGR    (1)    2 :  0.202 0.044 0.163 0.366 0.225 
162 OmyJC19ROGR    (1)    2 :  0.159 0.075 0.324 0.209 0.233 
163 OmyJC19ROGR    (1)    2 :  0.084 0.044 0.136 0.605 0.132 
164 OmyJC19ROGR    (1)    2 :  0.236 0.031 0.357 0.078 0.298 
165 OmyJC19ROGR    (0)    2 :  0.225 0.022 0.190 0.203 0.359 
166 OmyJC19ROGR    (0)    2 :  0.125 0.054 0.130 0.054 0.637 
167 OmyJC19ROGR    (2)    2 :  0.149 0.103 0.214 0.328 0.206 
168 OmyJC19ROGR    (0)    2 :  0.635 0.063 0.165 0.061 0.076 
169 OmyJC19ROGR    (1)    2 :  0.019 0.913 0.036 0.014 0.018 
170 OmyJC19ROGR    (1)    2 :  0.090 0.068 0.082 0.611 0.150 
171 OmyJC19ROGR    (1)    2 :  0.337 0.032 0.300 0.105 0.227 
172 OmyJC19ROGR    (0)    2 :  0.115 0.377 0.127 0.311 0.070 
173 OmyJC19ROGR    (1)    2 :  0.022 0.886 0.033 0.024 0.034 
174 OmyJC19ROGR    (0)    2 :  0.167 0.036 0.098 0.095 0.604 
175 OmyJC19ROGR    (1)    2 :  0.595 0.030 0.153 0.090 0.132 
176 OmyJC19ROGR    (1)    2 :  0.155 0.047 0.234 0.519 0.045 
177 OmyJC19ROGR    (1)    2 :  0.037 0.014 0.050 0.799 0.101 
178 OmyJC19ROGR    (0)    2 :  0.128 0.052 0.494 0.031 0.294 
179 OmyJC19ROGR    (1)    2 :  0.221 0.027 0.143 0.445 0.165 
180 OmyJC19ROGR    (1)    2 :  0.075 0.791 0.045 0.048 0.041 
181 OmyJC19ROGR    (1)    2 :  0.249 0.048 0.252 0.066 0.386 
182 OmyJC19ROGR    (1)    2 :  0.628 0.132 0.095 0.054 0.090 
183 OmyJC19ROGR    (1)    2 :  0.346 0.039 0.199 0.095 0.320 
184 OmyJC19ROGR    (1)    2 :  0.184 0.536 0.135 0.087 0.058 
185 OmyJC19ROGR    (2)    2 :  0.812 0.012 0.073 0.049 0.054 
186 OmyJC19ROGR    (1)    2 :  0.334 0.096 0.060 0.419 0.090 
187 OmyJC19ROGR    (0)    2 :  0.047 0.028 0.068 0.061 0.796 
188 OmyJC19ROGR    (1)    2 :  0.603 0.058 0.080 0.094 0.165 
189 OmyJC19ROGR    (0)    2 :  0.339 0.148 0.127 0.291 0.096 
190 OmyJC19ROGR    (0)    2 :  0.104 0.053 0.187 0.564 0.092 
191 OmyJC19ROGR    (2)    2 :  0.088 0.039 0.053 0.588 0.231 
192 OmyJC19ROGR    (1)    2 :  0.062 0.036 0.832 0.029 0.042 
193 OmyJC19ROGR    (1)    2 :  0.164 0.132 0.373 0.110 0.220 
194 OmyJC19ROGR    (0)    2 :  0.071 0.017 0.815 0.045 0.051 
195 OmyJC19ROGR    (1)    2 :  0.052 0.801 0.062 0.023 0.062 
196 OmyJC19ROGR    (1)    2 :  0.136 0.028 0.042 0.027 0.767 
197 OmyJC19ROGR    (1)    2 :  0.230 0.058 0.124 0.439 0.149 
198 OmyJC19ROGR    (1)    2 :  0.054 0.745 0.098 0.058 0.046 
199 OmyJC19ROGR    (0)    2 :  0.599 0.029 0.134 0.056 0.182 
200 OmyJC19ROGR    (0)    2 :  0.093 0.059 0.050 0.675 0.123 
201 OmyJC19ROGR    (1)    2 :  0.129 0.028 0.457 0.078 0.309 
202 OmyJC19ROGR    (0)    2 :  0.035 0.014 0.108 0.789 0.054 
203 OmyJC19ROGR    (0)    2 :  0.209 0.037 0.232 0.127 0.395 
204 OmyJC19ROGR    (1)    2 :  0.187 0.057 0.252 0.176 0.327 
205 OmyJC19ROGR    (1)    2 :  0.122 0.105 0.084 0.086 0.603 
206 OmyJC19ROGR    (1)    2 :  0.049 0.810 0.057 0.041 0.042 
207 OmyJC19ROGR    (1)    2 :  0.124 0.215 0.196 0.083 0.382 
208 OmyJC19ROGR    (1)    2 :  0.370 0.036 0.341 0.063 0.190 
209 OmyJC19ROGR    (0)    2 :  0.180 0.514 0.080 0.158 0.068 
210 OmyJC19ROGR    (1)    2 :  0.029 0.892 0.024 0.012 0.042 
211 OmyJC19ROGR    (0)    2 :  0.263 0.161 0.287 0.084 0.205 
212 OmyJC19ROGR    (1)    2 :  0.077 0.247 0.212 0.359 0.106 
213 OmyJC19ROGR    (1)    2 :  0.264 0.032 0.070 0.093 0.542 
214 OmyJC19ROGR    (1)    2 :  0.039 0.054 0.192 0.052 0.664 
215 OmyJC19ROGR    (1)    2 :  0.150 0.027 0.705 0.069 0.050 
216 OmyJC19ROGR    (1)    2 :  0.051 0.817 0.042 0.028 0.063 
217 OmyJC19ROGR    (1)    2 :  0.100 0.369 0.308 0.071 0.153 
218 OmyJC19ROGR    (1)    2 :  0.098 0.028 0.076 0.509 0.290 
219 OmyJC19ROGR    (1)    2 :  0.201 0.126 0.390 0.031 0.253 
220 OmyJC19ROGR    (1)    2 :  0.211 0.017 0.473 0.129 0.171 
221 OmyJC19ROGR    (0)    2 :  0.103 0.260 0.055 0.057 0.524 
222 OmyJC19ROGR    (1)    2 :  0.224 0.040 0.228 0.216 0.293 
223 OmyJC19ROGR    (0)    2 :  0.098 0.057 0.214 0.084 0.547 
224 OmyJC19ROGR    (1)    2 :  0.230 0.028 0.497 0.073 0.171 
225 OmyJC19ROGR    (1)    2 :  0.023 0.923 0.021 0.017 0.016 
226 OmyJC19ROGR    (0)    2 :  0.542 0.188 0.126 0.038 0.106 
227 OmyJC19ROGR    (1)    2 :  0.028 0.870 0.030 0.041 0.031 
228 OmyJC19ROGR    (1)    2 :  0.164 0.058 0.251 0.036 0.491 
229 OmyJC19ROGR    (2)    2 :  0.489 0.027 0.061 0.119 0.303 
230 OmyJC19ROGR    (1)    2 :  0.165 0.216 0.110 0.171 0.339 
231 OmyJC19ROGR    (1)    2 :  0.258 0.069 0.227 0.046 0.399 
232 OmyJC19ROGR    (2)    2 :  0.377 0.050 0.142 0.178 0.253 
233 OmyJC19ROGR    (1)    2 :  0.162 0.098 0.328 0.078 0.334 
234 OmyJC19ROGR    (1)    2 :  0.024 0.902 0.026 0.028 0.020 
235 OmyJC19ROGR    (0)    2 :  0.080 0.503 0.267 0.086 0.064 
236 OmyJC19ROGR    (1)    2 :  0.054 0.032 0.457 0.256 0.201 
237 OmyJC19ROGR    (1)    2 :  0.147 0.097 0.434 0.175 0.147 
238 OmyJC19ROGR    (0)    2 :  0.048 0.116 0.525 0.039 0.271 
239 OmyJC19ROGR    (1)    2 :  0.205 0.082 0.611 0.050 0.052 
240 OmyJC19ROGR    (1)    2 :  0.414 0.050 0.103 0.067 0.366 
241 OmyJC19ROGR    (0)    2 :  0.247 0.098 0.117 0.454 0.084 
242 OmyJC19ROGR    (1)    2 :  0.131 0.018 0.672 0.137 0.042 
243 OmyJC19ROGR    (1)    2 :  0.181 0.053 0.154 0.354 0.258 
244 OmyJC19ROGR    (1)    2 :  0.151 0.059 0.085 0.241 0.464 
245 OmyJC19ROGR    (0)    2 :  0.029 0.915 0.021 0.018 0.017 
246 OmyJC19ROGR    (1)    2 :  0.066 0.166 0.085 0.597 0.088 
247 OmyJC19ROGR    (0)    2 :  0.124 0.505 0.093 0.133 0.146 
248 OmyJC19ROGR    (1)    2 :  0.290 0.507 0.059 0.053 0.091 
249 OmyJC19ROGR    (1)    2 :  0.192 0.066 0.105 0.053 0.584 
250 OmyJC19ROGR    (0)    2 :  0.410 0.120 0.153 0.130 0.186 
251 OmyJC19ROGR    (1)    2 :  0.187 0.055 0.245 0.082 0.430 
252 OmyJC19ROGR    (0)    2 :  0.048 0.037 0.043 0.776 0.095 
253 OmyJC19ROGR    (0)    2 :  0.614 0.060 0.196 0.044 0.087 
254 OmyJC19ROGR    (1)    2 :  0.141 0.056 0.140 0.454 0.209 
255 OmyJC19ROGR    (1)    2 :  0.083 0.037 0.059 0.479 0.343 
256 OmyJC19ROGR    (1)    2 :  0.054 0.299 0.114 0.318 0.214 
257 OmyJC19ROGR    (0)    2 :  0.205 0.078 0.068 0.058 0.591 
258 OmyAC19ROGR    (1)    1 :  0.212 0.228 0.176 0.137 0.247 
259 OmyAC19ROGR    (2)    1 :  0.156 0.484 0.197 0.089 0.074 
260 OmyAC19ROGR    (1)    1 :  0.330 0.031 0.453 0.084 0.102 
261 OmyAC19ROGR    (0)    1 :  0.541 0.057 0.160 0.050 0.192 
262 OmyAC19ROGR    (1)    1 :  0.325 0.137 0.179 0.196 0.164 
263 OmyAC19ROGR    (0)    1 :  0.069 0.039 0.151 0.504 0.237 
264 OmyAC19ROGR    (1)    1 :  0.209 0.063 0.171 0.077 0.480 
265 OmyAC19ROGR    (1)    1 :  0.128 0.044 0.430 0.137 0.261 
266 OmyAC19ROGR    (1)    1 :  0.219 0.016 0.073 0.043 0.649 
267 OmyAC19ROGR    (1)    1 :  0.357 0.156 0.211 0.105 0.171 
268 OmyAC19ROGR    (2)    1 :  0.184 0.159 0.111 0.390 0.156 
269 OmyAC19ROGR    (1)    1 :  0.606 0.148 0.086 0.066 0.094 
270 OmyAC19ROGR    (1)    1 :  0.097 0.037 0.045 0.518 0.302 
271 OmyAC19ROGR    (1)    1 :  0.398 0.343 0.122 0.055 0.082 
272 OmyAC19ROGR    (0)    1 :  0.196 0.202 0.192 0.042 0.368 
273 OmyAC19ROGR    (0)    1 :  0.563 0.045 0.203 0.099 0.090 
274 OmyAC19ROGR    (1)    1 :  0.092 0.773 0.040 0.036 0.057 
275 OmyAC19ROGR    (1)    1 :  0.128 0.140 0.320 0.264 0.149 
276 OmyAC19ROGR    (1)    1 :  0.222 0.063 0.488 0.061 0.166 
277 OmyAC19ROGR    (1)    1 :  0.384 0.084 0.221 0.053 0.258 
278 OmyAC19ROGR    (1)    1 :  0.125 0.328 0.288 0.052 0.207 
279 OmyAC19ROGR    (0)    1 :  0.163 0.190 0.505 0.052 0.090 
280 OmyAC19ROGR    (1)    1 :  0.156 0.133 0.084 0.346 0.281 
281 OmyAC19ROGR    (1)    1 :  0.584 0.061 0.182 0.061 0.113 
282 OmyAC19ROGR    (1)    1 :  0.281 0.199 0.197 0.135 0.188 
283 OmyAC19ROGR    (1)    1 :  0.293 0.059 0.330 0.067 0.251 
284 OmyAC19ROGR    (0)    1 :  0.176 0.035 0.109 0.155 0.526 
285 OmyAC19ROGR    (1)    1 :  0.183 0.055 0.320 0.289 0.154 
286 OmyAC19ROGR    (1)    1 :  0.235 0.030 0.373 0.139 0.224 
287 OmyAC19ROGR    (1)    1 :  0.019 0.939 0.015 0.014 0.013 
288 OmyAC19ROGR    (1)    1 :  0.057 0.755 0.086 0.055 0.047 
289 OmyAC19ROGR    (1)    1 :  0.426 0.117 0.274 0.053 0.130 
290 OmyAC19ROGR    (1)    1 :  0.018 0.914 0.020 0.028 0.020 
291 OmyAC19ROGR    (1)    1 :  0.098 0.424 0.113 0.182 0.183 
292 OmyAC19ROGR    (1)    1 :  0.470 0.236 0.110 0.060 0.123 
293 OmyAC19ROGR    (1)    1 :  0.157 0.042 0.082 0.628 0.090 
294 OmyAC19ROGR    (1)    1 :  0.137 0.210 0.344 0.044 0.265 
295 OmyAC19ROGR    (0)    1 :  0.362 0.028 0.201 0.157 0.252 
296 OmyAC19ROGR    (0)    1 :  0.137 0.035 0.527 0.114 0.187 
297 OmyAC19ROGR    (1)    1 :  0.075 0.774 0.055 0.035 0.062 
298 OmyAC19ROGR    (0)    1 :  0.076 0.022 0.565 0.045 0.293 
299 OmyAC19ROGR    (1)    1 :  0.071 0.230 0.310 0.287 0.102 
300 OmyAC19ROGR    (1)    1 :  0.357 0.038 0.286 0.098 0.221 
301 OmyAC19ROGR    (0)    1 :  0.044 0.868 0.026 0.025 0.037 
302 OmyAC19ROGR    (1)    1 :  0.094 0.437 0.239 0.063 0.168 
303 OmyAC19ROGR    (1)    1 :  0.571 0.121 0.183 0.052 0.074 
304 OmyAC19ROGR    (1)    1 :  0.217 0.145 0.491 0.087 0.060 
305 OmyAC19ROGR    (1)    1 :  0.255 0.032 0.427 0.102 0.184 
306 OmyAC19ROGR    (1)    1 :  0.115 0.635 0.063 0.022 0.165 
307 OmyAC19ROGR    (2)    1 :  0.273 0.025 0.215 0.204 0.283 
308 OmyAC19ROGR    (0)    1 :  0.243 0.133 0.261 0.051 0.311 
309 OmyAC19ROGR    (2)    1 :  0.024 0.891 0.028 0.024 0.033 
310 OmyAC19ROGR    (0)    1 :  0.220 0.443 0.155 0.067 0.115 
311 OmyAC19ROGR    (0)    1 :  0.116 0.505 0.247 0.049 0.083 
312 OmyAC19ROGR    (0)    1 :  0.128 0.048 0.131 0.588 0.106 
313 OmyAC19ROGR    (1)    1 :  0.095 0.022 0.434 0.120 0.329 
314 OmyAC19ROGR    (0)    1 :  0.118 0.051 0.122 0.616 0.093 
315 OmyAC19ROGR    (1)    1 :  0.423 0.064 0.131 0.092 0.291 
316 OmyAC19ROGR    (1)    1 :  0.168 0.043 0.338 0.072 0.378 
317 OmyAC19ROGR    (1)    1 :  0.611 0.038 0.094 0.212 0.046 
318 OmyAC19ROGR    (1)    1 :  0.230 0.034 0.128 0.446 0.161 
319 OmyAC19ROGR    (1)    1 :  0.448 0.021 0.285 0.096 0.150 
320 OmyAC19ROGR    (0)    1 :  0.052 0.016 0.295 0.075 0.561 
321 OmyAC19ROGR    (1)    1 :  0.252 0.029 0.329 0.069 0.322 
322 OmyAC19ROGR    (0)    1 :  0.398 0.279 0.106 0.048 0.168 
323 OmyAC19ROGR    (1)    1 :  0.202 0.033 0.293 0.028 0.444 
324 OmyAC19ROGR    (1)    1 :  0.069 0.032 0.082 0.122 0.695 
325 OmyAC19ROGR    (1)    1 :  0.290 0.380 0.076 0.036 0.218 
326 OmyAC19ROGR    (1)    1 :  0.225 0.062 0.213 0.060 0.440 
327 OmyAC19ROGR    (1)    1 :  0.063 0.045 0.248 0.117 0.527 
328 OmyJC18ROGR    (1)    2 :  0.061 0.051 0.120 0.618 0.150 
329 OmyJC18ROGR    (0)    2 :  0.363 0.077 0.138 0.069 0.354 
330 OmyJC18ROGR    (0)    2 :  0.179 0.080 0.082 0.030 0.629 
331 OmyJC18ROGR    (1)    2 :  0.064 0.639 0.131 0.064 0.103 
332 OmyJC18ROGR    (1)    2 :  0.087 0.703 0.104 0.047 0.060 
333 OmyJC18ROGR    (1)    2 :  0.076 0.814 0.053 0.026 0.030 
334 OmyJC18ROGR    (1)    2 :  0.160 0.187 0.078 0.177 0.397 
335 OmyJC18ROGR    (0)    2 :  0.091 0.024 0.201 0.483 0.201 
336 OmyJC18ROGR    (1)    2 :  0.048 0.855 0.039 0.031 0.027 
337 OmyJC18ROGR    (1)    2 :  0.442 0.039 0.229 0.039 0.251 
338 OmyJC18ROGR    (1)    2 :  0.034 0.832 0.080 0.019 0.036 
339 OmyJC18ROGR    (1)    2 :  0.659 0.046 0.077 0.036 0.183 
340 OmyJC18ROGR    (0)    2 :  0.090 0.133 0.142 0.500 0.134 
341 OmyJC18ROGR    (1)    2 :  0.153 0.018 0.466 0.202 0.162 
342 OmyJC18ROGR    (2)    2 :  0.136 0.373 0.252 0.088 0.150 
343 OmyJC18ROGR    (2)    2 :  0.155 0.332 0.128 0.246 0.139 
344 OmyJC18ROGR    (3)    2 :  0.206 0.419 0.193 0.104 0.077 
345 OmyJC18ROGR    (2)    2 :  0.055 0.650 0.074 0.099 0.122 
346 OmyJC18ROGR    (4)    2 :  0.080 0.023 0.050 0.024 0.824 
347 OmyJC18ROGR    (3)    2 :  0.400 0.050 0.374 0.045 0.131 
348 OmyJC18ROGR    (1)    2 :  0.363 0.193 0.153 0.082 0.209 
349 OmyJC18ROGR    (1)    2 :  0.168 0.032 0.627 0.052 0.121 
350 OmyJC18ROGR    (1)    2 :  0.153 0.043 0.596 0.037 0.171 
351 OmyJC18ROGR    (0)    2 :  0.105 0.706 0.123 0.030 0.036 
352 OmyJC18ROGR    (4)    2 :  0.076 0.388 0.257 0.074 0.205 
353 OmyJC18ROGR    (2)    2 :  0.209 0.165 0.145 0.163 0.318 
354 OmyJC18ROGR    (1)    2 :  0.420 0.094 0.101 0.047 0.338 
355 OmyJC18ROGR    (2)    2 :  0.446 0.035 0.086 0.057 0.376 
356 OmyJC18ROGR    (1)    2 :  0.105 0.034 0.179 0.436 0.246 
357 OmyJC18ROGR    (2)    2 :  0.044 0.679 0.035 0.198 0.043 
358 OmyJC18ROGR    (2)    2 :  0.268 0.020 0.183 0.351 0.178 
359 OmyJC18ROGR    (3)    2 :  0.268 0.084 0.462 0.091 0.095 
360 OmyJC18ROGR    (0)    2 :  0.333 0.049 0.109 0.306 0.204 
361 OmyJC18ROGR    (1)    2 :  0.109 0.021 0.104 0.055 0.710 
362 OmyJC18ROGR    (1)    2 :  0.189 0.184 0.179 0.069 0.379 
363 OmyJC18ROGR    (2)    2 :  0.308 0.212 0.099 0.184 0.197 
364 OmyJC18ROGR    (3)    2 :  0.148 0.024 0.622 0.055 0.150 
365 OmyJC18ROGR    (4)    2 :  0.267 0.041 0.276 0.040 0.376 
366 OmyJC18ROGR    (4)    2 :  0.117 0.039 0.320 0.346 0.178 
367 OmyJC18ROGR    (3)    2 :  0.056 0.781 0.047 0.033 0.082 
368 OmyJC18ROGR    (3)    2 :  0.187 0.355 0.209 0.076 0.173 
369 OmyJC18ROGR    (2)    2 :  0.282 0.078 0.080 0.341 0.219 
370 OmyJC18ROGR    (3)    2 :  0.262 0.058 0.223 0.081 0.376 
371 OmyJC18ROGR    (1)    2 :  0.395 0.040 0.191 0.105 0.269 
372 OmyJC18ROGR    (3)    2 :  0.251 0.091 0.343 0.128 0.186 
373 OmyJC18ROGR    (5)    2 :  0.139 0.093 0.084 0.478 0.206 
374 OmyJC18ROGR    (5)    2 :  0.097 0.021 0.092 0.742 0.048 
375 OmyJC18ROGR    (3)    2 :  0.308 0.103 0.230 0.053 0.307 
376 OmyJC18ROGR    (3)    2 :  0.029 0.869 0.039 0.030 0.033 
377 OmyJC18ROGR    (4)    2 :  0.135 0.230 0.088 0.406 0.141 
378 OmyJC18ROGR    (0)    2 :  0.188 0.087 0.422 0.220 0.084 
379 OmyJC18ROGR    (5)    2 :  0.122 0.112 0.353 0.136 0.277 
380 OmyJC18ROGR    (4)    2 :  0.331 0.140 0.092 0.159 0.278 
381 OmyJC18ROGR    (1)    2 :  0.450 0.050 0.275 0.095 0.129 
382 OmyJC18ROGR    (1)    2 :  0.217 0.038 0.383 0.131 0.231 
383 OmyJC18ROGR    (3)    2 :  0.197 0.460 0.067 0.066 0.209 
384 OmyJC18ROGR    (2)    2 :  0.040 0.150 0.649 0.028 0.133 
385 OmyJC18ROGR    (4)    2 :  0.167 0.050 0.148 0.029 0.607 
386 OmyJC18ROGR    (2)    2 :  0.127 0.338 0.334 0.050 0.150 
387 OmyJC18ROGR    (1)    2 :  0.144 0.297 0.184 0.300 0.074 
388 OmyJC18ROGR    (6)    2 :  0.409 0.061 0.112 0.303 0.115 
389 OmyJC18ROGR    (1)    2 :  0.289 0.145 0.224 0.065 0.278 
390 OmyJC18ROGR    (1)    2 :  0.197 0.065 0.377 0.094 0.267 
391 OmyJC18ROGR    (3)    2 :  0.032 0.831 0.048 0.054 0.036 
392 OmyJC18ROGR    (2)    2 :  0.158 0.048 0.238 0.298 0.258 
393 OmyJC18ROGR    (4)    2 :  0.047 0.078 0.045 0.723 0.107 
394 OmyJC18ROGR    (3)    2 :  0.074 0.750 0.097 0.024 0.055 
395 OmyJC18ROGR    (7)    2 :  0.197 0.214 0.096 0.396 0.097 
396 OmyJC18ROGR    (4)    2 :  0.068 0.512 0.127 0.203 0.090 
397 OmyJC18ROGR    (1)    2 :  0.260 0.059 0.248 0.113 0.320 
398 OmyJC18ROGR    (3)    2 :  0.206 0.206 0.107 0.125 0.356 
399 OmyJC18ROGR    (2)    2 :  0.273 0.290 0.083 0.235 0.119 
400 OmyJC18ROGR    (0)    2 :  0.126 0.054 0.327 0.097 0.396 
401 OmyJC18ROGR    (6)    2 :  0.112 0.066 0.050 0.650 0.121 
402 OmyJC18ROGR    (5)    2 :  0.138 0.229 0.048 0.392 0.194 
403 OmyJC18ROGR    (1)    2 :  0.309 0.137 0.130 0.206 0.218 
404 OmyJC18ROGR    (2)    2 :  0.560 0.112 0.175 0.043 0.111 
405 OmyJC18ROGR    (3)    2 :  0.098 0.041 0.524 0.070 0.267 
406 OmyJC18ROGR    (2)    2 :  0.284 0.042 0.262 0.046 0.365 
407 OmyJC18ROGR    (2)    2 :  0.067 0.107 0.489 0.250 0.087 
408 OmyJC18ROGR    (2)    2 :  0.054 0.098 0.438 0.289 0.120 
409 OmyJC18ROGR    (1)    2 :  0.169 0.036 0.185 0.275 0.335 
410 OmyJC18ROGR    (1)    2 :  0.127 0.032 0.275 0.059 0.507 
411 OmyJC18ROGR    (1)    2 :  0.471 0.042 0.062 0.071 0.354 
412 OmyJC18ROGR    (0)    2 :  0.205 0.023 0.574 0.032 0.166 
413 OmyJC18ROGR    (1)    2 :  0.159 0.045 0.159 0.035 0.602 
414 OmyJC18ROGR    (2)    2 :  0.476 0.024 0.276 0.044 0.180 
415 OmyJC18ROGR    (2)    2 :  0.282 0.021 0.054 0.138 0.505 
416 OmyJC18ROGR    (3)    2 :  0.419 0.065 0.167 0.056 0.293 
417 OmyJC18ROGR    (1)    2 :  0.106 0.048 0.147 0.351 0.347 
418 OmyJC18ROGR    (0)    2 :  0.077 0.039 0.040 0.685 0.159 
419 OmyJC18ROGR    (1)    2 :  0.254 0.029 0.139 0.341 0.236 
420 OmyJC18ROGR    (0)    2 :  0.239 0.029 0.047 0.033 0.652 
421 OmyJC18ROGR    (1)    2 :  0.165 0.062 0.485 0.064 0.224 
422 OmyJC18ROGR    (6)    2 :  0.726 0.049 0.058 0.063 0.105 
423 OmyJC18ROGR    (2)    2 :  0.191 0.060 0.105 0.110 0.533 
424 OmyJC18ROGR    (1)    2 :  0.053 0.228 0.107 0.188 0.423 
425 OmyJC18ROGR    (1)    2 :  0.175 0.293 0.182 0.052 0.298 
426 OmyJC18ROGR    (3)    2 :  0.160 0.033 0.184 0.153 0.469 
427 OmyJC18ROGR    (2)    2 :  0.141 0.583 0.180 0.023 0.072 
428 OmyJC18ROGR    (6)    2 :  0.052 0.017 0.066 0.034 0.831 
429 OmyJC18ROGR    (1)    2 :  0.403 0.176 0.206 0.028 0.188 
430 OmyJC18ROGR    (1)    2 :  0.563 0.119 0.097 0.108 0.113 
431 OmyJC18ROGR    (0)    2 :  0.193 0.053 0.125 0.043 0.587 
432 OmyJC18ROGR    (2)    2 :  0.070 0.776 0.059 0.051 0.043 
433 OmyJC18ROGR    (2)    2 :  0.190 0.080 0.064 0.569 0.097 
434 OmyJC18ROGR    (2)    2 :  0.590 0.110 0.072 0.041 0.186 
435 OmyJC18ROGR    (8)    2 :  0.079 0.085 0.227 0.142 0.466 
436 OmyJC18ROGR    (2)    2 :  0.168 0.039 0.205 0.122 0.466 
437 OmyJC18ROGR    (4)    2 :  0.219 0.034 0.194 0.205 0.349 
438 OmyJC18ROGR    (1)    2 :  0.066 0.071 0.035 0.755 0.072 
439 OmyJC18ROGR    (2)    2 :  0.251 0.501 0.090 0.068 0.090 
440 OmyJC18ROGR    (0)    2 :  0.061 0.123 0.031 0.726 0.059 
441 OmyJC18ROGR    (1)    2 :  0.084 0.031 0.780 0.042 0.063 
442 OmyJC18ROGR    (6)    2 :  0.277 0.119 0.373 0.153 0.078 
443 OmyJC18ROGR    (1)    2 :  0.207 0.023 0.509 0.046 0.216 
444 OmyJC18ROGR    (6)    2 :  0.123 0.041 0.135 0.316 0.384 
445 OmyJC18ROGR    (2)    2 :  0.183 0.093 0.132 0.204 0.389 
446 OmyJC18ROGR    (3)    2 :  0.106 0.288 0.123 0.310 0.173 
447 OmyJC18ROGR    (2)    2 :  0.260 0.108 0.358 0.117 0.157 
448 OmyJC18ROGR    (3)    2 :  0.629 0.060 0.180 0.048 0.083 
449 OmyJC18ROGR    (1)    2 :  0.122 0.036 0.530 0.096 0.216 
450 OmyJC18ROGR    (4)    2 :  0.057 0.200 0.061 0.199 0.484 
451 OmyJC18ROGR    (3)    2 :  0.412 0.039 0.296 0.075 0.177 
452 OmyJC18ROGR    (1)    2 :  0.461 0.080 0.229 0.042 0.189 
453 OmyJC18ROGR    (1)    2 :  0.130 0.027 0.464 0.032 0.346 
454 OmyJC18ROGR    (4)    2 :  0.112 0.063 0.299 0.394 0.132 
455 OmyJC18ROGR    (4)    2 :  0.121 0.443 0.204 0.150 0.082 
456 OmyJC18ROGR    (5)    2 :  0.204 0.141 0.119 0.080 0.456 
457 OmyJC18ROGR    (3)    2 :  0.311 0.029 0.064 0.390 0.206 
458 OmyJC18ROGR    (1)    2 :  0.078 0.061 0.225 0.173 0.462 
459 OmyJC18ROGR    (1)    2 :  0.046 0.857 0.036 0.023 0.037 
460 OmyJC18ROGR    (2)    2 :  0.137 0.050 0.296 0.047 0.469 
461 OmyJC18ROGR    (1)    2 :  0.115 0.706 0.061 0.077 0.041 
462 OmyJC18ROGR    (1)    2 :  0.226 0.017 0.243 0.289 0.226 
463 OmyJC18ROGR    (4)    2 :  0.254 0.057 0.459 0.076 0.154 
464 OmyJC18ROGR    (6)    2 :  0.122 0.030 0.174 0.260 0.414 
465 OmyJC18ROGR    (3)    2 :  0.084 0.040 0.109 0.502 0.264 
466 OmyJC18ROGR    (3)    2 :  0.117 0.094 0.271 0.299 0.219 
467 OmyJC18ROGR    (2)    2 :  0.762 0.066 0.063 0.034 0.076 
468 OmyJC18ROGR    (2)    2 :  0.109 0.020 0.165 0.109 0.597 
469 OmyJC18ROGR    (1)    2 :  0.021 0.911 0.018 0.024 0.026 
470 OmyJC18ROGR    (0)    2 :  0.111 0.248 0.105 0.478 0.058 
471 OmyJC18ROGR    (2)    2 :  0.322 0.076 0.084 0.080 0.438 
472 OmyJC18ROGR    (2)    2 :  0.068 0.010 0.074 0.027 0.822 
473 OmyJC18ROGR    (1)    2 :  0.218 0.096 0.278 0.089 0.319 
474 OmyJC18ROGR    (3)    2 :  0.064 0.059 0.085 0.053 0.740 
475 OmyJC18ROGR    (1)    2 :  0.351 0.089 0.167 0.286 0.107 
476 OmyJC18ROGR    (2)    2 :  0.361 0.044 0.320 0.090 0.185 
477 OmyJC18ROGR    (0)    2 :  0.422 0.080 0.082 0.238 0.179 
478 OmyJC18ROGR    (1)    2 :  0.218 0.083 0.338 0.073 0.288 
479 OmyJC18ROGR    (1)    2 :  0.352 0.048 0.105 0.210 0.285 
480 OmyJC18ROGR    (1)    2 :  0.360 0.090 0.241 0.048 0.261 
481 OmyJC18ROGR    (1)    2 :  0.274 0.054 0.352 0.079 0.241 
482 OmyJC18ROGR    (1)    2 :  0.381 0.036 0.117 0.353 0.114 
483 OmyJC18ROGR    (0)    2 :  0.165 0.032 0.490 0.165 0.149 
484 OmyJC18ROGR    (0)    2 :  0.281 0.072 0.538 0.045 0.065 
485 OmyJC18ROGR    (0)    2 :  0.385 0.031 0.134 0.323 0.127 
486 OmyJC18ROGR    (0)    2 :  0.142 0.052 0.280 0.148 0.377 
487 OmyJC18ROGR    (1)    2 :  0.346 0.031 0.057 0.526 0.040 
488 OmyJC18ROGR    (1)    2 :  0.252 0.073 0.111 0.277 0.287 
489 OmyJC18ROGR    (1)    2 :  0.247 0.053 0.505 0.053 0.142 
490 OmyJC18ROGR    (0)    2 :  0.161 0.024 0.447 0.031 0.337 
491 OmyJC18ROGR    (0)    2 :  0.073 0.062 0.195 0.579 0.090 
492 OmyJC18ROGR    (5)    2 :  0.068 0.754 0.036 0.097 0.045 
493 OmyJC18ROGR    (1)    2 :  0.497 0.201 0.073 0.164 0.064 
494 OmyJC18ROGR    (3)    2 :  0.160 0.039 0.119 0.107 0.575 
495 OmyJC18ROGR    (1)    2 :  0.358 0.090 0.122 0.168 0.262 
496 OmyJC18ROGR    (1)    2 :  0.189 0.097 0.090 0.034 0.591 
497 OmyJC18ROGR    (1)    2 :  0.414 0.019 0.102 0.221 0.243 
498 OmyJC18ROGR    (1)    2 :  0.133 0.062 0.387 0.289 0.129 
499 OmyJC18ROGR    (1)    2 :  0.147 0.038 0.326 0.226 0.264 
500 OmyJC18ROGR    (1)    2 :  0.219 0.094 0.204 0.039 0.444 
501 OmyJC18ROGR    (2)    2 :  0.127 0.027 0.086 0.408 0.351 
502 OmyJC18ROGR    (1)    2 :  0.175 0.204 0.139 0.410 0.072 
503 OmyJC18ROGR    (2)    2 :  0.088 0.104 0.431 0.194 0.183 
504 OmyJC18ROGR    (2)    2 :  0.206 0.071 0.080 0.528 0.114 
505 OmyJC18ROGR    (2)    2 :  0.058 0.075 0.108 0.074 0.686 
506 OmyJC18ROGR    (3)    2 :  0.159 0.069 0.078 0.108 0.586 
507 OmyJC18ROGR    (1)    2 :  0.284 0.109 0.111 0.046 0.449 
508 OmyJC18ROGR    (7)    2 :  0.355 0.042 0.111 0.092 0.400 
509 OmyJC18ROGR    (1)    2 :  0.517 0.137 0.070 0.155 0.121 
510 OmyJC18ROGR    (1)    2 :  0.020 0.930 0.018 0.015 0.017 
511 OmyJC18ROGR    (2)    2 :  0.063 0.151 0.130 0.511 0.146 
512 OmyJC18ROGR    (1)    2 :  0.071 0.027 0.164 0.473 0.265 
513 OmyJC18ROGR    (3)    2 :  0.556 0.035 0.135 0.039 0.235 
514 OmyJC18ROGR    (1)    2 :  0.026 0.029 0.054 0.834 0.057 
515 OmyJC18ROGR    (5)    2 :  0.295 0.036 0.228 0.085 0.356 
516 OmyJC18ROGR    (3)    2 :  0.103 0.291 0.071 0.425 0.110 
517 OmyJC18ROGR    (1)    2 :  0.126 0.021 0.369 0.373 0.111 
518 OmyJC18ROGR    (1)    2 :  0.142 0.504 0.103 0.137 0.113 
519 OmyJC18ROGR    (0)    2 :  0.238 0.097 0.066 0.223 0.376 
520 OmyJC18ROGR    (0)    2 :  0.174 0.040 0.496 0.204 0.085 
521 OmyJC18ROGR    (2)    2 :  0.319 0.085 0.135 0.121 0.340 
522 OmyJC18ROGR    (2)    2 :  0.172 0.356 0.085 0.074 0.313 
523 OmyJC18ROGR    (1)    2 :  0.160 0.287 0.093 0.368 0.093 
524 OmyJC18ROGR    (3)    2 :  0.169 0.138 0.137 0.113 0.443 
525 OmyJC18ROGR    (1)    2 :  0.694 0.042 0.102 0.116 0.045 
526 OmyJC18ROGR    (7)    2 :  0.169 0.021 0.424 0.057 0.328 
527 OmyJC18ROGR    (4)    2 :  0.148 0.093 0.316 0.082 0.360 
528 OmyJC18ROGR    (1)    2 :  0.165 0.026 0.286 0.229 0.294 
529 OmyJC18ROGR    (2)    2 :  0.071 0.031 0.299 0.066 0.532 
530 OmyJC18ROGR    (1)    2 :  0.139 0.067 0.118 0.361 0.316 
531 OmyJC18ROGR    (2)    2 :  0.174 0.034 0.524 0.078 0.189 
532 OmyJC18ROGR    (2)    2 :  0.161 0.019 0.171 0.103 0.546 
533 OmyJC18ROGR    (5)    2 :  0.040 0.865 0.036 0.035 0.025 
534 OmyJC18ROGR    (2)    2 :  0.113 0.108 0.185 0.140 0.454 
535 OmyJC18ROGR    (3)    2 :  0.114 0.055 0.263 0.366 0.202 
536 OmyJC18ROGR    (0)    2 :  0.257 0.134 0.190 0.051 0.368 
537 OmyJC18ROGR    (3)    2 :  0.407 0.209 0.175 0.083 0.126 
538 OmyJC18ROGR    (1)    2 :  0.457 0.034 0.113 0.127 0.269 
539 OmyJC18ROGR    (1)    2 :  0.243 0.052 0.106 0.272 0.326 
540 OmyJC18ROGR    (1)    2 :  0.187 0.056 0.370 0.096 0.292 
541 OmyJC18ROGR    (5)    2 :  0.201 0.016 0.290 0.301 0.192 
542 OmyJC18ROGR    (4)    2 :  0.337 0.095 0.316 0.074 0.177 
543 OmyJC18ROGR    (2)    2 :  0.199 0.022 0.173 0.344 0.262 
544 OmyJC18ROGR    (2)    2 :  0.515 0.048 0.043 0.218 0.176 
545 OmyJC18ROGR    (2)    2 :  0.165 0.263 0.293 0.189 0.090 
546 OmyJC18ROGR    (1)    2 :  0.122 0.050 0.250 0.260 0.318 
547 OmyJC18ROGR    (1)    2 :  0.250 0.061 0.187 0.219 0.283 
548 OmyJC18ROGR    (1)    2 :  0.092 0.717 0.067 0.039 0.084 
549 OmyJC18ROGR    (1)    2 :  0.187 0.233 0.374 0.144 0.062 
550 OmyJC18ROGR    (2)    2 :  0.170 0.247 0.299 0.061 0.223 
551 OmyJC18ROGR    (4)    2 :  0.139 0.128 0.496 0.058 0.179 
552 OmyJC18ROGR    (6)    2 :  0.366 0.034 0.346 0.020 0.234 
553 OmyJC18ROGR    (3)    2 :  0.066 0.031 0.033 0.818 0.053 
554 OmyJC18ROGR    (1)    2 :  0.279 0.017 0.106 0.491 0.108 
555 OmyJC18ROGR    (4)    2 :  0.105 0.031 0.336 0.382 0.146 
556 OmyJC18ROGR    (2)    2 :  0.194 0.083 0.323 0.168 0.232 
557 OmyJC18ROGR    (0)    2 :  0.480 0.041 0.152 0.109 0.218 
558 OmyJC18ROGR    (2)    2 :  0.390 0.073 0.126 0.250 0.161 
559 OmyJC18ROGR    (3)    2 :  0.238 0.243 0.352 0.071 0.096 
560 OmyJC18ROGR    (6)    2 :  0.154 0.033 0.277 0.414 0.122 
561 OmyJC18ROGR    (1)    2 :  0.395 0.139 0.262 0.031 0.173 
562 OmyJC18ROGR    (2)    2 :  0.139 0.062 0.087 0.572 0.141 
563 OmyJC18ROGR    (2)    2 :  0.263 0.293 0.198 0.184 0.062 
564 OmyJC18ROGR    (1)    2 :  0.085 0.338 0.162 0.101 0.314 
565 OmyJC18ROGR    (1)    2 :  0.495 0.039 0.104 0.027 0.334 
566 OmyJC18ROGR    (1)    2 :  0.176 0.028 0.116 0.125 0.555 
567 OmyJC18ROGR    (1)    2 :  0.121 0.040 0.622 0.053 0.165 
568 OmyJC18ROGR    (1)    2 :  0.108 0.027 0.707 0.076 0.082 
569 OmyJC18ROGR    (3)    2 :  0.113 0.042 0.316 0.124 0.405 
570 OmyJC18ROGR    (1)    2 :  0.180 0.273 0.107 0.228 0.212 
571 OmyJC18ROGR    (2)    2 :  0.177 0.563 0.084 0.090 0.087 
572 OmyJC18ROGR    (5)    2 :  0.435 0.125 0.045 0.330 0.065 
573 OmyJC18ROGR    (5)    2 :  0.117 0.151 0.585 0.088 0.059 
574 OmyJC18ROGR    (1)    2 :  0.073 0.129 0.660 0.046 0.093 
575 OmyJC18ROGR    (2)    2 :  0.182 0.035 0.380 0.265 0.138 
576 OmyJC18ROGR    (0)    2 :  0.073 0.020 0.281 0.571 0.055 
577 OmyJC18ROGR    (1)    2 :  0.196 0.268 0.363 0.069 0.104 
578 OmyJC18ROGR    (1)    2 :  0.181 0.025 0.712 0.022 0.060 
579 OmyJC18ROGR    (2)    2 :  0.564 0.059 0.106 0.198 0.073 
580 OmyJC18ROGR    (1)    2 :  0.408 0.018 0.139 0.271 0.165 
581 OmyJC18ROGR    (1)    2 :  0.297 0.134 0.075 0.430 0.065 
582 OmyJC18ROGR    (0)    2 :  0.167 0.067 0.101 0.045 0.620 
583 OmyJC18ROGR    (1)    2 :  0.211 0.064 0.361 0.259 0.106 
584 OmyJC18ROGR    (2)    2 :  0.057 0.264 0.429 0.198 0.052 
585 OmyJC18ROGR    (1)    2 :  0.068 0.219 0.522 0.033 0.159 
586 OmyJC18ROGR    (0)    2 :  0.084 0.564 0.203 0.087 0.061 
587 OmyJC18ROGR    (1)    2 :  0.183 0.031 0.073 0.156 0.557 
588 OmyJC18ROGR    (0)    2 :  0.192 0.392 0.285 0.084 0.046 
589 OmyJC18ROGR    (2)    2 :  0.053 0.034 0.055 0.775 0.083 
590 OmyJC18ROGR    (2)    2 :  0.485 0.123 0.059 0.130 0.203 
591 OmyJC18ROGR    (1)    2 :  0.119 0.383 0.309 0.100 0.090 
592 OmyJC18ROGR    (1)    2 :  0.381 0.040 0.188 0.160 0.231 
593 OmyJC18ROGR    (1)    2 :  0.098 0.255 0.242 0.058 0.346 
594 OmyJC18ROGR    (3)    2 :  0.222 0.038 0.239 0.091 0.409 
595 OmyJC18ROGR    (1)    2 :  0.044 0.081 0.779 0.054 0.043 
596 OmyJC18ROGR    (1)    2 :  0.275 0.071 0.110 0.060 0.484 
597 OmyJC18ROGR    (1)    2 :  0.071 0.068 0.273 0.045 0.542 
598 OmyJC18ROGR    (1)    2 :  0.136 0.581 0.142 0.066 0.074 
599 OmyJC18ROGR    (1)    2 :  0.129 0.070 0.355 0.307 0.139 
600 OmyJC18ROGR    (2)    2 :  0.365 0.046 0.152 0.329 0.108 
601 OmyJC18ROGR    (7)    2 :  0.171 0.015 0.090 0.681 0.043 
602 OmyJC18ROGR    (3)    2 :  0.076 0.062 0.055 0.033 0.775 
603 OmyJC18ROGR    (1)    2 :  0.165 0.040 0.250 0.326 0.219 
604 OmyJC18ROGR    (1)    2 :  0.102 0.045 0.533 0.168 0.153 
605 OmyJC18ROGR    (1)    2 :  0.069 0.036 0.132 0.535 0.227 
606 OmyJC18ROGR    (1)    2 :  0.072 0.364 0.391 0.041 0.133 
