

----------------------------------------------------
STRUCTURE by Pritchard, Stephens and Donnelly (2000)
     and Falush, Stephens and Pritchard (2003)
       Code by Pritchard, Falush and Hubisz
             Version 2.3.4 (Jul 2012)
----------------------------------------------------



Command line arguments:   bin/structure -m "/Users/ddayan/FRA/premature_migration/Rogue_Half-Pounder/rogue_half_pounder_repo/structure/halfpounder/10k_20k_adm_corr_rep2/mainparams" -e "/Users/ddayan/FRA/premature_migration/Rogue_Half-Pounder/rogue_half_pounder_repo/structure/halfpounder/10k_20k_adm_corr_rep2/extraparams" 
Input File:    /Users/ddayan/FRA/premature_migration/Rogue_Half-Pounder/rogue_half_pounder_repo/structure/halfpounder/project_data

Run parameters:
   882 individuals
   330 loci
   5 populations assumed
   10000 Burn-in period
   20000 Reps


--------------------------------------------
Proportion of membership of each pre-defined
 population in each of the 5 clusters

Given    Inferred Clusters                     Number of
 Pop       1      2      3      4      5      Individuals

  1:     0.179  0.204  0.234  0.194  0.188      157
  2:     0.186  0.209  0.198  0.196  0.211      643
  3:     0.088  0.323  0.210  0.058  0.320       40
  4:     0.686  0.070  0.102  0.052  0.091       42
--------------------------------------------

Allele-freq. divergence among pops (Net nucleotide distance),
computed using point estimates of P.

      1       2       3       4       5      
 1      -    0.0042  0.0037  0.0118  0.0043  
 2   0.0042     -    0.0016  0.0089  0.0016  
 3   0.0037  0.0016     -    0.0089  0.0018  
 4   0.0118  0.0089  0.0089     -    0.0090  
 5   0.0043  0.0016  0.0018  0.0090     -    

Average distances (expected heterozygosity) between individuals in same cluster:
cluster  1  : 0.2797 
cluster  2  : 0.2852 
cluster  3  : 0.2853 
cluster  4  : 0.2526 
cluster  5  : 0.2858 

--------------------------------------------
Estimated Ln Prob of Data   = -248235.2
Mean value of ln likelihood = -246082.8
Variance of ln likelihood   = 4304.9
Mean value of alpha         = 0.2290

Mean value of Fst_1         = 0.0293
Mean value of Fst_2         = 0.0134
Mean value of Fst_3         = 0.0140
Mean value of Fst_4         = 0.0776
Mean value of Fst_5         = 0.0151


Inferred ancestry of individuals:
        Label (%Miss) Pop:  Inferred clusters
  1 OmyAC19ROGR    (0)    1 :  0.331 0.315 0.163 0.017 0.174 
  2 OmyAC19ROGR    (1)    1 :  0.175 0.216 0.419 0.085 0.104 
  3 OmyAC19ROGR    (1)    1 :  0.154 0.455 0.285 0.063 0.043 
  4 OmyAC19ROGR    (1)    1 :  0.147 0.284 0.207 0.030 0.332 
  5 OmyAC19ROGR    (2)    1 :  0.014 0.031 0.020 0.922 0.013 
  6 OmyAC19ROGR    (1)    1 :  0.053 0.560 0.078 0.209 0.100 
  7 OmyAC19ROGR    (1)    1 :  0.169 0.195 0.138 0.223 0.275 
  8 OmyAC19ROGR    (0)    1 :  0.096 0.091 0.686 0.017 0.109 
  9 OmyAC19ROGR    (1)    1 :  0.170 0.418 0.168 0.171 0.074 
 10 OmyAC19ROGR    (1)    1 :  0.143 0.081 0.152 0.480 0.145 
 11 OmyAC19ROGR    (0)    1 :  0.161 0.355 0.114 0.115 0.255 
 12 OmyAC19ROGR    (0)    1 :  0.075 0.615 0.077 0.115 0.119 
 13 OmyAC19ROGR    (1)    1 :  0.127 0.082 0.467 0.032 0.292 
 14 OmyAC19ROGR    (1)    1 :  0.026 0.132 0.067 0.424 0.350 
 15 OmyAC19ROGR    (2)    1 :  0.048 0.160 0.065 0.427 0.300 
 16 OmyAC19ROGR    (1)    1 :  0.155 0.171 0.214 0.132 0.328 
 17 OmyAC19ROGR    (1)    1 :  0.022 0.189 0.596 0.096 0.097 
 18 OmyAC19ROGR    (2)    1 :  0.204 0.075 0.468 0.029 0.225 
 19 OmyAC19ROGR    (1)    1 :  0.092 0.065 0.298 0.061 0.484 
 20 OmyAC19ROGR    (1)    1 :  0.027 0.237 0.093 0.225 0.419 
 21 OmyAC19ROGR    (1)    1 :  0.081 0.083 0.536 0.167 0.133 
 22 OmyAC19ROGR    (1)    1 :  0.374 0.183 0.189 0.083 0.170 
 23 OmyAC19ROGR    (1)    1 :  0.107 0.238 0.400 0.176 0.079 
 24 OmyAC19ROGR    (1)    1 :  0.796 0.100 0.045 0.022 0.037 
 25 OmyAC19ROGR    (1)    1 :  0.081 0.149 0.237 0.228 0.305 
 26 OmyAC19ROGR    (1)    1 :  0.320 0.198 0.269 0.134 0.079 
 27 OmyAC19ROGR    (1)    1 :  0.053 0.192 0.117 0.062 0.576 
 28 OmyAC19ROGR    (1)    1 :  0.843 0.050 0.035 0.040 0.032 
 29 OmyAC19ROGR    (1)    1 :  0.135 0.233 0.353 0.070 0.208 
 30 OmyAC19ROGR    (1)    1 :  0.051 0.083 0.173 0.620 0.073 
 31 OmyAC19ROGR    (1)    1 :  0.153 0.198 0.495 0.043 0.110 
 32 OmyAC19ROGR    (1)    1 :  0.125 0.064 0.603 0.101 0.107 
 33 OmyAC19ROGR    (1)    1 :  0.336 0.210 0.174 0.153 0.127 
 34 OmyAC19ROGR    (1)    1 :  0.063 0.088 0.106 0.542 0.201 
 35 OmyAC19ROGR    (0)    1 :  0.178 0.092 0.500 0.083 0.147 
 36 OmyAC19ROGR    (1)    1 :  0.092 0.315 0.334 0.172 0.086 
 37 OmyAC19ROGR    (1)    1 :  0.514 0.144 0.069 0.106 0.168 
 38 OmyAC19ROGR    (1)    1 :  0.334 0.045 0.087 0.491 0.044 
 39 OmyAC19ROGR    (1)    1 :  0.032 0.096 0.688 0.114 0.070 
 40 OmyAC19ROGR    (0)    1 :  0.044 0.405 0.078 0.286 0.188 
 41 OmyAC19ROGR    (1)    1 :  0.095 0.355 0.130 0.037 0.383 
 42 OmyAC19ROGR    (1)    1 :  0.028 0.063 0.093 0.759 0.058 
 43 OmyAC19ROGR    (1)    1 :  0.156 0.272 0.458 0.050 0.065 
 44 OmyAC19ROGR    (7)    1 :  0.091 0.293 0.511 0.042 0.063 
 45 OmyAC19ROGR    (2)    1 :  0.295 0.163 0.101 0.355 0.086 
 46 OmyAC19ROGR    (1)    1 :  0.413 0.140 0.201 0.077 0.170 
 47 OmyAC19ROGR    (0)    1 :  0.700 0.118 0.042 0.081 0.059 
 48 OmyAC19ROGR    (1)    1 :  0.151 0.434 0.299 0.051 0.066 
 49 OmyAC19ROGR    (0)    1 :  0.316 0.241 0.181 0.050 0.213 
 50 OmyAC19ROGR    (1)    1 :  0.025 0.135 0.364 0.031 0.446 
 51 OmyAC19ROGR    (2)    1 :  0.074 0.085 0.066 0.693 0.082 
 52 OmyAC19ROGR    (1)    1 :  0.035 0.043 0.045 0.840 0.037 
 53 OmyAC19ROGR    (2)    1 :  0.654 0.127 0.111 0.040 0.068 
 54 OmyAC19ROGR    (1)    1 :  0.559 0.196 0.081 0.086 0.079 
 55 OmyAC19ROGR    (3)    1 :  0.062 0.120 0.597 0.089 0.132 
 56 OmyAC19ROGR    (1)    1 :  0.421 0.066 0.112 0.112 0.288 
 57 OmyAC19ROGR    (0)    1 :  0.590 0.085 0.201 0.030 0.094 
 58 OmyAC19ROGR    (1)    1 :  0.060 0.076 0.096 0.688 0.081 
 59 OmyAC19ROGR    (0)    1 :  0.547 0.150 0.155 0.028 0.119 
 60 OmyAC19ROGR    (2)    1 :  0.096 0.263 0.142 0.132 0.367 
 61 OmyAC19ROGR    (1)    1 :  0.466 0.114 0.149 0.075 0.196 
 62 OmyAC19ROGR    (1)    1 :  0.110 0.425 0.320 0.048 0.097 
 63 OmyAC19ROGR    (0)    1 :  0.375 0.194 0.122 0.221 0.088 
 64 OmyAC19ROGR    (3)    1 :  0.105 0.513 0.123 0.067 0.192 
 65 OmyAC19ROGR    (1)    1 :  0.097 0.120 0.389 0.070 0.324 
 66 OmyAC19ROGR    (4)    1 :  0.043 0.121 0.226 0.300 0.310 
 67 OmyAC19ROGR    (0)    1 :  0.300 0.084 0.071 0.038 0.508 
 68 OmyAC19ROGR    (2)    1 :  0.425 0.254 0.184 0.056 0.082 
 69 OmyAC19ROGR    (2)    1 :  0.458 0.046 0.168 0.253 0.075 
 70 OmyAC19ROGR    (1)    1 :  0.155 0.219 0.518 0.041 0.067 
 71 OmyAC19ROGR    (0)    1 :  0.114 0.170 0.428 0.042 0.246 
 72 OmyAC19ROGR    (5)    1 :  0.184 0.467 0.182 0.028 0.138 
 73 OmyAC19ROGR    (1)    1 :  0.186 0.078 0.473 0.225 0.039 
 74 OmyAC19ROGR    (1)    1 :  0.032 0.708 0.095 0.043 0.122 
 75 OmyAC19ROGR    (1)    1 :  0.296 0.077 0.314 0.126 0.188 
 76 OmyAC19ROGR    (1)    1 :  0.646 0.112 0.121 0.046 0.075 
 77 OmyAC19ROGR    (1)    1 :  0.016 0.035 0.021 0.904 0.024 
 78 OmyAC19ROGR    (1)    1 :  0.118 0.189 0.544 0.047 0.102 
 79 OmyAC19ROGR    (2)    1 :  0.100 0.058 0.668 0.048 0.127 
 80 OmyAC19ROGR    (2)    1 :  0.088 0.076 0.038 0.714 0.084 
 81 OmyAC19ROGR    (2)    1 :  0.116 0.212 0.114 0.418 0.140 
 82 OmyAC19ROGR    (1)    1 :  0.528 0.225 0.140 0.025 0.082 
 83 OmyAC19ROGR    (0)    1 :  0.255 0.109 0.413 0.053 0.170 
 84 OmyAC19ROGR    (1)    1 :  0.059 0.231 0.180 0.186 0.344 
 85 OmyAC19ROGR    (6)    1 :  0.128 0.082 0.606 0.027 0.157 
 86 OmyAC19ROGR    (1)    1 :  0.028 0.280 0.108 0.094 0.490 
 87 OmyAC19ROGR    (2)    1 :  0.306 0.398 0.069 0.037 0.191 
 88 OmyJC19ROGR    (0)    2 :  0.023 0.022 0.087 0.820 0.048 
 89 OmyJC19ROGR    (1)    2 :  0.092 0.213 0.311 0.081 0.303 
 90 OmyJC19ROGR    (1)    2 :  0.032 0.033 0.031 0.877 0.028 
 91 OmyJC19ROGR    (2)    2 :  0.355 0.279 0.118 0.018 0.230 
 92 OmyJC19ROGR    (1)    2 :  0.552 0.086 0.227 0.049 0.087 
 93 OmyJC19ROGR    (1)    2 :  0.788 0.056 0.085 0.021 0.050 
 94 OmyJC19ROGR    (1)    2 :  0.041 0.154 0.512 0.150 0.144 
 95 OmyJC19ROGR    (0)    2 :  0.034 0.316 0.371 0.202 0.077 
 96 OmyJC19ROGR    (2)    2 :  0.095 0.155 0.244 0.094 0.413 
 97 OmyJC19ROGR    (1)    2 :  0.724 0.030 0.083 0.126 0.036 
 98 OmyJC19ROGR    (0)    2 :  0.119 0.185 0.269 0.047 0.380 
 99 OmyJC19ROGR    (0)    2 :  0.440 0.090 0.107 0.103 0.260 
100 OmyJC19ROGR    (1)    2 :  0.067 0.105 0.729 0.036 0.063 
101 OmyJC19ROGR    (1)    2 :  0.148 0.095 0.162 0.513 0.082 
102 OmyJC19ROGR    (1)    2 :  0.056 0.154 0.160 0.087 0.543 
103 OmyJC19ROGR    (2)    2 :  0.190 0.149 0.259 0.219 0.183 
104 OmyJC19ROGR    (1)    2 :  0.522 0.094 0.252 0.040 0.092 
105 OmyJC19ROGR    (1)    2 :  0.544 0.136 0.027 0.222 0.071 
106 OmyJC19ROGR    (1)    2 :  0.057 0.022 0.014 0.887 0.020 
107 OmyJC19ROGR    (2)    2 :  0.114 0.079 0.085 0.091 0.631 
108 OmyJC19ROGR    (0)    2 :  0.276 0.143 0.194 0.063 0.324 
109 OmyJC19ROGR    (1)    2 :  0.033 0.184 0.152 0.253 0.378 
110 OmyJC19ROGR    (1)    2 :  0.470 0.127 0.129 0.211 0.062 
111 OmyJC19ROGR    (1)    2 :  0.481 0.149 0.131 0.090 0.149 
112 OmyJC19ROGR    (2)    2 :  0.063 0.261 0.346 0.108 0.222 
113 OmyJC19ROGR    (1)    2 :  0.044 0.117 0.150 0.513 0.176 
114 OmyJC19ROGR    (3)    2 :  0.074 0.113 0.666 0.044 0.102 
115 OmyJC19ROGR    (2)    2 :  0.351 0.496 0.060 0.059 0.035 
116 OmyJC19ROGR    (0)    2 :  0.049 0.214 0.569 0.088 0.079 
117 OmyJC19ROGR    (1)    2 :  0.053 0.124 0.453 0.200 0.170 
118 OmyJC19ROGR    (1)    2 :  0.192 0.087 0.408 0.038 0.275 
119 OmyJC19ROGR    (3)    2 :  0.067 0.123 0.160 0.070 0.580 
120 OmyJC19ROGR    (1)    2 :  0.809 0.054 0.058 0.014 0.065 
121 OmyJC19ROGR    (0)    2 :  0.039 0.238 0.394 0.059 0.270 
122 OmyJC19ROGR    (1)    2 :  0.196 0.256 0.303 0.074 0.170 
123 OmyJC19ROGR    (1)    2 :  0.266 0.193 0.220 0.027 0.294 
124 OmyJC19ROGR    (0)    2 :  0.051 0.578 0.158 0.125 0.087 
125 OmyJC19ROGR    (1)    2 :  0.517 0.156 0.165 0.118 0.045 
126 OmyJC19ROGR    (1)    2 :  0.042 0.137 0.146 0.618 0.057 
127 OmyJC19ROGR    (1)    2 :  0.062 0.060 0.044 0.065 0.770 
128 OmyJC19ROGR    (1)    2 :  0.671 0.058 0.117 0.042 0.112 
129 OmyJC19ROGR    (1)    2 :  0.070 0.055 0.589 0.216 0.070 
130 OmyJC19ROGR    (1)    2 :  0.040 0.654 0.172 0.060 0.075 
131 OmyJC19ROGR    (1)    2 :  0.142 0.169 0.557 0.068 0.064 
132 OmyJC19ROGR    (1)    2 :  0.530 0.162 0.078 0.060 0.170 
133 OmyJC19ROGR    (1)    2 :  0.072 0.172 0.596 0.032 0.128 
134 OmyJC19ROGR    (1)    2 :  0.066 0.096 0.089 0.066 0.683 
135 OmyJC19ROGR    (1)    2 :  0.873 0.027 0.029 0.021 0.050 
136 OmyJC19ROGR    (3)    2 :  0.134 0.148 0.302 0.045 0.371 
137 OmyJC19ROGR    (1)    2 :  0.058 0.479 0.085 0.228 0.150 
138 OmyJC19ROGR    (1)    2 :  0.026 0.099 0.168 0.649 0.057 
139 OmyJC19ROGR    (2)    2 :  0.055 0.204 0.635 0.026 0.080 
140 OmyJC19ROGR    (3)    2 :  0.060 0.098 0.583 0.110 0.149 
141 OmyJC19ROGR    (0)    2 :  0.118 0.106 0.287 0.352 0.138 
142 OmyJC19ROGR    (1)    2 :  0.219 0.173 0.111 0.328 0.169 
143 OmyJC19ROGR    (0)    2 :  0.602 0.147 0.139 0.064 0.048 
144 OmyJC19ROGR    (1)    2 :  0.041 0.114 0.791 0.020 0.034 
145 OmyJC19ROGR    (1)    2 :  0.055 0.684 0.076 0.027 0.158 
146 OmyJC19ROGR    (2)    2 :  0.505 0.121 0.215 0.064 0.095 
147 OmyJC19ROGR    (1)    2 :  0.154 0.179 0.082 0.064 0.521 
148 OmyJC19ROGR    (1)    2 :  0.223 0.185 0.111 0.023 0.459 
149 OmyJC19ROGR    (2)    2 :  0.316 0.102 0.173 0.070 0.338 
150 OmyJC19ROGR    (2)    2 :  0.470 0.092 0.145 0.064 0.229 
151 OmyJC19ROGR    (1)    2 :  0.104 0.066 0.661 0.079 0.090 
152 OmyJC19ROGR    (0)    2 :  0.123 0.456 0.066 0.059 0.296 
153 OmyJC19ROGR    (1)    2 :  0.820 0.034 0.036 0.042 0.069 
154 OmyJC19ROGR    (2)    2 :  0.056 0.345 0.106 0.064 0.430 
155 OmyJC19ROGR    (1)    2 :  0.240 0.274 0.233 0.094 0.159 
156 OmyJC19ROGR    (1)    2 :  0.171 0.345 0.092 0.135 0.257 
157 OmyJC19ROGR    (0)    2 :  0.226 0.395 0.180 0.090 0.109 
158 OmyJC19ROGR    (2)    2 :  0.134 0.141 0.263 0.024 0.438 
159 OmyJC19ROGR    (1)    2 :  0.044 0.450 0.203 0.043 0.260 
160 OmyJC19ROGR    (0)    2 :  0.226 0.142 0.102 0.067 0.463 
161 OmyJC19ROGR    (1)    2 :  0.401 0.189 0.219 0.046 0.145 
162 OmyJC19ROGR    (1)    2 :  0.250 0.194 0.112 0.088 0.355 
163 OmyJC19ROGR    (1)    2 :  0.573 0.100 0.070 0.051 0.207 
164 OmyJC19ROGR    (1)    2 :  0.074 0.295 0.251 0.028 0.353 
165 OmyJC19ROGR    (0)    2 :  0.210 0.381 0.187 0.028 0.193 
166 OmyJC19ROGR    (0)    2 :  0.057 0.662 0.104 0.059 0.118 
167 OmyJC19ROGR    (2)    2 :  0.321 0.184 0.127 0.115 0.253 
168 OmyJC19ROGR    (0)    2 :  0.074 0.081 0.625 0.071 0.150 
169 OmyJC19ROGR    (1)    2 :  0.020 0.021 0.023 0.909 0.028 
170 OmyJC19ROGR    (1)    2 :  0.624 0.107 0.103 0.070 0.096 
171 OmyJC19ROGR    (1)    2 :  0.109 0.213 0.345 0.041 0.291 
172 OmyJC19ROGR    (0)    2 :  0.280 0.053 0.128 0.395 0.144 
173 OmyJC19ROGR    (1)    2 :  0.024 0.030 0.020 0.892 0.033 
174 OmyJC19ROGR    (0)    2 :  0.105 0.572 0.178 0.039 0.106 
175 OmyJC19ROGR    (1)    2 :  0.074 0.178 0.541 0.037 0.169 
176 OmyJC19ROGR    (1)    2 :  0.482 0.037 0.112 0.061 0.308 
177 OmyJC19ROGR    (1)    2 :  0.778 0.102 0.038 0.019 0.063 
178 OmyJC19ROGR    (0)    2 :  0.033 0.392 0.112 0.050 0.414 
179 OmyJC19ROGR    (1)    2 :  0.485 0.122 0.226 0.026 0.141 
180 OmyJC19ROGR    (1)    2 :  0.068 0.044 0.085 0.750 0.054 
181 OmyJC19ROGR    (1)    2 :  0.079 0.333 0.199 0.046 0.344 
182 OmyJC19ROGR    (1)    2 :  0.053 0.067 0.693 0.102 0.085 
183 OmyJC19ROGR    (1)    2 :  0.101 0.246 0.348 0.040 0.265 
184 OmyJC19ROGR    (1)    2 :  0.090 0.053 0.190 0.513 0.154 
185 OmyJC19ROGR    (2)    2 :  0.047 0.043 0.867 0.011 0.032 
186 OmyJC19ROGR    (1)    2 :  0.389 0.094 0.362 0.097 0.057 
187 OmyJC19ROGR    (0)    2 :  0.049 0.808 0.047 0.027 0.069 
188 OmyJC19ROGR    (1)    2 :  0.098 0.170 0.597 0.059 0.075 
189 OmyJC19ROGR    (0)    2 :  0.248 0.076 0.366 0.143 0.167 
190 OmyJC19ROGR    (0)    2 :  0.574 0.063 0.093 0.049 0.221 
191 OmyJC19ROGR    (2)    2 :  0.603 0.215 0.081 0.038 0.064 
192 OmyJC19ROGR    (1)    2 :  0.026 0.034 0.050 0.037 0.853 
193 OmyJC19ROGR    (1)    2 :  0.125 0.269 0.164 0.129 0.312 
194 OmyJC19ROGR    (0)    2 :  0.060 0.057 0.044 0.019 0.821 
195 OmyJC19ROGR    (1)    2 :  0.024 0.049 0.069 0.785 0.073 
196 OmyJC19ROGR    (1)    2 :  0.024 0.806 0.104 0.029 0.036 
197 OmyJC19ROGR    (1)    2 :  0.497 0.143 0.185 0.062 0.113 
198 OmyJC19ROGR    (1)    2 :  0.046 0.047 0.064 0.742 0.100 
199 OmyJC19ROGR    (0)    2 :  0.062 0.146 0.664 0.027 0.102 
200 OmyJC19ROGR    (0)    2 :  0.630 0.146 0.109 0.070 0.045 
201 OmyJC19ROGR    (1)    2 :  0.075 0.291 0.109 0.026 0.499 
202 OmyJC19ROGR    (0)    2 :  0.787 0.059 0.047 0.018 0.090 
203 OmyJC19ROGR    (0)    2 :  0.150 0.378 0.187 0.048 0.236 
204 OmyJC19ROGR    (1)    2 :  0.184 0.272 0.204 0.065 0.275 
205 OmyJC19ROGR    (1)    2 :  0.101 0.567 0.148 0.096 0.089 
206 OmyJC19ROGR    (1)    2 :  0.036 0.039 0.054 0.806 0.065 
207 OmyJC19ROGR    (1)    2 :  0.090 0.418 0.097 0.223 0.172 
208 OmyJC19ROGR    (1)    2 :  0.080 0.333 0.318 0.048 0.221 
209 OmyJC19ROGR    (0)    2 :  0.135 0.063 0.229 0.508 0.064 
210 OmyJC19ROGR    (1)    2 :  0.016 0.036 0.021 0.906 0.021 
211 OmyJC19ROGR    (0)    2 :  0.078 0.220 0.301 0.187 0.214 
212 OmyJC19ROGR    (1)    2 :  0.367 0.103 0.058 0.256 0.216 
213 OmyJC19ROGR    (1)    2 :  0.098 0.478 0.320 0.035 0.069 
214 OmyJC19ROGR    (1)    2 :  0.073 0.652 0.044 0.049 0.182 
215 OmyJC19ROGR    (1)    2 :  0.061 0.066 0.110 0.031 0.731 
216 OmyJC19ROGR    (1)    2 :  0.023 0.087 0.065 0.784 0.040 
217 OmyJC19ROGR    (1)    2 :  0.100 0.134 0.085 0.365 0.316 
218 OmyJC19ROGR    (1)    2 :  0.506 0.285 0.088 0.035 0.085 
219 OmyJC19ROGR    (1)    2 :  0.034 0.298 0.161 0.115 0.392 
220 OmyJC19ROGR    (1)    2 :  0.125 0.120 0.197 0.015 0.543 
221 OmyJC19ROGR    (0)    2 :  0.061 0.492 0.113 0.272 0.060 
222 OmyJC19ROGR    (1)    2 :  0.270 0.236 0.214 0.047 0.233 
223 OmyJC19ROGR    (0)    2 :  0.089 0.408 0.107 0.065 0.331 
224 OmyJC19ROGR    (1)    2 :  0.088 0.263 0.166 0.032 0.451 
225 OmyJC19ROGR    (1)    2 :  0.018 0.023 0.017 0.916 0.026 
226 OmyJC19ROGR    (0)    2 :  0.044 0.152 0.495 0.195 0.114 
227 OmyJC19ROGR    (1)    2 :  0.047 0.032 0.027 0.865 0.028 
228 OmyJC19ROGR    (1)    2 :  0.037 0.580 0.137 0.051 0.194 
229 OmyJC19ROGR    (2)    2 :  0.128 0.327 0.455 0.032 0.058 
230 OmyJC19ROGR    (1)    2 :  0.194 0.232 0.219 0.234 0.122 
231 OmyJC19ROGR    (1)    2 :  0.050 0.505 0.226 0.063 0.156 
232 OmyJC19ROGR    (2)    2 :  0.186 0.255 0.403 0.052 0.105 
233 OmyJC19ROGR    (1)    2 :  0.089 0.232 0.191 0.101 0.388 
234 OmyJC19ROGR    (1)    2 :  0.024 0.021 0.038 0.883 0.034 
235 OmyJC19ROGR    (0)    2 :  0.064 0.057 0.079 0.471 0.329 
236 OmyJC19ROGR    (1)    2 :  0.252 0.188 0.064 0.031 0.465 
237 OmyJC19ROGR    (1)    2 :  0.168 0.155 0.142 0.111 0.423 
238 OmyJC19ROGR    (0)    2 :  0.049 0.158 0.041 0.119 0.634 
239 OmyJC19ROGR    (1)    2 :  0.049 0.053 0.237 0.082 0.579 
240 OmyJC19ROGR    (1)    2 :  0.065 0.351 0.423 0.052 0.109 
241 OmyJC19ROGR    (0)    2 :  0.462 0.089 0.221 0.090 0.138 
242 OmyJC19ROGR    (1)    2 :  0.150 0.050 0.095 0.021 0.684 
243 OmyJC19ROGR    (1)    2 :  0.385 0.267 0.159 0.057 0.132 
244 OmyJC19ROGR    (1)    2 :  0.277 0.410 0.157 0.060 0.095 
245 OmyJC19ROGR    (0)    2 :  0.016 0.021 0.026 0.910 0.027 
246 OmyJC19ROGR    (1)    2 :  0.576 0.085 0.070 0.175 0.093 
247 OmyJC19ROGR    (0)    2 :  0.156 0.135 0.112 0.489 0.107 
248 OmyJC19ROGR    (1)    2 :  0.056 0.070 0.370 0.445 0.059 
249 OmyJC19ROGR    (1)    2 :  0.051 0.531 0.241 0.070 0.107 
250 OmyJC19ROGR    (0)    2 :  0.124 0.176 0.406 0.119 0.174 
251 OmyJC19ROGR    (1)    2 :  0.101 0.431 0.120 0.066 0.283 
252 OmyJC19ROGR    (0)    2 :  0.766 0.079 0.069 0.046 0.040 
253 OmyJC19ROGR    (0)    2 :  0.043 0.069 0.685 0.064 0.139 
254 OmyJC19ROGR    (1)    2 :  0.415 0.238 0.139 0.060 0.148 
255 OmyJC19ROGR    (1)    2 :  0.524 0.318 0.079 0.032 0.048 
256 OmyJC19ROGR    (1)    2 :  0.310 0.234 0.041 0.314 0.101 
257 OmyJC19ROGR    (0)    2 :  0.075 0.521 0.245 0.075 0.085 
258 OmyAC19ROGR    (1)    1 :  0.142 0.313 0.202 0.229 0.114 
259 OmyAC19ROGR    (2)    1 :  0.088 0.079 0.134 0.490 0.209 
260 OmyAC19ROGR    (1)    1 :  0.100 0.071 0.393 0.035 0.400 
261 OmyAC19ROGR    (0)    1 :  0.043 0.243 0.525 0.055 0.134 
262 OmyAC19ROGR    (1)    1 :  0.203 0.206 0.271 0.145 0.175 
263 OmyAC19ROGR    (0)    1 :  0.469 0.212 0.081 0.050 0.188 
264 OmyAC19ROGR    (1)    1 :  0.077 0.500 0.163 0.069 0.191 
265 OmyAC19ROGR    (1)    1 :  0.155 0.249 0.076 0.053 0.468 
266 OmyAC19ROGR    (1)    1 :  0.052 0.691 0.163 0.021 0.074 
267 OmyAC19ROGR    (1)    1 :  0.090 0.138 0.413 0.166 0.194 
268 OmyAC19ROGR    (2)    1 :  0.440 0.139 0.185 0.151 0.085 
269 OmyAC19ROGR    (1)    1 :  0.049 0.058 0.666 0.136 0.092 
270 OmyAC19ROGR    (1)    1 :  0.514 0.301 0.087 0.042 0.055 
271 OmyAC19ROGR    (1)    1 :  0.066 0.103 0.407 0.307 0.117 
272 OmyAC19ROGR    (0)    1 :  0.041 0.360 0.180 0.213 0.206 
273 OmyAC19ROGR    (0)    1 :  0.077 0.090 0.634 0.037 0.162 
274 OmyAC19ROGR    (1)    1 :  0.033 0.078 0.117 0.733 0.039 
275 OmyAC19ROGR    (1)    1 :  0.253 0.158 0.133 0.141 0.314 
276 OmyAC19ROGR    (1)    1 :  0.070 0.166 0.238 0.064 0.462 
277 OmyAC19ROGR    (1)    1 :  0.055 0.373 0.296 0.090 0.187 
278 OmyAC19ROGR    (1)    1 :  0.055 0.266 0.129 0.315 0.236 
279 OmyAC19ROGR    (0)    1 :  0.050 0.150 0.151 0.214 0.435 
280 OmyAC19ROGR    (1)    1 :  0.366 0.272 0.133 0.141 0.088 
281 OmyAC19ROGR    (1)    1 :  0.069 0.141 0.600 0.059 0.131 
282 OmyAC19ROGR    (1)    1 :  0.157 0.180 0.267 0.195 0.201 
283 OmyAC19ROGR    (1)    1 :  0.080 0.254 0.242 0.067 0.356 
284 OmyAC19ROGR    (0)    1 :  0.164 0.553 0.147 0.035 0.101 
285 OmyAC19ROGR    (1)    1 :  0.323 0.139 0.137 0.058 0.344 
286 OmyAC19ROGR    (1)    1 :  0.152 0.169 0.201 0.031 0.447 
287 OmyAC19ROGR    (1)    1 :  0.011 0.014 0.016 0.944 0.014 
288 OmyAC19ROGR    (1)    1 :  0.053 0.053 0.071 0.712 0.111 
289 OmyAC19ROGR    (1)    1 :  0.043 0.126 0.448 0.131 0.251 
290 OmyAC19ROGR    (1)    1 :  0.024 0.021 0.021 0.915 0.019 
291 OmyAC19ROGR    (1)    1 :  0.258 0.120 0.113 0.414 0.096 
292 OmyAC19ROGR    (1)    1 :  0.067 0.193 0.419 0.237 0.085 
293 OmyAC19ROGR    (1)    1 :  0.617 0.083 0.189 0.038 0.073 
294 OmyAC19ROGR    (1)    1 :  0.055 0.315 0.140 0.208 0.283 
295 OmyAC19ROGR    (0)    1 :  0.157 0.194 0.424 0.025 0.200 
296 OmyAC19ROGR    (0)    1 :  0.115 0.290 0.107 0.041 0.446 
297 OmyAC19ROGR    (1)    1 :  0.035 0.082 0.067 0.760 0.056 
298 OmyAC19ROGR    (0)    1 :  0.054 0.385 0.065 0.031 0.466 
299 OmyAC19ROGR    (1)    1 :  0.277 0.100 0.060 0.219 0.344 
300 OmyAC19ROGR    (1)    1 :  0.092 0.175 0.418 0.047 0.268 
301 OmyAC19ROGR    (0)    1 :  0.025 0.046 0.061 0.841 0.026 
302 OmyAC19ROGR    (1)    1 :  0.061 0.166 0.061 0.461 0.251 
303 OmyAC19ROGR    (1)    1 :  0.049 0.093 0.597 0.118 0.143 
304 OmyAC19ROGR    (1)    1 :  0.092 0.099 0.229 0.164 0.416 
305 OmyAC19ROGR    (1)    1 :  0.091 0.168 0.276 0.036 0.429 
306 OmyAC19ROGR    (1)    1 :  0.021 0.253 0.100 0.577 0.049 
307 OmyAC19ROGR    (2)    1 :  0.249 0.230 0.284 0.026 0.211 
308 OmyAC19ROGR    (0)    1 :  0.056 0.295 0.218 0.122 0.308 
309 OmyAC19ROGR    (2)    1 :  0.030 0.032 0.031 0.882 0.025 
310 OmyAC19ROGR    (0)    1 :  0.059 0.154 0.211 0.441 0.135 
311 OmyAC19ROGR    (0)    1 :  0.043 0.054 0.067 0.466 0.370 
312 OmyAC19ROGR    (0)    1 :  0.567 0.107 0.128 0.044 0.154 
313 OmyAC19ROGR    (1)    1 :  0.110 0.263 0.071 0.023 0.532 
314 OmyAC19ROGR    (0)    1 :  0.611 0.066 0.125 0.053 0.145 
315 OmyAC19ROGR    (1)    1 :  0.101 0.292 0.402 0.074 0.131 
316 OmyAC19ROGR    (1)    1 :  0.069 0.326 0.110 0.033 0.462 
317 OmyAC19ROGR    (1)    1 :  0.194 0.041 0.653 0.037 0.075 
318 OmyAC19ROGR    (1)    1 :  0.440 0.210 0.218 0.039 0.093 
319 OmyAC19ROGR    (1)    1 :  0.109 0.103 0.447 0.027 0.313 
320 OmyAC19ROGR    (0)    1 :  0.103 0.619 0.052 0.016 0.209 
321 OmyAC19ROGR    (1)    1 :  0.083 0.356 0.262 0.030 0.269 
322 OmyAC19ROGR    (0)    1 :  0.056 0.150 0.382 0.308 0.104 
323 OmyAC19ROGR    (1)    1 :  0.034 0.417 0.160 0.040 0.349 
324 OmyAC19ROGR    (1)    1 :  0.132 0.684 0.065 0.031 0.089 
325 OmyAC19ROGR    (1)    1 :  0.042 0.163 0.353 0.362 0.080 
326 OmyAC19ROGR    (1)    1 :  0.057 0.449 0.238 0.065 0.190 
327 OmyAC19ROGR    (1)    1 :  0.156 0.543 0.045 0.048 0.209 
328 OmyJC18ROGR    (1)    2 :  0.566 0.179 0.059 0.050 0.146 
329 OmyJC18ROGR    (0)    2 :  0.064 0.393 0.335 0.067 0.141 
330 OmyJC18ROGR    (0)    2 :  0.027 0.725 0.137 0.061 0.049 
331 OmyJC18ROGR    (1)    2 :  0.070 0.087 0.057 0.632 0.154 
332 OmyJC18ROGR    (1)    2 :  0.069 0.050 0.093 0.671 0.117 
333 OmyJC18ROGR    (1)    2 :  0.025 0.030 0.112 0.788 0.044 
334 OmyJC18ROGR    (1)    2 :  0.172 0.461 0.121 0.181 0.065 
335 OmyJC18ROGR    (0)    2 :  0.440 0.219 0.090 0.029 0.222 
336 OmyJC18ROGR    (1)    2 :  0.022 0.030 0.060 0.851 0.037 
337 OmyJC18ROGR    (1)    2 :  0.047 0.252 0.441 0.040 0.220 
338 OmyJC18ROGR    (1)    2 :  0.026 0.043 0.036 0.821 0.073 
339 OmyJC18ROGR    (1)    2 :  0.031 0.143 0.697 0.043 0.086 
340 OmyJC18ROGR    (0)    2 :  0.465 0.150 0.076 0.162 0.147 
341 OmyJC18ROGR    (1)    2 :  0.212 0.097 0.108 0.020 0.564 
342 OmyJC18ROGR    (2)    2 :  0.112 0.178 0.095 0.409 0.205 
343 OmyJC18ROGR    (2)    2 :  0.211 0.138 0.174 0.332 0.145 
344 OmyJC18ROGR    (3)    2 :  0.101 0.059 0.248 0.431 0.162 
345 OmyJC18ROGR    (2)    2 :  0.097 0.130 0.064 0.635 0.075 
346 OmyJC18ROGR    (4)    2 :  0.029 0.839 0.054 0.022 0.055 
347 OmyJC18ROGR    (3)    2 :  0.056 0.148 0.345 0.055 0.397 
348 OmyJC18ROGR    (1)    2 :  0.093 0.226 0.342 0.199 0.139 
349 OmyJC18ROGR    (1)    2 :  0.041 0.149 0.121 0.037 0.651 
350 OmyJC18ROGR    (1)    2 :  0.039 0.108 0.131 0.050 0.672 
351 OmyJC18ROGR    (0)    2 :  0.034 0.037 0.110 0.684 0.134 
352 OmyJC18ROGR    (4)    2 :  0.074 0.195 0.076 0.389 0.266 
353 OmyJC18ROGR    (2)    2 :  0.177 0.367 0.130 0.191 0.134 
354 OmyJC18ROGR    (1)    2 :  0.042 0.218 0.594 0.079 0.067 
355 OmyJC18ROGR    (2)    2 :  0.065 0.348 0.442 0.037 0.108 
356 OmyJC18ROGR    (1)    2 :  0.411 0.174 0.091 0.047 0.277 
357 OmyJC18ROGR    (2)    2 :  0.239 0.038 0.055 0.625 0.043 
358 OmyJC18ROGR    (2)    2 :  0.362 0.137 0.300 0.021 0.180 
359 OmyJC18ROGR    (3)    2 :  0.099 0.101 0.326 0.092 0.380 
360 OmyJC18ROGR    (0)    2 :  0.266 0.145 0.445 0.054 0.090 
361 OmyJC18ROGR    (1)    2 :  0.046 0.770 0.082 0.019 0.083 
362 OmyJC18ROGR    (1)    2 :  0.082 0.363 0.178 0.213 0.163 
363 OmyJC18ROGR    (2)    2 :  0.186 0.148 0.363 0.209 0.094 
364 OmyJC18ROGR    (3)    2 :  0.060 0.115 0.114 0.027 0.684 
365 OmyJC18ROGR    (4)    2 :  0.038 0.404 0.276 0.037 0.246 
366 OmyJC18ROGR    (4)    2 :  0.361 0.194 0.108 0.044 0.293 
367 OmyJC18ROGR    (3)    2 :  0.032 0.094 0.064 0.750 0.060 
368 OmyJC18ROGR    (3)    2 :  0.083 0.166 0.180 0.356 0.215 
369 OmyJC18ROGR    (2)    2 :  0.264 0.186 0.378 0.084 0.088 
370 OmyJC18ROGR    (3)    2 :  0.096 0.284 0.294 0.071 0.255 
371 OmyJC18ROGR    (1)    2 :  0.112 0.238 0.393 0.041 0.216 
372 OmyJC18ROGR    (3)    2 :  0.128 0.209 0.199 0.092 0.372 
373 OmyJC18ROGR    (5)    2 :  0.506 0.165 0.149 0.101 0.078 
374 OmyJC18ROGR    (5)    2 :  0.758 0.042 0.100 0.022 0.078 
375 OmyJC18ROGR    (3)    2 :  0.053 0.333 0.353 0.112 0.150 
376 OmyJC18ROGR    (3)    2 :  0.029 0.040 0.027 0.860 0.044 
377 OmyJC18ROGR    (4)    2 :  0.412 0.137 0.129 0.238 0.084 
378 OmyJC18ROGR    (0)    2 :  0.218 0.109 0.190 0.081 0.403 
379 OmyJC18ROGR    (5)    2 :  0.129 0.228 0.094 0.116 0.433 
380 OmyJC18ROGR    (4)    2 :  0.134 0.209 0.427 0.143 0.086 
381 OmyJC18ROGR    (1)    2 :  0.101 0.117 0.481 0.047 0.254 
382 OmyJC18ROGR    (1)    2 :  0.144 0.223 0.167 0.042 0.424 
383 OmyJC18ROGR    (3)    2 :  0.069 0.196 0.262 0.419 0.055 
384 OmyJC18ROGR    (2)    2 :  0.032 0.088 0.041 0.149 0.690 
385 OmyJC18ROGR    (4)    2 :  0.034 0.635 0.141 0.052 0.139 
386 OmyJC18ROGR    (2)    2 :  0.049 0.187 0.116 0.372 0.275 
387 OmyJC18ROGR    (1)    2 :  0.274 0.127 0.142 0.290 0.167 
388 OmyJC18ROGR    (6)    2 :  0.235 0.101 0.521 0.064 0.079 
389 OmyJC18ROGR    (1)    2 :  0.048 0.210 0.317 0.132 0.294 
390 OmyJC18ROGR    (1)    2 :  0.082 0.356 0.171 0.098 0.292 
391 OmyJC18ROGR    (3)    2 :  0.056 0.035 0.042 0.828 0.039 
392 OmyJC18ROGR    (2)    2 :  0.270 0.306 0.187 0.037 0.201 
393 OmyJC18ROGR    (4)    2 :  0.715 0.088 0.067 0.081 0.050 
394 OmyJC18ROGR    (3)    2 :  0.029 0.072 0.082 0.742 0.075 
395 OmyJC18ROGR    (7)    2 :  0.383 0.108 0.222 0.213 0.073 
396 OmyJC18ROGR    (4)    2 :  0.213 0.090 0.068 0.523 0.107 
397 OmyJC18ROGR    (1)    2 :  0.122 0.357 0.278 0.056 0.187 
398 OmyJC18ROGR    (3)    2 :  0.124 0.398 0.186 0.200 0.092 
399 OmyJC18ROGR    (2)    2 :  0.230 0.132 0.268 0.285 0.083 
400 OmyJC18ROGR    (0)    2 :  0.095 0.478 0.111 0.054 0.262 
401 OmyJC18ROGR    (6)    2 :  0.630 0.109 0.136 0.073 0.052 
402 OmyJC18ROGR    (5)    2 :  0.422 0.139 0.165 0.223 0.051 
403 OmyJC18ROGR    (1)    2 :  0.202 0.221 0.312 0.150 0.115 
404 OmyJC18ROGR    (2)    2 :  0.042 0.177 0.540 0.120 0.121 
405 OmyJC18ROGR    (3)    2 :  0.130 0.285 0.071 0.037 0.477 
406 OmyJC18ROGR    (2)    2 :  0.054 0.407 0.306 0.045 0.188 
407 OmyJC18ROGR    (2)    2 :  0.206 0.096 0.060 0.112 0.525 
408 OmyJC18ROGR    (2)    2 :  0.244 0.136 0.047 0.101 0.472 
409 OmyJC18ROGR    (1)    2 :  0.294 0.387 0.111 0.041 0.167 
410 OmyJC18ROGR    (1)    2 :  0.057 0.422 0.109 0.032 0.379 
411 OmyJC18ROGR    (1)    2 :  0.073 0.277 0.560 0.037 0.053 
412 OmyJC18ROGR    (0)    2 :  0.043 0.304 0.163 0.024 0.465 
413 OmyJC18ROGR    (1)    2 :  0.032 0.712 0.118 0.039 0.099 
414 OmyJC18ROGR    (2)    2 :  0.062 0.168 0.467 0.029 0.274 
415 OmyJC18ROGR    (2)    2 :  0.133 0.492 0.295 0.023 0.058 
416 OmyJC18ROGR    (3)    2 :  0.064 0.349 0.363 0.075 0.150 
417 OmyJC18ROGR    (1)    2 :  0.333 0.368 0.090 0.055 0.154 
418 OmyJC18ROGR    (0)    2 :  0.726 0.124 0.062 0.049 0.040 
419 OmyJC18ROGR    (1)    2 :  0.313 0.249 0.264 0.030 0.144 
420 OmyJC18ROGR    (0)    2 :  0.035 0.658 0.207 0.031 0.069 
421 OmyJC18ROGR    (1)    2 :  0.068 0.227 0.170 0.055 0.480 
422 OmyJC18ROGR    (6)    2 :  0.065 0.075 0.753 0.045 0.063 
423 OmyJC18ROGR    (2)    2 :  0.117 0.556 0.168 0.055 0.105 
424 OmyJC18ROGR    (1)    2 :  0.186 0.466 0.046 0.217 0.085 
425 OmyJC18ROGR    (1)    2 :  0.059 0.256 0.232 0.279 0.175 
426 OmyJC18ROGR    (3)    2 :  0.165 0.438 0.091 0.041 0.266 
427 OmyJC18ROGR    (2)    2 :  0.027 0.072 0.146 0.592 0.163 
428 OmyJC18ROGR    (6)    2 :  0.036 0.806 0.060 0.021 0.076 
429 OmyJC18ROGR    (1)    2 :  0.026 0.194 0.438 0.167 0.174 
430 OmyJC18ROGR    (1)    2 :  0.114 0.093 0.583 0.122 0.088 
431 OmyJC18ROGR    (0)    2 :  0.047 0.604 0.189 0.061 0.099 
432 OmyJC18ROGR    (2)    2 :  0.058 0.050 0.093 0.746 0.053 
433 OmyJC18ROGR    (2)    2 :  0.544 0.066 0.234 0.087 0.070 
434 OmyJC18ROGR    (2)    2 :  0.052 0.121 0.637 0.117 0.073 
435 OmyJC18ROGR    (8)    2 :  0.143 0.557 0.057 0.085 0.157 
436 OmyJC18ROGR    (2)    2 :  0.131 0.577 0.118 0.034 0.141 
437 OmyJC18ROGR    (4)    2 :  0.244 0.323 0.219 0.043 0.172 
438 OmyJC18ROGR    (1)    2 :  0.757 0.070 0.061 0.060 0.052 
439 OmyJC18ROGR    (2)    2 :  0.087 0.083 0.288 0.459 0.083 
440 OmyJC18ROGR    (0)    2 :  0.725 0.055 0.067 0.120 0.033 
441 OmyJC18ROGR    (1)    2 :  0.038 0.077 0.069 0.033 0.783 
442 OmyJC18ROGR    (6)    2 :  0.138 0.091 0.334 0.117 0.320 
443 OmyJC18ROGR    (1)    2 :  0.041 0.260 0.242 0.026 0.431 
444 OmyJC18ROGR    (6)    2 :  0.382 0.266 0.147 0.051 0.154 
445 OmyJC18ROGR    (2)    2 :  0.219 0.316 0.207 0.084 0.174 
446 OmyJC18ROGR    (3)    2 :  0.289 0.135 0.087 0.285 0.203 
447 OmyJC18ROGR    (2)    2 :  0.115 0.133 0.241 0.103 0.408 
448 OmyJC18ROGR    (3)    2 :  0.043 0.081 0.727 0.050 0.099 
449 OmyJC18ROGR    (1)    2 :  0.099 0.310 0.108 0.042 0.442 
450 OmyJC18ROGR    (4)    2 :  0.226 0.459 0.052 0.191 0.072 
451 OmyJC18ROGR    (3)    2 :  0.097 0.167 0.387 0.048 0.302 
452 OmyJC18ROGR    (1)    2 :  0.040 0.264 0.456 0.074 0.166 
453 OmyJC18ROGR    (1)    2 :  0.030 0.208 0.129 0.025 0.608 
454 OmyJC18ROGR    (4)    2 :  0.426 0.130 0.111 0.061 0.272 
455 OmyJC18ROGR    (4)    2 :  0.147 0.071 0.107 0.440 0.235 
456 OmyJC18ROGR    (5)    2 :  0.080 0.550 0.143 0.150 0.077 
457 OmyJC18ROGR    (3)    2 :  0.318 0.126 0.461 0.031 0.064 
458 OmyJC18ROGR    (1)    2 :  0.187 0.466 0.067 0.061 0.218 
459 OmyJC18ROGR    (1)    2 :  0.024 0.049 0.044 0.833 0.049 
460 OmyJC18ROGR    (2)    2 :  0.061 0.375 0.114 0.043 0.407 
461 OmyJC18ROGR    (1)    2 :  0.091 0.040 0.122 0.698 0.049 
462 OmyJC18ROGR    (1)    2 :  0.344 0.228 0.232 0.019 0.176 
463 OmyJC18ROGR    (4)    2 :  0.081 0.185 0.180 0.063 0.492 
464 OmyJC18ROGR    (6)    2 :  0.307 0.426 0.101 0.029 0.138 
465 OmyJC18ROGR    (3)    2 :  0.567 0.227 0.067 0.045 0.093 
466 OmyJC18ROGR    (3)    2 :  0.335 0.226 0.124 0.104 0.211 
467 OmyJC18ROGR    (2)    2 :  0.032 0.052 0.808 0.050 0.057 
468 OmyJC18ROGR    (2)    2 :  0.113 0.590 0.079 0.020 0.197 
469 OmyJC18ROGR    (1)    2 :  0.020 0.037 0.028 0.889 0.026 
470 OmyJC18ROGR    (0)    2 :  0.476 0.061 0.140 0.244 0.079 
471 OmyJC18ROGR    (2)    2 :  0.078 0.404 0.355 0.081 0.082 
472 OmyJC18ROGR    (2)    2 :  0.029 0.854 0.049 0.010 0.057 
473 OmyJC18ROGR    (1)    2 :  0.085 0.402 0.187 0.087 0.239 
474 OmyJC18ROGR    (3)    2 :  0.057 0.746 0.069 0.057 0.072 
475 OmyJC18ROGR    (1)    2 :  0.316 0.118 0.320 0.086 0.159 
476 OmyJC18ROGR    (2)    2 :  0.096 0.211 0.353 0.045 0.295 
477 OmyJC18ROGR    (0)    2 :  0.225 0.176 0.430 0.082 0.086 
478 OmyJC18ROGR    (1)    2 :  0.079 0.249 0.171 0.082 0.419 
479 OmyJC18ROGR    (1)    2 :  0.182 0.316 0.352 0.055 0.095 
480 OmyJC18ROGR    (1)    2 :  0.060 0.223 0.337 0.106 0.273 
481 OmyJC18ROGR    (1)    2 :  0.076 0.289 0.217 0.043 0.374 
482 OmyJC18ROGR    (1)    2 :  0.329 0.097 0.388 0.039 0.147 
483 OmyJC18ROGR    (0)    2 :  0.162 0.212 0.157 0.038 0.431 
484 OmyJC18ROGR    (0)    2 :  0.043 0.071 0.288 0.063 0.535 
485 OmyJC18ROGR    (0)    2 :  0.293 0.115 0.472 0.026 0.094 
486 OmyJC18ROGR    (0)    2 :  0.169 0.335 0.129 0.059 0.308 
487 OmyJC18ROGR    (1)    2 :  0.429 0.048 0.436 0.035 0.053 
488 OmyJC18ROGR    (1)    2 :  0.247 0.209 0.321 0.081 0.142 
489 OmyJC18ROGR    (1)    2 :  0.052 0.133 0.169 0.059 0.586 
490 OmyJC18ROGR    (0)    2 :  0.031 0.369 0.148 0.023 0.430 
491 OmyJC18ROGR    (0)    2 :  0.593 0.091 0.065 0.051 0.200 
492 OmyJC18ROGR    (5)    2 :  0.096 0.047 0.074 0.743 0.041 
493 OmyJC18ROGR    (1)    2 :  0.115 0.055 0.610 0.156 0.062 
494 OmyJC18ROGR    (3)    2 :  0.132 0.520 0.179 0.047 0.121 
495 OmyJC18ROGR    (1)    2 :  0.165 0.216 0.370 0.107 0.143 
496 OmyJC18ROGR    (1)    2 :  0.035 0.560 0.176 0.130 0.098 
497 OmyJC18ROGR    (1)    2 :  0.222 0.253 0.419 0.022 0.085 
498 OmyJC18ROGR    (1)    2 :  0.294 0.151 0.133 0.072 0.351 
499 OmyJC18ROGR    (1)    2 :  0.225 0.229 0.121 0.039 0.387 
500 OmyJC18ROGR    (1)    2 :  0.037 0.547 0.156 0.110 0.150 
501 OmyJC18ROGR    (2)    2 :  0.439 0.303 0.119 0.026 0.113 
502 OmyJC18ROGR    (1)    2 :  0.360 0.062 0.198 0.192 0.188 
503 OmyJC18ROGR    (2)    2 :  0.207 0.200 0.098 0.103 0.393 
504 OmyJC18ROGR    (2)    2 :  0.532 0.103 0.227 0.071 0.067 
505 OmyJC18ROGR    (2)    2 :  0.082 0.671 0.037 0.084 0.125 
506 OmyJC18ROGR    (3)    2 :  0.130 0.544 0.137 0.067 0.121 
507 OmyJC18ROGR    (1)    2 :  0.053 0.388 0.336 0.103 0.119 
508 OmyJC18ROGR    (7)    2 :  0.088 0.444 0.325 0.037 0.107 
509 OmyJC18ROGR    (1)    2 :  0.167 0.078 0.566 0.136 0.052 
510 OmyJC18ROGR    (1)    2 :  0.016 0.015 0.023 0.921 0.025 
511 OmyJC18ROGR    (2)    2 :  0.500 0.182 0.061 0.150 0.107 
512 OmyJC18ROGR    (1)    2 :  0.503 0.218 0.075 0.026 0.177 
513 OmyJC18ROGR    (3)    2 :  0.038 0.214 0.611 0.034 0.104 
514 OmyJC18ROGR    (1)    2 :  0.821 0.043 0.040 0.030 0.065 
515 OmyJC18ROGR    (5)    2 :  0.105 0.339 0.289 0.044 0.223 
516 OmyJC18ROGR    (3)    2 :  0.421 0.088 0.094 0.318 0.078 
517 OmyJC18ROGR    (1)    2 :  0.339 0.089 0.117 0.020 0.436 
518 OmyJC18ROGR    (1)    2 :  0.150 0.100 0.167 0.485 0.098 
519 OmyJC18ROGR    (0)    2 :  0.207 0.419 0.214 0.106 0.054 
520 OmyJC18ROGR    (0)    2 :  0.195 0.090 0.183 0.045 0.488 
521 OmyJC18ROGR    (2)    2 :  0.108 0.390 0.305 0.086 0.110 
522 OmyJC18ROGR    (2)    2 :  0.084 0.339 0.150 0.338 0.089 
523 OmyJC18ROGR    (1)    2 :  0.354 0.113 0.154 0.281 0.098 
524 OmyJC18ROGR    (3)    2 :  0.129 0.388 0.165 0.156 0.162 
525 OmyJC18ROGR    (1)    2 :  0.083 0.044 0.771 0.039 0.063 
526 OmyJC18ROGR    (7)    2 :  0.069 0.305 0.108 0.021 0.498 
527 OmyJC18ROGR    (4)    2 :  0.078 0.513 0.092 0.082 0.235 
528 OmyJC18ROGR    (1)    2 :  0.225 0.244 0.142 0.028 0.361 
529 OmyJC18ROGR    (2)    2 :  0.059 0.526 0.061 0.037 0.318 
530 OmyJC18ROGR    (1)    2 :  0.342 0.338 0.135 0.070 0.115 
531 OmyJC18ROGR    (2)    2 :  0.117 0.160 0.135 0.035 0.554 
532 OmyJC18ROGR    (2)    2 :  0.139 0.590 0.155 0.022 0.095 
533 OmyJC18ROGR    (5)    2 :  0.041 0.021 0.051 0.854 0.032 
534 OmyJC18ROGR    (2)    2 :  0.152 0.400 0.119 0.114 0.215 
535 OmyJC18ROGR    (3)    2 :  0.347 0.209 0.108 0.066 0.270 
536 OmyJC18ROGR    (0)    2 :  0.053 0.366 0.295 0.112 0.174 
537 OmyJC18ROGR    (3)    2 :  0.075 0.098 0.421 0.209 0.197 
538 OmyJC18ROGR    (1)    2 :  0.144 0.311 0.395 0.036 0.114 
539 OmyJC18ROGR    (1)    2 :  0.322 0.261 0.236 0.065 0.117 
540 OmyJC18ROGR    (1)    2 :  0.116 0.346 0.160 0.057 0.321 
541 OmyJC18ROGR    (5)    2 :  0.344 0.171 0.222 0.018 0.244 
542 OmyJC18ROGR    (4)    2 :  0.083 0.164 0.307 0.093 0.353 
543 OmyJC18ROGR    (2)    2 :  0.343 0.259 0.204 0.026 0.169 
544 OmyJC18ROGR    (2)    2 :  0.182 0.178 0.554 0.050 0.036 
545 OmyJC18ROGR    (2)    2 :  0.159 0.095 0.147 0.271 0.328 
546 OmyJC18ROGR    (1)    2 :  0.264 0.281 0.117 0.047 0.290 
547 OmyJC18ROGR    (1)    2 :  0.225 0.215 0.259 0.062 0.239 
548 OmyJC18ROGR    (1)    2 :  0.032 0.107 0.081 0.713 0.067 
549 OmyJC18ROGR    (1)    2 :  0.120 0.051 0.132 0.224 0.472 
550 OmyJC18ROGR    (2)    2 :  0.065 0.175 0.137 0.263 0.359 
551 OmyJC18ROGR    (4)    2 :  0.067 0.225 0.160 0.145 0.403 
552 OmyJC18ROGR    (6)    2 :  0.022 0.353 0.331 0.039 0.255 
553 OmyJC18ROGR    (3)    2 :  0.792 0.064 0.082 0.029 0.033 
554 OmyJC18ROGR    (1)    2 :  0.454 0.097 0.273 0.021 0.155 
555 OmyJC18ROGR    (4)    2 :  0.383 0.136 0.110 0.032 0.339 
556 OmyJC18ROGR    (2)    2 :  0.210 0.218 0.188 0.083 0.300 
557 OmyJC18ROGR    (0)    2 :  0.102 0.255 0.484 0.035 0.124 
558 OmyJC18ROGR    (2)    2 :  0.237 0.140 0.446 0.061 0.116 
559 OmyJC18ROGR    (3)    2 :  0.087 0.098 0.241 0.286 0.288 
560 OmyJC18ROGR    (6)    2 :  0.427 0.090 0.122 0.036 0.325 
561 OmyJC18ROGR    (1)    2 :  0.034 0.195 0.411 0.165 0.196 
562 OmyJC18ROGR    (2)    2 :  0.577 0.124 0.138 0.065 0.096 
563 OmyJC18ROGR    (2)    2 :  0.178 0.041 0.304 0.287 0.191 
564 OmyJC18ROGR    (1)    2 :  0.107 0.340 0.072 0.317 0.164 
565 OmyJC18ROGR    (1)    2 :  0.024 0.312 0.480 0.050 0.134 
566 OmyJC18ROGR    (1)    2 :  0.105 0.649 0.147 0.029 0.070 
567 OmyJC18ROGR    (1)    2 :  0.049 0.206 0.080 0.039 0.627 
568 OmyJC18ROGR    (1)    2 :  0.075 0.121 0.116 0.026 0.662 
569 OmyJC18ROGR    (3)    2 :  0.138 0.344 0.127 0.047 0.345 
570 OmyJC18ROGR    (1)    2 :  0.222 0.173 0.216 0.266 0.123 
571 OmyJC18ROGR    (2)    2 :  0.122 0.090 0.188 0.539 0.061 
572 OmyJC18ROGR    (5)    2 :  0.361 0.066 0.392 0.127 0.054 
573 OmyJC18ROGR    (5)    2 :  0.094 0.042 0.082 0.145 0.638 
574 OmyJC18ROGR    (1)    2 :  0.048 0.113 0.053 0.124 0.662 
575 OmyJC18ROGR    (2)    2 :  0.269 0.116 0.151 0.038 0.425 
576 OmyJC18ROGR    (0)    2 :  0.476 0.061 0.064 0.018 0.381 
577 OmyJC18ROGR    (1)    2 :  0.084 0.131 0.167 0.297 0.321 
578 OmyJC18ROGR    (1)    2 :  0.023 0.067 0.164 0.027 0.719 
579 OmyJC18ROGR    (2)    2 :  0.145 0.062 0.639 0.048 0.106 
580 OmyJC18ROGR    (1)    2 :  0.232 0.139 0.466 0.018 0.145 
581 OmyJC18ROGR    (1)    2 :  0.445 0.073 0.285 0.113 0.084 
582 OmyJC18ROGR    (0)    2 :  0.045 0.568 0.195 0.094 0.098 
583 OmyJC18ROGR    (1)    2 :  0.256 0.099 0.174 0.059 0.412 
584 OmyJC18ROGR    (2)    2 :  0.213 0.073 0.061 0.279 0.375 
585 OmyJC18ROGR    (1)    2 :  0.031 0.219 0.050 0.235 0.465 
586 OmyJC18ROGR    (0)    2 :  0.093 0.071 0.103 0.530 0.202 
587 OmyJC18ROGR    (1)    2 :  0.196 0.503 0.175 0.032 0.093 
588 OmyJC18ROGR    (0)    2 :  0.093 0.051 0.173 0.405 0.278 
589 OmyJC18ROGR    (2)    2 :  0.813 0.046 0.057 0.036 0.048 
590 OmyJC18ROGR    (2)    2 :  0.127 0.149 0.537 0.120 0.068 
591 OmyJC18ROGR    (1)    2 :  0.129 0.090 0.099 0.361 0.322 
592 OmyJC18ROGR    (1)    2 :  0.150 0.229 0.385 0.048 0.188 
593 OmyJC18ROGR    (1)    2 :  0.046 0.500 0.052 0.272 0.130 
594 OmyJC18ROGR    (3)    2 :  0.095 0.452 0.183 0.039 0.231 
595 OmyJC18ROGR    (1)    2 :  0.053 0.045 0.038 0.073 0.792 
596 OmyJC18ROGR    (1)    2 :  0.078 0.421 0.218 0.092 0.191 
597 OmyJC18ROGR    (1)    2 :  0.056 0.478 0.067 0.076 0.322 
598 OmyJC18ROGR    (1)    2 :  0.068 0.102 0.170 0.554 0.107 
599 OmyJC18ROGR    (1)    2 :  0.303 0.084 0.137 0.077 0.400 
600 OmyJC18ROGR    (2)    2 :  0.343 0.098 0.332 0.042 0.185 
601 OmyJC18ROGR    (7)    2 :  0.679 0.043 0.161 0.019 0.098 
602 OmyJC18ROGR    (3)    2 :  0.032 0.796 0.068 0.054 0.050 
603 OmyJC18ROGR    (1)    2 :  0.313 0.240 0.203 0.041 0.202 
604 OmyJC18ROGR    (1)    2 :  0.195 0.116 0.100 0.043 0.546 
605 OmyJC18ROGR    (1)    2 :  0.535 0.274 0.054 0.047 0.091 
606 OmyJC18ROGR    (1)    2 :  0.045 0.113 0.061 0.379 0.403 
