

----------------------------------------------------
STRUCTURE by Pritchard, Stephens and Donnelly (2000)
     and Falush, Stephens and Pritchard (2003)
       Code by Pritchard, Falush and Hubisz
             Version 2.3.4 (Jul 2012)
----------------------------------------------------



Command line arguments:   bin/structure -m "/Users/ddayan/FRA/premature_migration/Rogue_Half-Pounder/rogue_half_pounder_repo/structure/halfpounder/10k_20k_adm_corr_rep2/mainparams" -e "/Users/ddayan/FRA/premature_migration/Rogue_Half-Pounder/rogue_half_pounder_repo/structure/halfpounder/10k_20k_adm_corr_rep2/extraparams" 
Input File:    /Users/ddayan/FRA/premature_migration/Rogue_Half-Pounder/rogue_half_pounder_repo/structure/halfpounder/project_data

Run parameters:
   882 individuals
   330 loci
   3 populations assumed
   10000 Burn-in period
   20000 Reps


--------------------------------------------
Proportion of membership of each pre-defined
 population in each of the 3 clusters

Given    Inferred Clusters       Number of
 Pop       1      2      3      Individuals

  1:     0.337  0.364  0.299      157
  2:     0.331  0.374  0.295      643
  3:     0.231  0.612  0.156       40
  4:     0.757  0.128  0.115       42
--------------------------------------------

Allele-freq. divergence among pops (Net nucleotide distance),
computed using point estimates of P.

      1       2       3      
 1      -    0.0034  0.0106  
 2   0.0034     -    0.0084  
 3   0.0106  0.0084     -    

Average distances (expected heterozygosity) between individuals in same cluster:
cluster  1  : 0.2825 
cluster  2  : 0.2895 
cluster  3  : 0.2570 

--------------------------------------------
Estimated Ln Prob of Data   = -247615.6
Mean value of ln likelihood = -246798.6
Variance of ln likelihood   = 1634.1
Mean value of alpha         = 0.5622

Mean value of Fst_1         = 0.0277
Mean value of Fst_2         = 0.0053
Mean value of Fst_3         = 0.0749


Inferred ancestry of individuals:
        Label (%Miss) Pop:  Inferred clusters
  1 OmyAC19ROGR    (0)    1 :  0.584 0.367 0.048 
  2 OmyAC19ROGR    (1)    1 :  0.540 0.234 0.226 
  3 OmyAC19ROGR    (1)    1 :  0.539 0.270 0.191 
  4 OmyAC19ROGR    (1)    1 :  0.387 0.524 0.089 
  5 OmyAC19ROGR    (2)    1 :  0.030 0.041 0.929 
  6 OmyAC19ROGR    (1)    1 :  0.173 0.409 0.418 
  7 OmyAC19ROGR    (1)    1 :  0.331 0.290 0.379 
  8 OmyAC19ROGR    (0)    1 :  0.470 0.472 0.058 
  9 OmyAC19ROGR    (1)    1 :  0.383 0.250 0.366 
 10 OmyAC19ROGR    (1)    1 :  0.236 0.193 0.571 
 11 OmyAC19ROGR    (0)    1 :  0.337 0.394 0.270 
 12 OmyAC19ROGR    (0)    1 :  0.187 0.508 0.305 
 13 OmyAC19ROGR    (1)    1 :  0.513 0.380 0.107 
 14 OmyAC19ROGR    (1)    1 :  0.077 0.361 0.562 
 15 OmyAC19ROGR    (2)    1 :  0.094 0.353 0.552 
 16 OmyAC19ROGR    (1)    1 :  0.360 0.371 0.269 
 17 OmyAC19ROGR    (1)    1 :  0.066 0.686 0.248 
 18 OmyAC19ROGR    (2)    1 :  0.661 0.250 0.089 
 19 OmyAC19ROGR    (1)    1 :  0.438 0.386 0.176 
 20 OmyAC19ROGR    (1)    1 :  0.094 0.548 0.358 
 21 OmyAC19ROGR    (1)    1 :  0.305 0.313 0.381 
 22 OmyAC19ROGR    (1)    1 :  0.645 0.184 0.171 
 23 OmyAC19ROGR    (1)    1 :  0.330 0.285 0.385 
 24 OmyAC19ROGR    (1)    1 :  0.842 0.107 0.051 
 25 OmyAC19ROGR    (1)    1 :  0.202 0.423 0.374 
 26 OmyAC19ROGR    (1)    1 :  0.492 0.248 0.260 
 27 OmyAC19ROGR    (1)    1 :  0.150 0.703 0.147 
 28 OmyAC19ROGR    (1)    1 :  0.843 0.077 0.080 
 29 OmyAC19ROGR    (1)    1 :  0.433 0.382 0.186 
 30 OmyAC19ROGR    (1)    1 :  0.129 0.167 0.705 
 31 OmyAC19ROGR    (1)    1 :  0.400 0.472 0.127 
 32 OmyAC19ROGR    (1)    1 :  0.405 0.318 0.277 
 33 OmyAC19ROGR    (1)    1 :  0.517 0.222 0.260 
 34 OmyAC19ROGR    (1)    1 :  0.127 0.229 0.644 
 35 OmyAC19ROGR    (0)    1 :  0.540 0.232 0.228 
 36 OmyAC19ROGR    (1)    1 :  0.252 0.366 0.381 
 37 OmyAC19ROGR    (1)    1 :  0.519 0.237 0.244 
 38 OmyAC19ROGR    (1)    1 :  0.349 0.091 0.560 
 39 OmyAC19ROGR    (1)    1 :  0.216 0.404 0.380 
 40 OmyAC19ROGR    (0)    1 :  0.102 0.503 0.395 
 41 OmyAC19ROGR    (1)    1 :  0.214 0.671 0.115 
 42 OmyAC19ROGR    (1)    1 :  0.053 0.111 0.836 
 43 OmyAC19ROGR    (1)    1 :  0.456 0.380 0.164 
 44 OmyAC19ROGR    (7)    1 :  0.411 0.415 0.175 
 45 OmyAC19ROGR    (2)    1 :  0.382 0.179 0.438 
 46 OmyAC19ROGR    (1)    1 :  0.509 0.320 0.172 
 47 OmyAC19ROGR    (0)    1 :  0.706 0.121 0.173 
 48 OmyAC19ROGR    (1)    1 :  0.372 0.490 0.139 
 49 OmyAC19ROGR    (0)    1 :  0.556 0.333 0.112 
 50 OmyAC19ROGR    (1)    1 :  0.101 0.814 0.085 
 51 OmyAC19ROGR    (2)    1 :  0.129 0.128 0.743 
 52 OmyAC19ROGR    (1)    1 :  0.081 0.061 0.859 
 53 OmyAC19ROGR    (2)    1 :  0.712 0.192 0.096 
 54 OmyAC19ROGR    (1)    1 :  0.624 0.204 0.173 
 55 OmyAC19ROGR    (3)    1 :  0.186 0.559 0.255 
 56 OmyAC19ROGR    (1)    1 :  0.597 0.190 0.213 
 57 OmyAC19ROGR    (0)    1 :  0.739 0.186 0.075 
 58 OmyAC19ROGR    (1)    1 :  0.108 0.126 0.766 
 59 OmyAC19ROGR    (0)    1 :  0.608 0.305 0.087 
 60 OmyAC19ROGR    (2)    1 :  0.266 0.421 0.313 
 61 OmyAC19ROGR    (1)    1 :  0.596 0.244 0.160 
 62 OmyAC19ROGR    (1)    1 :  0.349 0.511 0.140 
 63 OmyAC19ROGR    (0)    1 :  0.492 0.165 0.343 
 64 OmyAC19ROGR    (3)    1 :  0.211 0.618 0.171 
 65 OmyAC19ROGR    (1)    1 :  0.328 0.500 0.172 
 66 OmyAC19ROGR    (4)    1 :  0.121 0.408 0.471 
 67 OmyAC19ROGR    (0)    1 :  0.567 0.314 0.119 
 68 OmyAC19ROGR    (2)    1 :  0.638 0.213 0.149 
 69 OmyAC19ROGR    (2)    1 :  0.536 0.095 0.369 
 70 OmyAC19ROGR    (1)    1 :  0.561 0.318 0.121 
 71 OmyAC19ROGR    (0)    1 :  0.387 0.498 0.115 
 72 OmyAC19ROGR    (5)    1 :  0.358 0.565 0.077 
 73 OmyAC19ROGR    (1)    1 :  0.439 0.134 0.427 
 74 OmyAC19ROGR    (1)    1 :  0.098 0.803 0.099 
 75 OmyAC19ROGR    (1)    1 :  0.490 0.262 0.248 
 76 OmyAC19ROGR    (1)    1 :  0.709 0.156 0.136 
 77 OmyAC19ROGR    (1)    1 :  0.043 0.058 0.899 
 78 OmyAC19ROGR    (1)    1 :  0.344 0.525 0.131 
 79 OmyAC19ROGR    (2)    1 :  0.565 0.266 0.170 
 80 OmyAC19ROGR    (2)    1 :  0.154 0.107 0.739 
 81 OmyAC19ROGR    (2)    1 :  0.200 0.226 0.574 
 82 OmyAC19ROGR    (1)    1 :  0.768 0.170 0.062 
 83 OmyAC19ROGR    (0)    1 :  0.617 0.238 0.144 
 84 OmyAC19ROGR    (1)    1 :  0.226 0.370 0.404 
 85 OmyAC19ROGR    (6)    1 :  0.490 0.404 0.105 
 86 OmyAC19ROGR    (1)    1 :  0.078 0.694 0.228 
 87 OmyAC19ROGR    (2)    1 :  0.592 0.285 0.123 
 88 OmyJC19ROGR    (0)    2 :  0.058 0.084 0.858 
 89 OmyJC19ROGR    (1)    2 :  0.201 0.605 0.194 
 90 OmyJC19ROGR    (1)    2 :  0.059 0.063 0.878 
 91 OmyJC19ROGR    (2)    2 :  0.509 0.447 0.044 
 92 OmyJC19ROGR    (1)    2 :  0.682 0.180 0.139 
 93 OmyJC19ROGR    (1)    2 :  0.828 0.119 0.054 
 94 OmyJC19ROGR    (1)    2 :  0.128 0.502 0.370 
 95 OmyJC19ROGR    (0)    2 :  0.159 0.416 0.425 
 96 OmyJC19ROGR    (2)    2 :  0.286 0.479 0.235 
 97 OmyJC19ROGR    (1)    2 :  0.662 0.063 0.275 
 98 OmyJC19ROGR    (0)    2 :  0.304 0.564 0.133 
 99 OmyJC19ROGR    (0)    2 :  0.628 0.159 0.213 
100 OmyJC19ROGR    (1)    2 :  0.411 0.447 0.143 
101 OmyJC19ROGR    (1)    2 :  0.269 0.145 0.587 
102 OmyJC19ROGR    (1)    2 :  0.133 0.675 0.192 
103 OmyJC19ROGR    (2)    2 :  0.394 0.244 0.362 
104 OmyJC19ROGR    (1)    2 :  0.732 0.174 0.095 
105 OmyJC19ROGR    (1)    2 :  0.538 0.133 0.330 
106 OmyJC19ROGR    (1)    2 :  0.068 0.036 0.896 
107 OmyJC19ROGR    (2)    2 :  0.244 0.522 0.234 
108 OmyJC19ROGR    (0)    2 :  0.540 0.296 0.163 
109 OmyJC19ROGR    (1)    2 :  0.106 0.482 0.412 
110 OmyJC19ROGR    (1)    2 :  0.521 0.149 0.330 
111 OmyJC19ROGR    (1)    2 :  0.680 0.143 0.178 
112 OmyJC19ROGR    (2)    2 :  0.146 0.609 0.245 
113 OmyJC19ROGR    (1)    2 :  0.124 0.250 0.626 
114 OmyJC19ROGR    (3)    2 :  0.406 0.422 0.171 
115 OmyJC19ROGR    (2)    2 :  0.680 0.169 0.151 
116 OmyJC19ROGR    (0)    2 :  0.266 0.472 0.262 
117 OmyJC19ROGR    (1)    2 :  0.207 0.371 0.421 
118 OmyJC19ROGR    (1)    2 :  0.424 0.479 0.098 
119 OmyJC19ROGR    (3)    2 :  0.228 0.590 0.183 
120 OmyJC19ROGR    (1)    2 :  0.805 0.145 0.050 
121 OmyJC19ROGR    (0)    2 :  0.167 0.665 0.168 
122 OmyJC19ROGR    (1)    2 :  0.456 0.364 0.181 
123 OmyJC19ROGR    (1)    2 :  0.531 0.387 0.081 
124 OmyJC19ROGR    (0)    2 :  0.211 0.518 0.271 
125 OmyJC19ROGR    (1)    2 :  0.643 0.151 0.206 
126 OmyJC19ROGR    (1)    2 :  0.111 0.173 0.716 
127 OmyJC19ROGR    (1)    2 :  0.194 0.634 0.172 
128 OmyJC19ROGR    (1)    2 :  0.803 0.093 0.104 
129 OmyJC19ROGR    (1)    2 :  0.315 0.238 0.446 
130 OmyJC19ROGR    (1)    2 :  0.112 0.730 0.157 
131 OmyJC19ROGR    (1)    2 :  0.492 0.268 0.240 
132 OmyJC19ROGR    (1)    2 :  0.704 0.160 0.136 
133 OmyJC19ROGR    (1)    2 :  0.360 0.532 0.108 
134 OmyJC19ROGR    (1)    2 :  0.271 0.508 0.221 
135 OmyJC19ROGR    (1)    2 :  0.876 0.065 0.059 
136 OmyJC19ROGR    (3)    2 :  0.321 0.569 0.111 
137 OmyJC19ROGR    (1)    2 :  0.145 0.491 0.364 
138 OmyJC19ROGR    (1)    2 :  0.068 0.188 0.745 
139 OmyJC19ROGR    (2)    2 :  0.311 0.596 0.093 
140 OmyJC19ROGR    (3)    2 :  0.191 0.553 0.256 
141 OmyJC19ROGR    (0)    2 :  0.291 0.195 0.514 
142 OmyJC19ROGR    (1)    2 :  0.307 0.246 0.447 
143 OmyJC19ROGR    (0)    2 :  0.727 0.106 0.167 
144 OmyJC19ROGR    (1)    2 :  0.361 0.584 0.054 
145 OmyJC19ROGR    (1)    2 :  0.172 0.731 0.097 
146 OmyJC19ROGR    (2)    2 :  0.653 0.196 0.152 
147 OmyJC19ROGR    (1)    2 :  0.299 0.532 0.169 
148 OmyJC19ROGR    (1)    2 :  0.458 0.479 0.063 
149 OmyJC19ROGR    (2)    2 :  0.558 0.244 0.199 
150 OmyJC19ROGR    (2)    2 :  0.662 0.195 0.143 
151 OmyJC19ROGR    (1)    2 :  0.420 0.327 0.252 
152 OmyJC19ROGR    (0)    2 :  0.336 0.482 0.182 
153 OmyJC19ROGR    (1)    2 :  0.819 0.082 0.099 
154 OmyJC19ROGR    (2)    2 :  0.138 0.679 0.183 
155 OmyJC19ROGR    (1)    2 :  0.394 0.395 0.210 
156 OmyJC19ROGR    (1)    2 :  0.322 0.415 0.262 
157 OmyJC19ROGR    (0)    2 :  0.485 0.306 0.209 
158 OmyJC19ROGR    (2)    2 :  0.414 0.514 0.072 
159 OmyJC19ROGR    (1)    2 :  0.117 0.758 0.126 
160 OmyJC19ROGR    (0)    2 :  0.432 0.399 0.170 
161 OmyJC19ROGR    (1)    2 :  0.635 0.250 0.115 
162 OmyJC19ROGR    (1)    2 :  0.434 0.364 0.202 
163 OmyJC19ROGR    (1)    2 :  0.690 0.173 0.137 
164 OmyJC19ROGR    (1)    2 :  0.198 0.720 0.082 
165 OmyJC19ROGR    (0)    2 :  0.476 0.455 0.069 
166 OmyJC19ROGR    (0)    2 :  0.179 0.658 0.163 
167 OmyJC19ROGR    (2)    2 :  0.450 0.313 0.237 
168 OmyJC19ROGR    (0)    2 :  0.253 0.558 0.188 
169 OmyJC19ROGR    (1)    2 :  0.034 0.045 0.920 
170 OmyJC19ROGR    (1)    2 :  0.741 0.116 0.143 
171 OmyJC19ROGR    (1)    2 :  0.198 0.709 0.093 
172 OmyJC19ROGR    (0)    2 :  0.376 0.122 0.502 
173 OmyJC19ROGR    (1)    2 :  0.049 0.054 0.897 
174 OmyJC19ROGR    (0)    2 :  0.307 0.563 0.130 
175 OmyJC19ROGR    (1)    2 :  0.314 0.592 0.094 
176 OmyJC19ROGR    (1)    2 :  0.671 0.188 0.141 
177 OmyJC19ROGR    (1)    2 :  0.811 0.143 0.046 
178 OmyJC19ROGR    (0)    2 :  0.070 0.823 0.107 
179 OmyJC19ROGR    (1)    2 :  0.711 0.218 0.071 
180 OmyJC19ROGR    (1)    2 :  0.107 0.073 0.820 
181 OmyJC19ROGR    (1)    2 :  0.228 0.624 0.147 
182 OmyJC19ROGR    (1)    2 :  0.208 0.450 0.341 
183 OmyJC19ROGR    (1)    2 :  0.338 0.541 0.121 
184 OmyJC19ROGR    (1)    2 :  0.170 0.194 0.636 
185 OmyJC19ROGR    (2)    2 :  0.256 0.700 0.045 
186 OmyJC19ROGR    (1)    2 :  0.626 0.154 0.220 
187 OmyJC19ROGR    (0)    2 :  0.164 0.748 0.088 
188 OmyJC19ROGR    (1)    2 :  0.362 0.466 0.171 
189 OmyJC19ROGR    (0)    2 :  0.504 0.192 0.303 
190 OmyJC19ROGR    (0)    2 :  0.678 0.179 0.143 
191 OmyJC19ROGR    (2)    2 :  0.733 0.161 0.106 
192 OmyJC19ROGR    (1)    2 :  0.077 0.805 0.118 
193 OmyJC19ROGR    (1)    2 :  0.273 0.443 0.284 
194 OmyJC19ROGR    (0)    2 :  0.145 0.793 0.062 
195 OmyJC19ROGR    (1)    2 :  0.060 0.130 0.810 
196 OmyJC19ROGR    (1)    2 :  0.148 0.737 0.115 
197 OmyJC19ROGR    (1)    2 :  0.623 0.216 0.161 
198 OmyJC19ROGR    (1)    2 :  0.088 0.107 0.805 
199 OmyJC19ROGR    (0)    2 :  0.236 0.665 0.099 
200 OmyJC19ROGR    (0)    2 :  0.708 0.154 0.138 
201 OmyJC19ROGR    (1)    2 :  0.254 0.661 0.085 
202 OmyJC19ROGR    (0)    2 :  0.796 0.165 0.039 
203 OmyJC19ROGR    (0)    2 :  0.480 0.385 0.135 
204 OmyJC19ROGR    (1)    2 :  0.315 0.530 0.155 
205 OmyJC19ROGR    (1)    2 :  0.287 0.469 0.244 
206 OmyJC19ROGR    (1)    2 :  0.076 0.078 0.846 
207 OmyJC19ROGR    (1)    2 :  0.188 0.444 0.368 
208 OmyJC19ROGR    (1)    2 :  0.205 0.673 0.122 
209 OmyJC19ROGR    (0)    2 :  0.261 0.123 0.616 
210 OmyJC19ROGR    (1)    2 :  0.041 0.064 0.895 
211 OmyJC19ROGR    (0)    2 :  0.276 0.376 0.348 
212 OmyJC19ROGR    (1)    2 :  0.488 0.144 0.368 
213 OmyJC19ROGR    (1)    2 :  0.478 0.410 0.113 
214 OmyJC19ROGR    (1)    2 :  0.194 0.634 0.172 
215 OmyJC19ROGR    (1)    2 :  0.228 0.672 0.100 
216 OmyJC19ROGR    (1)    2 :  0.056 0.109 0.834 
217 OmyJC19ROGR    (1)    2 :  0.189 0.307 0.504 
218 OmyJC19ROGR    (1)    2 :  0.752 0.152 0.095 
219 OmyJC19ROGR    (1)    2 :  0.099 0.642 0.259 
220 OmyJC19ROGR    (1)    2 :  0.420 0.532 0.048 
221 OmyJC19ROGR    (0)    2 :  0.255 0.254 0.491 
222 OmyJC19ROGR    (1)    2 :  0.457 0.432 0.112 
223 OmyJC19ROGR    (0)    2 :  0.270 0.545 0.184 
224 OmyJC19ROGR    (1)    2 :  0.171 0.752 0.077 
225 OmyJC19ROGR    (1)    2 :  0.037 0.046 0.917 
226 OmyJC19ROGR    (0)    2 :  0.129 0.506 0.365 
227 OmyJC19ROGR    (1)    2 :  0.079 0.053 0.867 
228 OmyJC19ROGR    (1)    2 :  0.107 0.769 0.125 
229 OmyJC19ROGR    (2)    2 :  0.539 0.359 0.102 
230 OmyJC19ROGR    (1)    2 :  0.417 0.210 0.373 
231 OmyJC19ROGR    (1)    2 :  0.135 0.666 0.199 
232 OmyJC19ROGR    (2)    2 :  0.457 0.399 0.144 
233 OmyJC19ROGR    (1)    2 :  0.209 0.552 0.238 
234 OmyJC19ROGR    (1)    2 :  0.059 0.052 0.889 
235 OmyJC19ROGR    (0)    2 :  0.172 0.206 0.622 
236 OmyJC19ROGR    (1)    2 :  0.463 0.447 0.091 
237 OmyJC19ROGR    (1)    2 :  0.318 0.461 0.221 
238 OmyJC19ROGR    (0)    2 :  0.148 0.553 0.299 
239 OmyJC19ROGR    (1)    2 :  0.149 0.586 0.265 
240 OmyJC19ROGR    (1)    2 :  0.320 0.524 0.156 
241 OmyJC19ROGR    (0)    2 :  0.588 0.201 0.211 
242 OmyJC19ROGR    (1)    2 :  0.487 0.439 0.074 
243 OmyJC19ROGR    (1)    2 :  0.627 0.240 0.133 
244 OmyJC19ROGR    (1)    2 :  0.565 0.274 0.162 
245 OmyJC19ROGR    (0)    2 :  0.044 0.039 0.916 
246 OmyJC19ROGR    (1)    2 :  0.545 0.137 0.318 
247 OmyJC19ROGR    (0)    2 :  0.233 0.185 0.582 
248 OmyJC19ROGR    (1)    2 :  0.207 0.163 0.630 
249 OmyJC19ROGR    (1)    2 :  0.191 0.605 0.204 
250 OmyJC19ROGR    (0)    2 :  0.393 0.332 0.275 
251 OmyJC19ROGR    (1)    2 :  0.288 0.518 0.194 
252 OmyJC19ROGR    (0)    2 :  0.811 0.085 0.104 
253 OmyJC19ROGR    (0)    2 :  0.224 0.559 0.218 
254 OmyJC19ROGR    (1)    2 :  0.571 0.265 0.164 
255 OmyJC19ROGR    (1)    2 :  0.747 0.163 0.090 
256 OmyJC19ROGR    (1)    2 :  0.398 0.159 0.443 
257 OmyJC19ROGR    (0)    2 :  0.237 0.531 0.233 
258 OmyAC19ROGR    (1)    1 :  0.344 0.292 0.364 
259 OmyAC19ROGR    (2)    1 :  0.167 0.222 0.610 
260 OmyAC19ROGR    (1)    1 :  0.317 0.591 0.093 
261 OmyAC19ROGR    (0)    1 :  0.134 0.707 0.159 
262 OmyAC19ROGR    (1)    1 :  0.324 0.388 0.288 
263 OmyAC19ROGR    (0)    1 :  0.654 0.232 0.115 
264 OmyAC19ROGR    (1)    1 :  0.249 0.541 0.211 
265 OmyAC19ROGR    (1)    1 :  0.263 0.610 0.127 
266 OmyAC19ROGR    (1)    1 :  0.176 0.764 0.060 
267 OmyAC19ROGR    (1)    1 :  0.241 0.420 0.339 
268 OmyAC19ROGR    (2)    1 :  0.553 0.175 0.273 
269 OmyAC19ROGR    (1)    1 :  0.268 0.344 0.388 
270 OmyAC19ROGR    (1)    1 :  0.690 0.212 0.099 
271 OmyAC19ROGR    (1)    1 :  0.216 0.237 0.547 
272 OmyAC19ROGR    (0)    1 :  0.113 0.511 0.376 
273 OmyAC19ROGR    (0)    1 :  0.466 0.410 0.124 
274 OmyAC19ROGR    (1)    1 :  0.074 0.111 0.815 
275 OmyAC19ROGR    (1)    1 :  0.436 0.273 0.291 
276 OmyAC19ROGR    (1)    1 :  0.197 0.614 0.189 
277 OmyAC19ROGR    (1)    1 :  0.167 0.599 0.233 
278 OmyAC19ROGR    (1)    1 :  0.136 0.388 0.476 
279 OmyAC19ROGR    (0)    1 :  0.139 0.500 0.361 
280 OmyAC19ROGR    (1)    1 :  0.501 0.232 0.267 
281 OmyAC19ROGR    (1)    1 :  0.245 0.584 0.171 
282 OmyAC19ROGR    (1)    1 :  0.340 0.319 0.341 
283 OmyAC19ROGR    (1)    1 :  0.182 0.650 0.168 
284 OmyAC19ROGR    (0)    1 :  0.391 0.516 0.093 
285 OmyAC19ROGR    (1)    1 :  0.467 0.402 0.131 
286 OmyAC19ROGR    (1)    1 :  0.303 0.615 0.083 
287 OmyAC19ROGR    (1)    1 :  0.026 0.031 0.943 
288 OmyAC19ROGR    (1)    1 :  0.098 0.124 0.778 
289 OmyAC19ROGR    (1)    1 :  0.193 0.535 0.272 
290 OmyAC19ROGR    (1)    1 :  0.045 0.047 0.909 
291 OmyAC19ROGR    (1)    1 :  0.352 0.139 0.509 
292 OmyAC19ROGR    (1)    1 :  0.193 0.408 0.399 
293 OmyAC19ROGR    (1)    1 :  0.739 0.153 0.108 
294 OmyAC19ROGR    (1)    1 :  0.144 0.489 0.367 
295 OmyAC19ROGR    (0)    1 :  0.424 0.493 0.083 
296 OmyAC19ROGR    (0)    1 :  0.202 0.694 0.104 
297 OmyAC19ROGR    (1)    1 :  0.061 0.117 0.822 
298 OmyAC19ROGR    (0)    1 :  0.117 0.799 0.084 
299 OmyAC19ROGR    (1)    1 :  0.420 0.193 0.387 
300 OmyAC19ROGR    (1)    1 :  0.266 0.596 0.138 
301 OmyAC19ROGR    (0)    1 :  0.050 0.067 0.883 
302 OmyAC19ROGR    (1)    1 :  0.127 0.324 0.548 
303 OmyAC19ROGR    (1)    1 :  0.167 0.535 0.298 
304 OmyAC19ROGR    (1)    1 :  0.218 0.449 0.332 
305 OmyAC19ROGR    (1)    1 :  0.311 0.571 0.117 
306 OmyAC19ROGR    (1)    1 :  0.051 0.218 0.731 
307 OmyAC19ROGR    (2)    1 :  0.491 0.429 0.079 
308 OmyAC19ROGR    (0)    1 :  0.159 0.570 0.272 
309 OmyAC19ROGR    (2)    1 :  0.054 0.046 0.900 
310 OmyAC19ROGR    (0)    1 :  0.159 0.278 0.563 
311 OmyAC19ROGR    (0)    1 :  0.125 0.260 0.615 
312 OmyAC19ROGR    (0)    1 :  0.672 0.212 0.116 
313 OmyAC19ROGR    (1)    1 :  0.344 0.589 0.067 
314 OmyAC19ROGR    (0)    1 :  0.718 0.154 0.129 
315 OmyAC19ROGR    (1)    1 :  0.376 0.416 0.207 
316 OmyAC19ROGR    (1)    1 :  0.260 0.625 0.116 
317 OmyAC19ROGR    (1)    1 :  0.594 0.264 0.142 
318 OmyAC19ROGR    (1)    1 :  0.667 0.237 0.096 
319 OmyAC19ROGR    (1)    1 :  0.459 0.477 0.064 
320 OmyAC19ROGR    (0)    1 :  0.274 0.671 0.055 
321 OmyAC19ROGR    (1)    1 :  0.219 0.683 0.099 
322 OmyAC19ROGR    (0)    1 :  0.179 0.342 0.479 
323 OmyAC19ROGR    (1)    1 :  0.082 0.834 0.084 
324 OmyAC19ROGR    (1)    1 :  0.388 0.519 0.093 
325 OmyAC19ROGR    (1)    1 :  0.175 0.256 0.569 
326 OmyAC19ROGR    (1)    1 :  0.157 0.671 0.172 
327 OmyAC19ROGR    (1)    1 :  0.273 0.599 0.127 
328 OmyJC18ROGR    (1)    2 :  0.593 0.292 0.115 
329 OmyJC18ROGR    (0)    2 :  0.235 0.557 0.209 
330 OmyJC18ROGR    (0)    2 :  0.086 0.742 0.172 
331 OmyJC18ROGR    (1)    2 :  0.140 0.178 0.682 
332 OmyJC18ROGR    (1)    2 :  0.127 0.121 0.752 
333 OmyJC18ROGR    (1)    2 :  0.072 0.083 0.845 
334 OmyJC18ROGR    (1)    2 :  0.353 0.312 0.334 
335 OmyJC18ROGR    (0)    2 :  0.657 0.263 0.080 
336 OmyJC18ROGR    (1)    2 :  0.061 0.069 0.870 
337 OmyJC18ROGR    (1)    2 :  0.151 0.727 0.122 
338 OmyJC18ROGR    (1)    2 :  0.050 0.097 0.853 
339 OmyJC18ROGR    (1)    2 :  0.165 0.666 0.169 
340 OmyJC18ROGR    (0)    2 :  0.499 0.225 0.276 
341 OmyJC18ROGR    (1)    2 :  0.541 0.394 0.065 
342 OmyJC18ROGR    (2)    2 :  0.176 0.300 0.523 
343 OmyJC18ROGR    (2)    2 :  0.410 0.166 0.424 
344 OmyJC18ROGR    (3)    2 :  0.248 0.177 0.575 
345 OmyJC18ROGR    (2)    2 :  0.150 0.119 0.731 
346 OmyJC18ROGR    (4)    2 :  0.100 0.815 0.085 
347 OmyJC18ROGR    (3)    2 :  0.143 0.719 0.137 
348 OmyJC18ROGR    (1)    2 :  0.211 0.427 0.362 
349 OmyJC18ROGR    (1)    2 :  0.164 0.722 0.114 
350 OmyJC18ROGR    (1)    2 :  0.124 0.737 0.139 
351 OmyJC18ROGR    (0)    2 :  0.080 0.170 0.749 
352 OmyJC18ROGR    (4)    2 :  0.207 0.217 0.576 
353 OmyJC18ROGR    (2)    2 :  0.365 0.266 0.369 
354 OmyJC18ROGR    (1)    2 :  0.243 0.514 0.243 
355 OmyJC18ROGR    (2)    2 :  0.283 0.590 0.127 
356 OmyJC18ROGR    (1)    2 :  0.591 0.302 0.108 
357 OmyJC18ROGR    (2)    2 :  0.206 0.075 0.719 
358 OmyJC18ROGR    (2)    2 :  0.559 0.378 0.063 
359 OmyJC18ROGR    (3)    2 :  0.260 0.508 0.232 
360 OmyJC18ROGR    (0)    2 :  0.602 0.250 0.148 
361 OmyJC18ROGR    (1)    2 :  0.179 0.754 0.067 
362 OmyJC18ROGR    (1)    2 :  0.203 0.434 0.363 
363 OmyJC18ROGR    (2)    2 :  0.352 0.271 0.377 
364 OmyJC18ROGR    (3)    2 :  0.192 0.741 0.067 
365 OmyJC18ROGR    (4)    2 :  0.137 0.742 0.121 
366 OmyJC18ROGR    (4)    2 :  0.560 0.320 0.120 
367 OmyJC18ROGR    (3)    2 :  0.071 0.108 0.820 
368 OmyJC18ROGR    (3)    2 :  0.164 0.331 0.504 
369 OmyJC18ROGR    (2)    2 :  0.581 0.223 0.197 
370 OmyJC18ROGR    (3)    2 :  0.317 0.496 0.187 
371 OmyJC18ROGR    (1)    2 :  0.404 0.469 0.127 
372 OmyJC18ROGR    (3)    2 :  0.282 0.485 0.232 
373 OmyJC18ROGR    (5)    2 :  0.632 0.155 0.213 
374 OmyJC18ROGR    (5)    2 :  0.797 0.135 0.068 
375 OmyJC18ROGR    (3)    2 :  0.161 0.585 0.254 
376 OmyJC18ROGR    (3)    2 :  0.046 0.069 0.884 
377 OmyJC18ROGR    (4)    2 :  0.519 0.142 0.339 
378 OmyJC18ROGR    (0)    2 :  0.361 0.439 0.201 
379 OmyJC18ROGR    (5)    2 :  0.333 0.391 0.276 
380 OmyJC18ROGR    (4)    2 :  0.459 0.207 0.334 
381 OmyJC18ROGR    (1)    2 :  0.320 0.537 0.143 
382 OmyJC18ROGR    (1)    2 :  0.415 0.461 0.124 
383 OmyJC18ROGR    (3)    2 :  0.181 0.237 0.583 
384 OmyJC18ROGR    (2)    2 :  0.080 0.580 0.340 
385 OmyJC18ROGR    (4)    2 :  0.102 0.744 0.154 
386 OmyJC18ROGR    (2)    2 :  0.099 0.428 0.473 
387 OmyJC18ROGR    (1)    2 :  0.374 0.214 0.412 
388 OmyJC18ROGR    (6)    2 :  0.624 0.206 0.169 
389 OmyJC18ROGR    (1)    2 :  0.192 0.492 0.316 
390 OmyJC18ROGR    (1)    2 :  0.225 0.598 0.177 
391 OmyJC18ROGR    (3)    2 :  0.093 0.062 0.845 
392 OmyJC18ROGR    (2)    2 :  0.375 0.517 0.108 
393 OmyJC18ROGR    (4)    2 :  0.733 0.083 0.184 
394 OmyJC18ROGR    (3)    2 :  0.072 0.153 0.775 
395 OmyJC18ROGR    (7)    2 :  0.528 0.110 0.362 
396 OmyJC18ROGR    (4)    2 :  0.284 0.136 0.580 
397 OmyJC18ROGR    (1)    2 :  0.262 0.567 0.171 
398 OmyJC18ROGR    (3)    2 :  0.315 0.313 0.372 
399 OmyJC18ROGR    (2)    2 :  0.368 0.182 0.450 
400 OmyJC18ROGR    (0)    2 :  0.278 0.556 0.166 
401 OmyJC18ROGR    (6)    2 :  0.705 0.128 0.167 
402 OmyJC18ROGR    (5)    2 :  0.529 0.107 0.365 
403 OmyJC18ROGR    (1)    2 :  0.412 0.285 0.303 
404 OmyJC18ROGR    (2)    2 :  0.109 0.605 0.287 
405 OmyJC18ROGR    (3)    2 :  0.227 0.659 0.114 
406 OmyJC18ROGR    (2)    2 :  0.141 0.735 0.124 
407 OmyJC18ROGR    (2)    2 :  0.431 0.287 0.282 
408 OmyJC18ROGR    (2)    2 :  0.419 0.318 0.264 
409 OmyJC18ROGR    (1)    2 :  0.508 0.381 0.111 
410 OmyJC18ROGR    (1)    2 :  0.213 0.682 0.105 
411 OmyJC18ROGR    (1)    2 :  0.363 0.498 0.139 
412 OmyJC18ROGR    (0)    2 :  0.124 0.813 0.062 
413 OmyJC18ROGR    (1)    2 :  0.094 0.792 0.114 
414 OmyJC18ROGR    (2)    2 :  0.143 0.775 0.083 
415 OmyJC18ROGR    (2)    2 :  0.628 0.298 0.074 
416 OmyJC18ROGR    (3)    2 :  0.181 0.600 0.219 
417 OmyJC18ROGR    (1)    2 :  0.479 0.369 0.152 
418 OmyJC18ROGR    (0)    2 :  0.798 0.105 0.097 
419 OmyJC18ROGR    (1)    2 :  0.632 0.281 0.087 
420 OmyJC18ROGR    (0)    2 :  0.128 0.776 0.095 
421 OmyJC18ROGR    (1)    2 :  0.158 0.690 0.152 
422 OmyJC18ROGR    (6)    2 :  0.476 0.336 0.188 
423 OmyJC18ROGR    (2)    2 :  0.281 0.569 0.150 
424 OmyJC18ROGR    (1)    2 :  0.380 0.237 0.382 
425 OmyJC18ROGR    (1)    2 :  0.179 0.352 0.469 
426 OmyJC18ROGR    (3)    2 :  0.377 0.513 0.110 
427 OmyJC18ROGR    (2)    2 :  0.057 0.281 0.663 
428 OmyJC18ROGR    (6)    2 :  0.176 0.749 0.075 
429 OmyJC18ROGR    (1)    2 :  0.103 0.537 0.360 
430 OmyJC18ROGR    (1)    2 :  0.432 0.276 0.293 
431 OmyJC18ROGR    (0)    2 :  0.162 0.667 0.171 
432 OmyJC18ROGR    (2)    2 :  0.122 0.086 0.791 
433 OmyJC18ROGR    (2)    2 :  0.679 0.131 0.189 
434 OmyJC18ROGR    (2)    2 :  0.202 0.502 0.295 
435 OmyJC18ROGR    (8)    2 :  0.253 0.551 0.196 
436 OmyJC18ROGR    (2)    2 :  0.316 0.578 0.105 
437 OmyJC18ROGR    (4)    2 :  0.457 0.442 0.101 
438 OmyJC18ROGR    (1)    2 :  0.744 0.087 0.169 
439 OmyJC18ROGR    (2)    2 :  0.193 0.199 0.608 
440 OmyJC18ROGR    (0)    2 :  0.670 0.076 0.254 
441 OmyJC18ROGR    (1)    2 :  0.122 0.784 0.094 
442 OmyJC18ROGR    (6)    2 :  0.361 0.357 0.282 
443 OmyJC18ROGR    (1)    2 :  0.092 0.842 0.066 
444 OmyJC18ROGR    (6)    2 :  0.546 0.336 0.118 
445 OmyJC18ROGR    (2)    2 :  0.495 0.311 0.195 
446 OmyJC18ROGR    (3)    2 :  0.463 0.138 0.400 
447 OmyJC18ROGR    (2)    2 :  0.260 0.501 0.240 
448 OmyJC18ROGR    (3)    2 :  0.244 0.571 0.184 
449 OmyJC18ROGR    (1)    2 :  0.159 0.746 0.095 
450 OmyJC18ROGR    (4)    2 :  0.434 0.208 0.359 
451 OmyJC18ROGR    (3)    2 :  0.234 0.632 0.134 
452 OmyJC18ROGR    (1)    2 :  0.105 0.705 0.190 
453 OmyJC18ROGR    (1)    2 :  0.102 0.821 0.077 
454 OmyJC18ROGR    (4)    2 :  0.571 0.275 0.154 
455 OmyJC18ROGR    (4)    2 :  0.271 0.192 0.537 
456 OmyJC18ROGR    (5)    2 :  0.213 0.497 0.290 
457 OmyJC18ROGR    (3)    2 :  0.725 0.188 0.087 
458 OmyJC18ROGR    (1)    2 :  0.344 0.505 0.152 
459 OmyJC18ROGR    (1)    2 :  0.052 0.083 0.865 
460 OmyJC18ROGR    (2)    2 :  0.179 0.681 0.140 
461 OmyJC18ROGR    (1)    2 :  0.154 0.074 0.772 
462 OmyJC18ROGR    (1)    2 :  0.525 0.417 0.058 
463 OmyJC18ROGR    (4)    2 :  0.223 0.611 0.167 
464 OmyJC18ROGR    (6)    2 :  0.431 0.488 0.081 
465 OmyJC18ROGR    (3)    2 :  0.704 0.194 0.101 
466 OmyJC18ROGR    (3)    2 :  0.399 0.399 0.202 
467 OmyJC18ROGR    (2)    2 :  0.300 0.442 0.258 
468 OmyJC18ROGR    (2)    2 :  0.264 0.676 0.059 
469 OmyJC18ROGR    (1)    2 :  0.044 0.046 0.909 
470 OmyJC18ROGR    (0)    2 :  0.473 0.168 0.359 
471 OmyJC18ROGR    (2)    2 :  0.351 0.395 0.254 
472 OmyJC18ROGR    (2)    2 :  0.091 0.882 0.027 
473 OmyJC18ROGR    (1)    2 :  0.221 0.550 0.229 
474 OmyJC18ROGR    (3)    2 :  0.267 0.546 0.187 
475 OmyJC18ROGR    (1)    2 :  0.543 0.240 0.217 
476 OmyJC18ROGR    (2)    2 :  0.292 0.579 0.129 
477 OmyJC18ROGR    (0)    2 :  0.562 0.223 0.215 
478 OmyJC18ROGR    (1)    2 :  0.202 0.582 0.216 
479 OmyJC18ROGR    (1)    2 :  0.427 0.416 0.157 
480 OmyJC18ROGR    (1)    2 :  0.216 0.523 0.262 
481 OmyJC18ROGR    (1)    2 :  0.242 0.627 0.131 
482 OmyJC18ROGR    (1)    2 :  0.689 0.194 0.117 
483 OmyJC18ROGR    (0)    2 :  0.441 0.444 0.114 
484 OmyJC18ROGR    (0)    2 :  0.165 0.631 0.204 
485 OmyJC18ROGR    (0)    2 :  0.692 0.215 0.094 
486 OmyJC18ROGR    (0)    2 :  0.384 0.470 0.146 
487 OmyJC18ROGR    (1)    2 :  0.785 0.119 0.096 
488 OmyJC18ROGR    (1)    2 :  0.536 0.272 0.191 
489 OmyJC18ROGR    (1)    2 :  0.181 0.660 0.159 
490 OmyJC18ROGR    (0)    2 :  0.110 0.831 0.060 
491 OmyJC18ROGR    (0)    2 :  0.625 0.217 0.158 
492 OmyJC18ROGR    (5)    2 :  0.139 0.074 0.787 
493 OmyJC18ROGR    (1)    2 :  0.389 0.183 0.428 
494 OmyJC18ROGR    (3)    2 :  0.353 0.516 0.131 
495 OmyJC18ROGR    (1)    2 :  0.531 0.234 0.236 
496 OmyJC18ROGR    (1)    2 :  0.144 0.552 0.303 
497 OmyJC18ROGR    (1)    2 :  0.564 0.380 0.056 
498 OmyJC18ROGR    (1)    2 :  0.455 0.354 0.191 
499 OmyJC18ROGR    (1)    2 :  0.465 0.417 0.118 
500 OmyJC18ROGR    (1)    2 :  0.114 0.681 0.204 
501 OmyJC18ROGR    (2)    2 :  0.709 0.215 0.076 
502 OmyJC18ROGR    (1)    2 :  0.529 0.116 0.356 
503 OmyJC18ROGR    (2)    2 :  0.399 0.339 0.262 
504 OmyJC18ROGR    (2)    2 :  0.601 0.206 0.193 
505 OmyJC18ROGR    (2)    2 :  0.250 0.533 0.217 
506 OmyJC18ROGR    (3)    2 :  0.320 0.488 0.192 
507 OmyJC18ROGR    (1)    2 :  0.167 0.571 0.262 
508 OmyJC18ROGR    (7)    2 :  0.339 0.536 0.126 
509 OmyJC18ROGR    (1)    2 :  0.421 0.266 0.313 
510 OmyJC18ROGR    (1)    2 :  0.037 0.039 0.924 
511 OmyJC18ROGR    (2)    2 :  0.554 0.173 0.273 
512 OmyJC18ROGR    (1)    2 :  0.702 0.213 0.085 
513 OmyJC18ROGR    (3)    2 :  0.234 0.664 0.102 
514 OmyJC18ROGR    (1)    2 :  0.811 0.112 0.077 
515 OmyJC18ROGR    (5)    2 :  0.251 0.644 0.106 
516 OmyJC18ROGR    (3)    2 :  0.497 0.095 0.408 
517 OmyJC18ROGR    (1)    2 :  0.610 0.326 0.064 
518 OmyJC18ROGR    (1)    2 :  0.190 0.212 0.598 
519 OmyJC18ROGR    (0)    2 :  0.517 0.234 0.249 
520 OmyJC18ROGR    (0)    2 :  0.368 0.505 0.127 
521 OmyJC18ROGR    (2)    2 :  0.332 0.394 0.274 
522 OmyJC18ROGR    (2)    2 :  0.211 0.271 0.518 
523 OmyJC18ROGR    (1)    2 :  0.413 0.160 0.427 
524 OmyJC18ROGR    (3)    2 :  0.279 0.424 0.297 
525 OmyJC18ROGR    (1)    2 :  0.544 0.301 0.155 
526 OmyJC18ROGR    (7)    2 :  0.188 0.757 0.056 
527 OmyJC18ROGR    (4)    2 :  0.161 0.614 0.225 
528 OmyJC18ROGR    (1)    2 :  0.319 0.606 0.075 
529 OmyJC18ROGR    (2)    2 :  0.138 0.765 0.097 
530 OmyJC18ROGR    (1)    2 :  0.652 0.177 0.172 
531 OmyJC18ROGR    (2)    2 :  0.247 0.642 0.112 
532 OmyJC18ROGR    (2)    2 :  0.331 0.609 0.059 
533 OmyJC18ROGR    (5)    2 :  0.088 0.062 0.850 
534 OmyJC18ROGR    (2)    2 :  0.357 0.383 0.260 
535 OmyJC18ROGR    (3)    2 :  0.503 0.331 0.166 
536 OmyJC18ROGR    (0)    2 :  0.239 0.482 0.278 
537 OmyJC18ROGR    (3)    2 :  0.274 0.307 0.419 
538 OmyJC18ROGR    (1)    2 :  0.381 0.514 0.105 
539 OmyJC18ROGR    (1)    2 :  0.505 0.339 0.156 
540 OmyJC18ROGR    (1)    2 :  0.255 0.609 0.136 
541 OmyJC18ROGR    (5)    2 :  0.543 0.414 0.044 
542 OmyJC18ROGR    (4)    2 :  0.333 0.384 0.283 
543 OmyJC18ROGR    (2)    2 :  0.659 0.290 0.052 
544 OmyJC18ROGR    (2)    2 :  0.611 0.221 0.169 
545 OmyJC18ROGR    (2)    2 :  0.312 0.232 0.455 
546 OmyJC18ROGR    (1)    2 :  0.576 0.298 0.126 
547 OmyJC18ROGR    (1)    2 :  0.504 0.330 0.166 
548 OmyJC18ROGR    (1)    2 :  0.088 0.140 0.773 
549 OmyJC18ROGR    (1)    2 :  0.322 0.254 0.424 
550 OmyJC18ROGR    (2)    2 :  0.199 0.356 0.445 
551 OmyJC18ROGR    (4)    2 :  0.137 0.565 0.297 
552 OmyJC18ROGR    (6)    2 :  0.068 0.825 0.107 
553 OmyJC18ROGR    (3)    2 :  0.821 0.101 0.077 
554 OmyJC18ROGR    (1)    2 :  0.667 0.275 0.058 
555 OmyJC18ROGR    (4)    2 :  0.635 0.266 0.099 
556 OmyJC18ROGR    (2)    2 :  0.418 0.367 0.215 
557 OmyJC18ROGR    (0)    2 :  0.346 0.535 0.120 
558 OmyJC18ROGR    (2)    2 :  0.556 0.283 0.161 
559 OmyJC18ROGR    (3)    2 :  0.205 0.341 0.454 
560 OmyJC18ROGR    (6)    2 :  0.609 0.296 0.096 
561 OmyJC18ROGR    (1)    2 :  0.102 0.578 0.320 
562 OmyJC18ROGR    (2)    2 :  0.702 0.151 0.147 
563 OmyJC18ROGR    (2)    2 :  0.364 0.202 0.434 
564 OmyJC18ROGR    (1)    2 :  0.215 0.290 0.495 
565 OmyJC18ROGR    (1)    2 :  0.109 0.747 0.144 
566 OmyJC18ROGR    (1)    2 :  0.257 0.655 0.088 
567 OmyJC18ROGR    (1)    2 :  0.118 0.784 0.098 
568 OmyJC18ROGR    (1)    2 :  0.222 0.697 0.081 
569 OmyJC18ROGR    (3)    2 :  0.287 0.580 0.133 
570 OmyJC18ROGR    (1)    2 :  0.397 0.199 0.404 
571 OmyJC18ROGR    (2)    2 :  0.185 0.197 0.619 
572 OmyJC18ROGR    (5)    2 :  0.620 0.111 0.269 
573 OmyJC18ROGR    (5)    2 :  0.317 0.350 0.333 
574 OmyJC18ROGR    (1)    2 :  0.120 0.521 0.359 
575 OmyJC18ROGR    (2)    2 :  0.439 0.466 0.096 
576 OmyJC18ROGR    (0)    2 :  0.751 0.185 0.064 
577 OmyJC18ROGR    (1)    2 :  0.202 0.347 0.451 
578 OmyJC18ROGR    (1)    2 :  0.074 0.851 0.074 
579 OmyJC18ROGR    (2)    2 :  0.589 0.222 0.189 
580 OmyJC18ROGR    (1)    2 :  0.715 0.238 0.047 
581 OmyJC18ROGR    (1)    2 :  0.615 0.134 0.251 
582 OmyJC18ROGR    (0)    2 :  0.143 0.641 0.217 
583 OmyJC18ROGR    (1)    2 :  0.509 0.324 0.167 
584 OmyJC18ROGR    (2)    2 :  0.269 0.283 0.449 
585 OmyJC18ROGR    (1)    2 :  0.072 0.538 0.391 
586 OmyJC18ROGR    (0)    2 :  0.152 0.185 0.663 
587 OmyJC18ROGR    (1)    2 :  0.430 0.474 0.096 
588 OmyJC18ROGR    (0)    2 :  0.185 0.210 0.605 
589 OmyJC18ROGR    (2)    2 :  0.814 0.090 0.096 
590 OmyJC18ROGR    (2)    2 :  0.458 0.239 0.302 
591 OmyJC18ROGR    (1)    2 :  0.238 0.243 0.520 
592 OmyJC18ROGR    (1)    2 :  0.478 0.388 0.135 
593 OmyJC18ROGR    (1)    2 :  0.103 0.519 0.377 
594 OmyJC18ROGR    (3)    2 :  0.285 0.603 0.112 
595 OmyJC18ROGR    (1)    2 :  0.242 0.514 0.244 
596 OmyJC18ROGR    (1)    2 :  0.245 0.531 0.225 
597 OmyJC18ROGR    (1)    2 :  0.115 0.677 0.208 
598 OmyJC18ROGR    (1)    2 :  0.132 0.202 0.666 
599 OmyJC18ROGR    (1)    2 :  0.575 0.243 0.181 
600 OmyJC18ROGR    (2)    2 :  0.641 0.247 0.113 
601 OmyJC18ROGR    (7)    2 :  0.774 0.179 0.047 
602 OmyJC18ROGR    (3)    2 :  0.155 0.637 0.208 
603 OmyJC18ROGR    (1)    2 :  0.548 0.326 0.126 
604 OmyJC18ROGR    (1)    2 :  0.431 0.430 0.139 
605 OmyJC18ROGR    (1)    2 :  0.576 0.321 0.103 
606 OmyJC18ROGR    (1)    2 :  0.114 0.349 0.537 
607 OmyJC18ROGR    (1)    2 :  0.350 0.503 0.147 
608 OmyJC18ROGR    (1)    2 :  0.591 0.282 0.127 
609 OmyJC18ROGR    (1)    2 :  0.793 0.085 0.122 
610 OmyJC18ROGR    (1)    2 :  0.424 0.261 0.315 
611 OmyJC18ROGR    (1)    2 :  0.512 0.329 0.159 
612 OmyJC18ROGR    (1)    2 :  0.216 0.511 0.273 
613 OmyJC18ROGR    (2)    2 :  0.208 0.144 0.648 
614 OmyJC18ROGR    (1)    2 :  0.549 0.080 0.371 
615 OmyJC18ROGR    (1)    2 :  0.257 0.638 0.105 
616 OmyJC18ROGR    (1)    2 :  0.213 0.683 0.105 
617 OmyJC18ROGR    (1)    2 :  0.578 0.334 0.088 
618 OmyJC18ROGR    (0)    2 :  0.106 0.603 0.291 
619 OmyJC18ROGR    (1)    2 :  0.110 0.665 0.225 
620 OmyJC18ROGR    (1)    2 :  0.275 0.324 0.401 
621 OmyJC18ROGR    (1)    2 :  0.416 0.243 0.342 
622 OmyJC18ROGR    (1)    2 :  0.531 0.425 0.044 
623 OmyJC18ROGR    (1)    2 :  0.186 0.369 0.445 
624 OmyJC18ROGR    (0)    2 :  0.353 0.448 0.198 
625 OmyJC18ROGR    (0)    2 :  0.076 0.814 0.110 
626 OmyJC18ROGR    (1)    2 :  0.317 0.616 0.067 
627 OmyJC18ROGR    (1)    2 :  0.214 0.704 0.082 
628 OmyJC18ROGR    (1)    2 :  0.136 0.272 0.593 
629 OmyJC18ROGR    (1)    2 :  0.038 0.059 0.903 
630 OmyJC18ROGR    (2)    2 :  0.107 0.673 0.220 
631 OmyJC18ROGR    (5)    2 :  0.458 0.129 0.413 
632 OmyJC18ROGR    (2)    2 :  0.288 0.533 0.178 
633 OmyJC18ROGR    (1)    2 :  0.064 0.518 0.418 
634 OmyJC18ROGR    (4)    2 :  0.553 0.385 0.061 
635 OmyJC18ROGR    (1)    2 :  0.062 0.884 0.055 
636 OmyJC18ROGR    (0)    2 :  0.250 0.587 0.163 
637 OmyJC18ROGR    (1)    2 :  0.824 0.099 0.077 
638 OmyJC18ROGR    (0)    2 :  0.099 0.640 0.261 
639 OmyJC18ROGR    (0)    2 :  0.621 0.232 0.147 
640 OmyJC18ROGR    (1)    2 :  0.293 0.442 0.264 
641 OmyJC18ROGR    (1)    2 :  0.342 0.429 0.228 
642 OmyJC18ROGR    (1)    2 :  0.254 0.237 0.509 
643 OmyJC18ROGR    (1)    2 :  0.084 0.869 0.047 
644 OmyJC18ROGR    (1)    2 :  0.140 0.776 0.084 
645 OmyJC18ROGR    (0)    2 :  0.159 0.470 0.372 
646 OmyAC19ROGR    (1)    3 :  0.316 0.507 0.177 
647 OmyJC18ROGR    (1)    2 :  0.215 0.571 0.214 
648 OmyAC19ROGR    (0)    3 :  0.276 0.663 0.060 
649 OmyAC19APPR    (1)    3 :  0.053 0.896 0.051 
650 OmyAC19APPR    (1)    3 :  0.100 0.721 0.179 
651 OmyJC18ROGR    (1)    2 :  0.382 0.497 0.121 
652 OmyAC19APPR    (0)    3 :  0.257 0.618 0.125 
653 OmyAC19CORH    (2)    4 :  0.630 0.257 0.113 
654 OmyJC18ROGR    (0)    2 :  0.183 0.735 0.082 
655 OmyAC19CORH    (1)    4 :  0.541 0.184 0.275 
656 OmyAC19CORH    (1)    4 :  0.777 0.127 0.096 
657 OmyAC19CORH    (1)    4 :  0.886 0.057 0.057 
658 OmyAC19CORH    (0)    4 :  0.836 0.053 0.111 
659 OmyAC19CORH    (0)    4 :  0.852 0.082 0.066 
660 OmyAC19ROGR    (3)    3 :  0.084 0.625 0.290 
661 OmyJC18ROGR    (1)    2 :  0.333 0.471 0.196 
662 OmyAC19ROGR    (1)    3 :  0.236 0.609 0.155 
663 OmyAC19ROGR    (1)    3 :  0.144 0.754 0.102 
664 OmyAC19APPR    (1)    3 :  0.310 0.494 0.196 
665 OmyAC19APPR    (1)    3 :  0.087 0.663 0.250 
666 OmyJC18ROGR    (0)    2 :  0.205 0.120 0.675 
667 OmyAC19APPR    (1)    3 :  0.096 0.783 0.121 
668 OmyAC19CORH    (1)    4 :  0.397 0.176 0.427 
669 OmyAC19CORH    (0)    4 :  0.836 0.072 0.092 
670 OmyAC19CORH    (1)    4 :  0.812 0.128 0.060 
671 OmyAC19CORH    (1)    4 :  0.628 0.230 0.141 
672 OmyAC19CORH    (1)    4 :  0.762 0.142 0.096 
673 OmyAC19CORH    (0)    4 :  0.594 0.289 0.117 
674 OmyAC19ROGR    (2)    3 :  0.276 0.628 0.096 
675 OmyAC19ROGR    (5)    3 :  0.276 0.554 0.170 
676 OmyAC19ROGR    (0)    3 :  0.466 0.474 0.060 
677 OmyAC19APPR    (3)    3 :  0.152 0.505 0.343 
678 OmyAC19APPR    (0)    3 :  0.233 0.621 0.146 
679 OmyJC18ROGR    (2)    2 :  0.244 0.361 0.395 
680 OmyAC19APPR    (0)    3 :  0.261 0.415 0.324 
681 OmyAC19CORH    (2)    4 :  0.644 0.128 0.228 
682 OmyJC18ROGR    (0)    2 :  0.618 0.162 0.219 
683 OmyAC19CORH    (2)    4 :  0.660 0.242 0.098 
684 OmyAC19CORH    (1)    4 :  0.738 0.054 0.207 
685 OmyAC19CORH    (1)    4 :  0.830 0.076 0.094 
686 OmyAC19CORH    (0)    4 :  0.870 0.066 0.064 
687 OmyAC19ROGR    (1)    3 :  0.227 0.599 0.174 
688 OmyAC19ROGR    (2)    3 :  0.209 0.708 0.082 
689 OmyAC19APPR    (1)    3 :  0.292 0.540 0.168 
690 OmyAC19APPR    (1)    3 :  0.124 0.725 0.151 
691 OmyJC18ROGR    (1)    2 :  0.649 0.181 0.170 
692 OmyAC19APPR    (0)    3 :  0.276 0.564 0.159 
693 OmyJC18ROGR    (0)    2 :  0.401 0.425 0.175 
694 OmyAC19CORH    (1)    4 :  0.517 0.368 0.115 
695 OmyAC19CORH    (0)    4 :  0.824 0.137 0.038 
696 OmyAC19CORH    (1)    4 :  0.618 0.103 0.279 
697 OmyAC19CORH    (0)    4 :  0.835 0.067 0.098 
698 OmyAC19CORH    (1)    4 :  0.768 0.121 0.111 
699 OmyAC19ROGR    (6)    3 :  0.348 0.441 0.211 
700 OmyJC18ROGR    (1)    2 :  0.195 0.300 0.504 
701 OmyAC19ROGR    (3)    3 :  0.274 0.596 0.130 
702 OmyAC19ROGR    (1)    3 :  0.243 0.661 0.096 
703 OmyAC19APPR    (3)    3 :  0.116 0.679 0.205 
704 OmyAC19APPR    (1)    3 :  0.131 0.741 0.128 
705 OmyJC18ROGR    (1)    2 :  0.139 0.603 0.258 
706 OmyAC19APPR    (0)    3 :  0.157 0.730 0.113 
707 OmyJC18ROGR    (1)    2 :  0.053 0.129 0.818 
708 OmyAC19CORH    (2)    4 :  0.880 0.080 0.041 
709 OmyJC18ROGR    (1)    2 :  0.118 0.072 0.809 
710 OmyAC19CORH    (1)    4 :  0.676 0.204 0.120 
711 OmyAC19CORH    (2)    4 :  0.758 0.123 0.119 
712 OmyAC19CORH    (1)    4 :  0.710 0.118 0.172 
713 OmyAC19CORH    (0)    4 :  0.882 0.070 0.048 
714 OmyAC19ROGR    (1)    3 :  0.593 0.209 0.199 
715 OmyJC18ROGR    (1)    2 :  0.368 0.547 0.086 
716 OmyAC19ROGR    (3)    3 :  0.121 0.778 0.101 
717 OmyAC19ROGR    (0)    3 :  0.307 0.520 0.172 
718 OmyAC19APPR    (4)    3 :  0.135 0.771 0.093 
719 OmyAC19APPR    (1)    3 :  0.341 0.440 0.219 
720 OmyJC18ROGR    (1)    2 :  0.244 0.485 0.271 
721 OmyJC18ROGR    (1)    2 :  0.344 0.416 0.240 
722 OmyAC19CORH    (1)    4 :  0.691 0.134 0.175 
723 OmyAC19CORH    (0)    4 :  0.797 0.068 0.135 
724 OmyAC19CORH    (0)    4 :  0.876 0.097 0.028 
725 OmyAC19CORH    (2)    4 :  0.866 0.077 0.056 
726 OmyAC19CORH    (1)    4 :  0.888 0.056 0.057 
727 OmyJC18ROGR    (2)    2 :  0.216 0.704 0.081 
728 OmyAC19ROGR    (3)    3 :  0.140 0.745 0.115 
729 OmyAC19ROGR    (1)    3 :  0.194 0.616 0.190 
730 OmyAC19APPR    (2)    3 :  0.437 0.383 0.180 
731 OmyAC19APPR    (1)    3 :  0.150 0.661 0.188 
732 OmyAC19CORH    (1)    4 :  0.556 0.138 0.306 
733 OmyAC19CORH    (1)    4 :  0.812 0.102 0.086 
734 OmyAC19CORH    (1)    4 :  0.862 0.081 0.056 
735 OmyAC19CORH    (2)    4 :  0.796 0.120 0.083 
736 OmyAC19CORH    (1)    4 :  0.895 0.071 0.034 
737 OmyJC18ROGR    (0)    2 :  0.312 0.128 0.560 
738 OmyAC19APPR    (0)    3 :  0.122 0.793 0.084 
739 OmyAC19APPR    (1)    3 :  0.431 0.472 0.096 
740 OmyAC19APPR    (1)    3 :  0.260 0.587 0.152 
741 OmyJC18ROGR    (1)    2 :  0.293 0.399 0.307 
742 OmyJC18ROGR    (1)    2 :  0.264 0.631 0.105 
743 OmyAC19CORH    (0)    4 :  0.730 0.174 0.096 
744 OmyAC19CORH    (0)    4 :  0.840 0.063 0.097 
745 OmyAC19CORH    (0)    4 :  0.894 0.074 0.031 
746 OmyAC19CORH    (0)    4 :  0.689 0.261 0.050 
747 OmyAC19CORH    (1)    4 :  0.851 0.085 0.064 
748 OmyJC19ROGR    (1)    2 :  0.157 0.202 0.641 
749 OmyJC19ROGR    (1)    2 :  0.149 0.273 0.578 
750 OmyJC19ROGR    (0)    2 :  0.730 0.128 0.142 
751 OmyJC19ROGR    (1)    2 :  0.097 0.052 0.851 
752 OmyJC19ROGR    (1)    2 :  0.766 0.141 0.093 
753 OmyJC19ROGR    (1)    2 :  0.127 0.658 0.215 
754 OmyJC19ROGR    (0)    2 :  0.664 0.152 0.183 
755 OmyJC19ROGR    (1)    2 :  0.093 0.660 0.247 
756 OmyJC19ROGR    (0)    2 :  0.071 0.062 0.867 
757 OmyJC19ROGR    (1)    2 :  0.217 0.078 0.705 
758 OmyJC19ROGR    (2)    2 :  0.064 0.096 0.841 
759 OmyJC19ROGR    (0)    2 :  0.109 0.752 0.139 
