

----------------------------------------------------
STRUCTURE by Pritchard, Stephens and Donnelly (2000)
     and Falush, Stephens and Pritchard (2003)
       Code by Pritchard, Falush and Hubisz
             Version 2.3.4 (Jul 2012)
----------------------------------------------------



Command line arguments:   bin/structure -m "/Users/ddayan/FRA/premature_migration/Rogue_Half-Pounder/rogue_half_pounder_repo/structure/halfpounder/10k_20k_adm_corr_rep2/mainparams" -e "/Users/ddayan/FRA/premature_migration/Rogue_Half-Pounder/rogue_half_pounder_repo/structure/halfpounder/10k_20k_adm_corr_rep2/extraparams" 
Input File:    /Users/ddayan/FRA/premature_migration/Rogue_Half-Pounder/rogue_half_pounder_repo/structure/halfpounder/project_data

Run parameters:
   882 individuals
   330 loci
   6 populations assumed
   10000 Burn-in period
   20000 Reps


--------------------------------------------
Proportion of membership of each pre-defined
 population in each of the 6 clusters

Given    Inferred Clusters                            Number of
 Pop       1      2      3      4      5      6      Individuals

  1:     0.164  0.158  0.145  0.173  0.193  0.167      157
  2:     0.171  0.170  0.149  0.174  0.163  0.172      643
  3:     0.240  0.250  0.062  0.042  0.174  0.232       40
  4:     0.073  0.070  0.670  0.039  0.087  0.062       42
--------------------------------------------

Allele-freq. divergence among pops (Net nucleotide distance),
computed using point estimates of P.

      1       2       3       4       5       6      
 1      -    0.0005  0.0036  0.0082  0.0010  0.0007  
 2   0.0005     -    0.0043  0.0087  0.0016  0.0014  
 3   0.0036  0.0043     -    0.0120  0.0038  0.0042  
 4   0.0082  0.0087  0.0120     -    0.0088  0.0089  
 5   0.0010  0.0016  0.0038  0.0088     -    0.0015  
 6   0.0007  0.0014  0.0042  0.0089  0.0015     -    

Average distances (expected heterozygosity) between individuals in same cluster:
cluster  1  : 0.2866 
cluster  2  : 0.2856 
cluster  3  : 0.2789 
cluster  4  : 0.2519 
cluster  5  : 0.2848 
cluster  6  : 0.2842 

--------------------------------------------
Estimated Ln Prob of Data   = -247696.3
Mean value of ln likelihood = -245854.9
Variance of ln likelihood   = 3682.8
Mean value of alpha         = 0.1611

Mean value of Fst_1         = 0.0109
Mean value of Fst_2         = 0.0163
Mean value of Fst_3         = 0.0302
Mean value of Fst_4         = 0.0777
Mean value of Fst_5         = 0.0160
Mean value of Fst_6         = 0.0154


Inferred ancestry of individuals:
        Label (%Miss) Pop:  Inferred clusters
  1 OmyAC19ROGR    (0)    1 :  0.236 0.100 0.222 0.011 0.177 0.253 
  2 OmyAC19ROGR    (1)    1 :  0.136 0.068 0.097 0.059 0.425 0.215 
  3 OmyAC19ROGR    (1)    1 :  0.201 0.037 0.108 0.047 0.249 0.357 
  4 OmyAC19ROGR    (1)    1 :  0.346 0.220 0.102 0.020 0.109 0.204 
  5 OmyAC19ROGR    (2)    1 :  0.018 0.012 0.010 0.932 0.012 0.016 
  6 OmyAC19ROGR    (1)    1 :  0.259 0.111 0.031 0.168 0.061 0.370 
  7 OmyAC19ROGR    (1)    1 :  0.151 0.263 0.128 0.171 0.112 0.175 
  8 OmyAC19ROGR    (0)    1 :  0.098 0.093 0.057 0.014 0.663 0.075 
  9 OmyAC19ROGR    (1)    1 :  0.211 0.059 0.127 0.149 0.159 0.294 
 10 OmyAC19ROGR    (1)    1 :  0.075 0.134 0.120 0.476 0.113 0.082 
 11 OmyAC19ROGR    (0)    1 :  0.260 0.225 0.093 0.094 0.059 0.268 
 12 OmyAC19ROGR    (0)    1 :  0.132 0.090 0.045 0.098 0.081 0.554 
 13 OmyAC19ROGR    (1)    1 :  0.203 0.279 0.086 0.024 0.341 0.067 
 14 OmyAC19ROGR    (1)    1 :  0.061 0.326 0.019 0.398 0.061 0.134 
 15 OmyAC19ROGR    (2)    1 :  0.114 0.244 0.041 0.402 0.057 0.142 
 16 OmyAC19ROGR    (1)    1 :  0.292 0.294 0.071 0.092 0.131 0.120 
 17 OmyAC19ROGR    (1)    1 :  0.136 0.105 0.018 0.071 0.535 0.135 
 18 OmyAC19ROGR    (2)    1 :  0.178 0.164 0.153 0.016 0.427 0.062 
 19 OmyAC19ROGR    (1)    1 :  0.309 0.362 0.052 0.036 0.200 0.042 
 20 OmyAC19ROGR    (1)    1 :  0.164 0.258 0.018 0.187 0.073 0.300 
 21 OmyAC19ROGR    (1)    1 :  0.142 0.147 0.068 0.157 0.389 0.097 
 22 OmyAC19ROGR    (1)    1 :  0.233 0.178 0.239 0.046 0.151 0.153 
 23 OmyAC19ROGR    (1)    1 :  0.151 0.055 0.096 0.115 0.390 0.193 
 24 OmyAC19ROGR    (1)    1 :  0.049 0.033 0.798 0.017 0.029 0.073 
 25 OmyAC19ROGR    (1)    1 :  0.248 0.204 0.068 0.180 0.189 0.110 
 26 OmyAC19ROGR    (1)    1 :  0.236 0.058 0.216 0.088 0.304 0.097 
 27 OmyAC19ROGR    (1)    1 :  0.258 0.499 0.042 0.034 0.049 0.118 
 28 OmyAC19ROGR    (1)    1 :  0.035 0.022 0.841 0.019 0.035 0.048 
 29 OmyAC19ROGR    (1)    1 :  0.175 0.109 0.099 0.043 0.302 0.272 
 30 OmyAC19ROGR    (1)    1 :  0.086 0.084 0.039 0.605 0.122 0.064 
 31 OmyAC19ROGR    (1)    1 :  0.158 0.094 0.119 0.031 0.313 0.285 
 32 OmyAC19ROGR    (1)    1 :  0.102 0.101 0.176 0.061 0.492 0.067 
 33 OmyAC19ROGR    (1)    1 :  0.147 0.100 0.263 0.114 0.150 0.226 
 34 OmyAC19ROGR    (1)    1 :  0.145 0.161 0.035 0.511 0.083 0.064 
 35 OmyAC19ROGR    (0)    1 :  0.113 0.123 0.160 0.071 0.441 0.092 
 36 OmyAC19ROGR    (1)    1 :  0.197 0.078 0.074 0.151 0.281 0.219 
 37 OmyAC19ROGR    (1)    1 :  0.131 0.123 0.493 0.085 0.056 0.111 
 38 OmyAC19ROGR    (1)    1 :  0.050 0.031 0.319 0.491 0.070 0.039 
 39 OmyAC19ROGR    (1)    1 :  0.061 0.108 0.029 0.082 0.639 0.081 
 40 OmyAC19ROGR    (0)    1 :  0.236 0.169 0.024 0.260 0.050 0.261 
 41 OmyAC19ROGR    (1)    1 :  0.129 0.414 0.068 0.022 0.087 0.280 
 42 OmyAC19ROGR    (1)    1 :  0.057 0.029 0.018 0.783 0.055 0.057 
 43 OmyAC19ROGR    (1)    1 :  0.091 0.066 0.112 0.033 0.308 0.390 
 44 OmyAC19ROGR    (7)    1 :  0.128 0.059 0.081 0.033 0.369 0.329 
 45 OmyAC19ROGR    (2)    1 :  0.082 0.075 0.263 0.312 0.077 0.192 
 46 OmyAC19ROGR    (1)    1 :  0.214 0.148 0.357 0.046 0.143 0.091 
 47 OmyAC19ROGR    (0)    1 :  0.077 0.076 0.624 0.054 0.044 0.125 
 48 OmyAC19ROGR    (1)    1 :  0.139 0.067 0.102 0.036 0.272 0.384 
 49 OmyAC19ROGR    (0)    1 :  0.308 0.188 0.206 0.025 0.148 0.125 
 50 OmyAC19ROGR    (1)    1 :  0.142 0.447 0.022 0.014 0.209 0.167 
 51 OmyAC19ROGR    (2)    1 :  0.060 0.067 0.057 0.700 0.056 0.061 
 52 OmyAC19ROGR    (1)    1 :  0.036 0.028 0.034 0.834 0.038 0.031 
 53 OmyAC19ROGR    (2)    1 :  0.078 0.076 0.578 0.025 0.103 0.141 
 54 OmyAC19ROGR    (1)    1 :  0.082 0.093 0.494 0.064 0.089 0.179 
 55 OmyAC19ROGR    (3)    1 :  0.132 0.127 0.043 0.087 0.503 0.109 
 56 OmyAC19ROGR    (1)    1 :  0.183 0.225 0.361 0.060 0.093 0.077 
 57 OmyAC19ROGR    (0)    1 :  0.117 0.061 0.576 0.018 0.157 0.072 
 58 OmyAC19ROGR    (1)    1 :  0.088 0.057 0.045 0.669 0.088 0.053 
 59 OmyAC19ROGR    (0)    1 :  0.087 0.120 0.530 0.021 0.083 0.159 
 60 OmyAC19ROGR    (2)    1 :  0.359 0.233 0.045 0.103 0.084 0.175 
 61 OmyAC19ROGR    (1)    1 :  0.164 0.216 0.339 0.044 0.099 0.138 
 62 OmyAC19ROGR    (1)    1 :  0.258 0.085 0.074 0.039 0.282 0.263 
 63 OmyAC19ROGR    (0)    1 :  0.156 0.075 0.312 0.185 0.129 0.143 
 64 OmyAC19ROGR    (3)    1 :  0.273 0.137 0.066 0.050 0.111 0.364 
 65 OmyAC19ROGR    (1)    1 :  0.246 0.265 0.055 0.053 0.285 0.096 
 66 OmyAC19ROGR    (4)    1 :  0.212 0.347 0.020 0.210 0.130 0.081 
 67 OmyAC19ROGR    (0)    1 :  0.285 0.392 0.185 0.024 0.058 0.056 
 68 OmyAC19ROGR    (2)    1 :  0.133 0.083 0.346 0.039 0.232 0.167 
 69 OmyAC19ROGR    (2)    1 :  0.068 0.061 0.442 0.217 0.152 0.059 
 70 OmyAC19ROGR    (1)    1 :  0.099 0.056 0.128 0.028 0.504 0.187 
 71 OmyAC19ROGR    (0)    1 :  0.157 0.174 0.071 0.025 0.446 0.127 
 72 OmyAC19ROGR    (5)    1 :  0.261 0.099 0.142 0.016 0.149 0.332 
 73 OmyAC19ROGR    (1)    1 :  0.053 0.050 0.228 0.176 0.421 0.072 
 74 OmyAC19ROGR    (1)    1 :  0.266 0.198 0.027 0.030 0.074 0.405 
 75 OmyAC19ROGR    (1)    1 :  0.175 0.190 0.241 0.086 0.235 0.073 
 76 OmyAC19ROGR    (1)    1 :  0.115 0.058 0.615 0.025 0.117 0.070 
 77 OmyAC19ROGR    (1)    1 :  0.021 0.020 0.013 0.900 0.019 0.027 
 78 OmyAC19ROGR    (1)    1 :  0.128 0.080 0.113 0.033 0.499 0.147 
 79 OmyAC19ROGR    (2)    1 :  0.109 0.095 0.096 0.039 0.554 0.106 
 80 OmyAC19ROGR    (2)    1 :  0.068 0.062 0.056 0.722 0.038 0.054 
 81 OmyAC19ROGR    (2)    1 :  0.096 0.165 0.070 0.381 0.082 0.207 
 82 OmyAC19ROGR    (1)    1 :  0.089 0.056 0.511 0.016 0.147 0.179 
 83 OmyAC19ROGR    (0)    1 :  0.162 0.189 0.154 0.037 0.337 0.122 
 84 OmyAC19ROGR    (1)    1 :  0.253 0.240 0.041 0.147 0.148 0.171 
 85 OmyAC19ROGR    (6)    1 :  0.195 0.145 0.095 0.017 0.467 0.082 
 86 OmyAC19ROGR    (1)    1 :  0.179 0.506 0.019 0.061 0.077 0.157 
 87 OmyAC19ROGR    (2)    1 :  0.173 0.162 0.218 0.030 0.108 0.309 
 88 OmyJC19ROGR    (0)    2 :  0.022 0.046 0.021 0.832 0.050 0.028 
 89 OmyJC19ROGR    (1)    2 :  0.372 0.185 0.048 0.051 0.270 0.074 
 90 OmyJC19ROGR    (1)    2 :  0.032 0.031 0.022 0.865 0.024 0.026 
 91 OmyJC19ROGR    (2)    2 :  0.177 0.204 0.293 0.013 0.124 0.188 
 92 OmyJC19ROGR    (1)    2 :  0.110 0.063 0.474 0.032 0.217 0.104 
 93 OmyJC19ROGR    (1)    2 :  0.071 0.028 0.784 0.015 0.075 0.026 
 94 OmyJC19ROGR    (1)    2 :  0.171 0.099 0.028 0.145 0.359 0.197 
 95 OmyJC19ROGR    (0)    2 :  0.122 0.089 0.026 0.180 0.394 0.188 
 96 OmyJC19ROGR    (2)    2 :  0.348 0.242 0.081 0.077 0.153 0.098 
 97 OmyJC19ROGR    (1)    2 :  0.044 0.027 0.684 0.109 0.098 0.039 
 98 OmyJC19ROGR    (0)    2 :  0.291 0.264 0.090 0.037 0.162 0.155 
 99 OmyJC19ROGR    (0)    2 :  0.191 0.317 0.277 0.061 0.060 0.095 
100 OmyJC19ROGR    (1)    2 :  0.204 0.059 0.045 0.022 0.589 0.081 
101 OmyJC19ROGR    (1)    2 :  0.089 0.099 0.090 0.477 0.167 0.078 
102 OmyJC19ROGR    (1)    2 :  0.463 0.254 0.033 0.058 0.110 0.082 
103 OmyJC19ROGR    (2)    2 :  0.201 0.137 0.092 0.181 0.255 0.134 
104 OmyJC19ROGR    (1)    2 :  0.145 0.094 0.415 0.025 0.245 0.077 
105 OmyJC19ROGR    (1)    2 :  0.069 0.068 0.485 0.183 0.025 0.170 
106 OmyJC19ROGR    (1)    2 :  0.013 0.012 0.029 0.919 0.011 0.015 
107 OmyJC19ROGR    (2)    2 :  0.342 0.449 0.060 0.062 0.032 0.054 
108 OmyJC19ROGR    (0)    2 :  0.278 0.276 0.150 0.041 0.126 0.129 
109 OmyJC19ROGR    (1)    2 :  0.332 0.263 0.018 0.192 0.090 0.104 
110 OmyJC19ROGR    (1)    2 :  0.124 0.095 0.398 0.142 0.132 0.108 
111 OmyJC19ROGR    (1)    2 :  0.241 0.136 0.299 0.059 0.160 0.105 
112 OmyJC19ROGR    (2)    2 :  0.313 0.128 0.037 0.076 0.239 0.206 
113 OmyJC19ROGR    (1)    2 :  0.110 0.151 0.042 0.477 0.123 0.098 
114 OmyJC19ROGR    (3)    2 :  0.165 0.078 0.048 0.026 0.521 0.161 
115 OmyJC19ROGR    (2)    2 :  0.068 0.030 0.301 0.044 0.065 0.492 
116 OmyJC19ROGR    (0)    2 :  0.293 0.063 0.041 0.050 0.442 0.110 
117 OmyJC19ROGR    (1)    2 :  0.145 0.122 0.040 0.166 0.409 0.119 
118 OmyJC19ROGR    (1)    2 :  0.284 0.167 0.148 0.024 0.318 0.060 
119 OmyJC19ROGR    (3)    2 :  0.256 0.416 0.044 0.043 0.098 0.143 
120 OmyJC19ROGR    (1)    2 :  0.072 0.037 0.797 0.013 0.039 0.043 
121 OmyJC19ROGR    (0)    2 :  0.148 0.254 0.031 0.040 0.289 0.237 
122 OmyJC19ROGR    (1)    2 :  0.215 0.150 0.143 0.045 0.266 0.181 
123 OmyJC19ROGR    (1)    2 :  0.209 0.246 0.204 0.020 0.180 0.140 
124 OmyJC19ROGR    (0)    2 :  0.169 0.103 0.033 0.086 0.175 0.434 
125 OmyJC19ROGR    (1)    2 :  0.067 0.042 0.448 0.093 0.194 0.155 
126 OmyJC19ROGR    (1)    2 :  0.103 0.042 0.041 0.605 0.098 0.111 
127 OmyJC19ROGR    (1)    2 :  0.134 0.674 0.039 0.041 0.039 0.073 
128 OmyJC19ROGR    (1)    2 :  0.143 0.101 0.586 0.023 0.106 0.040 
129 OmyJC19ROGR    (1)    2 :  0.064 0.061 0.057 0.119 0.635 0.065 
130 OmyJC19ROGR    (1)    2 :  0.256 0.072 0.025 0.055 0.197 0.394 
131 OmyJC19ROGR    (1)    2 :  0.137 0.071 0.097 0.049 0.456 0.189 
132 OmyJC19ROGR    (1)    2 :  0.197 0.110 0.444 0.048 0.097 0.105 
133 OmyJC19ROGR    (1)    2 :  0.218 0.091 0.044 0.022 0.479 0.146 
134 OmyJC19ROGR    (1)    2 :  0.089 0.632 0.041 0.045 0.079 0.114 
135 OmyJC19ROGR    (1)    2 :  0.041 0.032 0.857 0.024 0.024 0.022 
136 OmyJC19ROGR    (3)    2 :  0.371 0.177 0.085 0.029 0.242 0.096 
137 OmyJC19ROGR    (1)    2 :  0.237 0.191 0.038 0.175 0.060 0.299 
138 OmyJC19ROGR    (1)    2 :  0.074 0.046 0.019 0.654 0.135 0.071 
139 OmyJC19ROGR    (2)    2 :  0.092 0.066 0.036 0.018 0.590 0.198 
140 OmyJC19ROGR    (3)    2 :  0.096 0.144 0.049 0.083 0.533 0.094 
141 OmyJC19ROGR    (0)    2 :  0.064 0.112 0.087 0.301 0.343 0.093 
142 OmyJC19ROGR    (1)    2 :  0.206 0.124 0.153 0.277 0.124 0.116 
143 OmyJC19ROGR    (0)    2 :  0.079 0.052 0.572 0.042 0.124 0.131 
144 OmyJC19ROGR    (1)    2 :  0.057 0.043 0.032 0.013 0.680 0.176 
145 OmyJC19ROGR    (1)    2 :  0.329 0.106 0.028 0.020 0.064 0.453 
146 OmyJC19ROGR    (2)    2 :  0.097 0.094 0.532 0.042 0.156 0.079 
147 OmyJC19ROGR    (1)    2 :  0.393 0.336 0.094 0.041 0.055 0.082 
148 OmyJC19ROGR    (1)    2 :  0.266 0.316 0.148 0.013 0.065 0.192 
149 OmyJC19ROGR    (2)    2 :  0.157 0.312 0.241 0.055 0.130 0.105 
150 OmyJC19ROGR    (2)    2 :  0.176 0.210 0.368 0.051 0.113 0.082 
151 OmyJC19ROGR    (1)    2 :  0.088 0.114 0.084 0.056 0.600 0.058 
152 OmyJC19ROGR    (0)    2 :  0.325 0.165 0.119 0.054 0.040 0.297 
153 OmyJC19ROGR    (1)    2 :  0.039 0.041 0.825 0.025 0.027 0.044 
154 OmyJC19ROGR    (2)    2 :  0.390 0.256 0.032 0.041 0.062 0.220 
155 OmyJC19ROGR    (1)    2 :  0.161 0.170 0.190 0.072 0.233 0.174 
156 OmyJC19ROGR    (1)    2 :  0.187 0.222 0.114 0.102 0.071 0.303 
157 OmyJC19ROGR    (0)    2 :  0.165 0.082 0.154 0.063 0.205 0.331 
158 OmyJC19ROGR    (2)    2 :  0.488 0.181 0.081 0.015 0.161 0.074 
159 OmyJC19ROGR    (1)    2 :  0.391 0.135 0.033 0.031 0.095 0.315 
160 OmyJC19ROGR    (0)    2 :  0.092 0.388 0.201 0.043 0.090 0.185 
161 OmyJC19ROGR    (1)    2 :  0.192 0.115 0.310 0.030 0.132 0.221 
162 OmyJC19ROGR    (1)    2 :  0.261 0.253 0.177 0.064 0.104 0.142 
163 OmyJC19ROGR    (1)    2 :  0.125 0.200 0.437 0.037 0.053 0.147 
164 OmyJC19ROGR    (1)    2 :  0.378 0.196 0.060 0.023 0.186 0.157 
165 OmyJC19ROGR    (0)    2 :  0.294 0.125 0.145 0.014 0.136 0.286 
166 OmyJC19ROGR    (0)    2 :  0.152 0.193 0.047 0.040 0.089 0.479 
167 OmyJC19ROGR    (2)    2 :  0.197 0.202 0.232 0.086 0.116 0.168 
168 OmyJC19ROGR    (0)    2 :  0.215 0.103 0.044 0.058 0.525 0.055 
169 OmyJC19ROGR    (1)    2 :  0.016 0.029 0.012 0.912 0.014 0.017 
170 OmyJC19ROGR    (1)    2 :  0.120 0.118 0.496 0.052 0.095 0.120 
171 OmyJC19ROGR    (1)    2 :  0.202 0.196 0.104 0.025 0.269 0.204 
172 OmyJC19ROGR    (0)    2 :  0.103 0.123 0.223 0.349 0.141 0.061 
173 OmyJC19ROGR    (1)    2 :  0.026 0.028 0.014 0.888 0.021 0.024 
174 OmyJC19ROGR    (0)    2 :  0.185 0.067 0.081 0.029 0.151 0.487 
175 OmyJC19ROGR    (1)    2 :  0.231 0.095 0.058 0.021 0.485 0.110 
176 OmyJC19ROGR    (1)    2 :  0.106 0.220 0.489 0.041 0.107 0.037 
177 OmyJC19ROGR    (1)    2 :  0.068 0.060 0.735 0.012 0.036 0.088 
178 OmyJC19ROGR    (0)    2 :  0.387 0.307 0.019 0.037 0.061 0.189 
179 OmyJC19ROGR    (1)    2 :  0.200 0.103 0.368 0.016 0.163 0.149 
180 OmyJC19ROGR    (1)    2 :  0.037 0.029 0.044 0.790 0.067 0.033 
181 OmyJC19ROGR    (1)    2 :  0.243 0.218 0.047 0.030 0.121 0.340 
182 OmyJC19ROGR    (1)    2 :  0.064 0.098 0.043 0.097 0.624 0.073 
183 OmyJC19ROGR    (1)    2 :  0.125 0.217 0.083 0.032 0.221 0.321 
184 OmyJC19ROGR    (1)    2 :  0.111 0.151 0.073 0.446 0.185 0.035 
185 OmyJC19ROGR    (2)    2 :  0.068 0.027 0.025 0.009 0.844 0.027 
186 OmyJC19ROGR    (1)    2 :  0.107 0.042 0.415 0.075 0.304 0.057 
187 OmyJC19ROGR    (0)    2 :  0.290 0.071 0.042 0.021 0.035 0.541 
188 OmyJC19ROGR    (1)    2 :  0.123 0.060 0.084 0.047 0.528 0.159 
189 OmyJC19ROGR    (0)    2 :  0.187 0.143 0.241 0.114 0.257 0.059 
190 OmyJC19ROGR    (0)    2 :  0.158 0.214 0.472 0.029 0.066 0.061 
191 OmyJC19ROGR    (2)    2 :  0.110 0.047 0.453 0.027 0.069 0.293 
192 OmyJC19ROGR    (1)    2 :  0.215 0.680 0.016 0.026 0.033 0.030 
193 OmyJC19ROGR    (1)    2 :  0.407 0.144 0.079 0.083 0.099 0.188 
194 OmyJC19ROGR    (0)    2 :  0.207 0.680 0.029 0.013 0.040 0.032 
195 OmyJC19ROGR    (1)    2 :  0.046 0.060 0.012 0.775 0.044 0.063 
196 OmyJC19ROGR    (1)    2 :  0.084 0.036 0.021 0.015 0.103 0.741 
197 OmyJC19ROGR    (1)    2 :  0.082 0.126 0.405 0.043 0.194 0.150 
198 OmyJC19ROGR    (1)    2 :  0.078 0.074 0.046 0.710 0.048 0.044 
199 OmyJC19ROGR    (0)    2 :  0.071 0.075 0.057 0.024 0.571 0.201 
200 OmyJC19ROGR    (0)    2 :  0.139 0.046 0.587 0.036 0.109 0.084 
201 OmyJC19ROGR    (1)    2 :  0.286 0.335 0.046 0.021 0.074 0.238 
202 OmyJC19ROGR    (0)    2 :  0.065 0.072 0.756 0.012 0.029 0.066 
203 OmyJC19ROGR    (0)    2 :  0.163 0.151 0.093 0.030 0.118 0.444 
204 OmyJC19ROGR    (1)    2 :  0.262 0.222 0.113 0.043 0.135 0.225 
205 OmyJC19ROGR    (1)    2 :  0.174 0.080 0.072 0.079 0.080 0.515 
206 OmyJC19ROGR    (1)    2 :  0.058 0.037 0.024 0.802 0.050 0.028 
207 OmyJC19ROGR    (1)    2 :  0.261 0.155 0.051 0.194 0.069 0.270 
208 OmyJC19ROGR    (1)    2 :  0.268 0.168 0.050 0.030 0.237 0.246 
209 OmyJC19ROGR    (0)    2 :  0.063 0.072 0.091 0.470 0.246 0.059 
210 OmyJC19ROGR    (1)    2 :  0.024 0.022 0.012 0.887 0.026 0.029 
211 OmyJC19ROGR    (0)    2 :  0.340 0.159 0.045 0.104 0.276 0.076 
212 OmyJC19ROGR    (1)    2 :  0.150 0.286 0.238 0.186 0.044 0.097 
213 OmyJC19ROGR    (1)    2 :  0.099 0.069 0.045 0.022 0.269 0.497 
214 OmyJC19ROGR    (1)    2 :  0.267 0.120 0.036 0.034 0.032 0.510 
215 OmyJC19ROGR    (1)    2 :  0.146 0.645 0.040 0.020 0.109 0.041 
216 OmyJC19ROGR    (1)    2 :  0.045 0.025 0.024 0.776 0.054 0.076 
217 OmyJC19ROGR    (1)    2 :  0.162 0.256 0.076 0.329 0.086 0.091 
218 OmyJC19ROGR    (1)    2 :  0.124 0.058 0.460 0.023 0.098 0.237 
219 OmyJC19ROGR    (1)    2 :  0.196 0.371 0.030 0.089 0.108 0.206 
220 OmyJC19ROGR    (1)    2 :  0.293 0.372 0.084 0.010 0.168 0.073 
221 OmyJC19ROGR    (0)    2 :  0.256 0.041 0.042 0.213 0.137 0.311 
222 OmyJC19ROGR    (1)    2 :  0.179 0.229 0.165 0.029 0.139 0.259 
223 OmyJC19ROGR    (0)    2 :  0.174 0.314 0.073 0.048 0.070 0.322 
224 OmyJC19ROGR    (1)    2 :  0.262 0.347 0.086 0.025 0.133 0.147 
225 OmyJC19ROGR    (1)    2 :  0.015 0.018 0.016 0.918 0.017 0.016 
226 OmyJC19ROGR    (0)    2 :  0.194 0.115 0.029 0.172 0.378 0.111 
227 OmyJC19ROGR    (1)    2 :  0.023 0.017 0.037 0.872 0.021 0.029 
228 OmyJC19ROGR    (1)    2 :  0.286 0.139 0.030 0.041 0.101 0.402 
229 OmyJC19ROGR    (2)    2 :  0.138 0.044 0.081 0.022 0.391 0.324 
230 OmyJC19ROGR    (1)    2 :  0.260 0.113 0.122 0.133 0.123 0.248 
231 OmyJC19ROGR    (1)    2 :  0.236 0.142 0.038 0.051 0.204 0.329 
232 OmyJC19ROGR    (2)    2 :  0.271 0.076 0.117 0.042 0.375 0.119 
233 OmyJC19ROGR    (1)    2 :  0.268 0.236 0.072 0.078 0.125 0.220 
234 OmyJC19ROGR    (1)    2 :  0.027 0.018 0.020 0.887 0.029 0.018 
235 OmyJC19ROGR    (0)    2 :  0.101 0.279 0.053 0.454 0.065 0.048 
236 OmyJC19ROGR    (1)    2 :  0.364 0.360 0.131 0.019 0.045 0.082 
237 OmyJC19ROGR    (1)    2 :  0.301 0.230 0.130 0.086 0.100 0.152 
238 OmyJC19ROGR    (0)    2 :  0.306 0.414 0.031 0.080 0.028 0.140 
239 OmyJC19ROGR    (1)    2 :  0.148 0.490 0.041 0.060 0.214 0.047 
240 OmyJC19ROGR    (1)    2 :  0.278 0.078 0.049 0.036 0.365 0.194 
241 OmyJC19ROGR    (0)    2 :  0.073 0.127 0.397 0.060 0.209 0.133 
242 OmyJC19ROGR    (1)    2 :  0.081 0.674 0.114 0.012 0.081 0.038 
243 OmyJC19ROGR    (1)    2 :  0.143 0.114 0.270 0.044 0.136 0.293 
244 OmyJC19ROGR    (1)    2 :  0.121 0.108 0.209 0.044 0.140 0.378 
245 OmyJC19ROGR    (0)    2 :  0.015 0.013 0.015 0.913 0.022 0.020 
246 OmyJC19ROGR    (1)    2 :  0.081 0.046 0.585 0.178 0.053 0.058 
247 OmyJC19ROGR    (0)    2 :  0.112 0.101 0.099 0.464 0.091 0.134 
248 OmyJC19ROGR    (1)    2 :  0.084 0.062 0.043 0.420 0.335 0.056 
249 OmyJC19ROGR    (1)    2 :  0.438 0.071 0.038 0.042 0.153 0.259 
250 OmyJC19ROGR    (0)    2 :  0.195 0.133 0.077 0.075 0.390 0.130 
251 OmyJC19ROGR    (1)    2 :  0.126 0.261 0.057 0.049 0.116 0.391 
252 OmyJC19ROGR    (0)    2 :  0.061 0.028 0.731 0.023 0.056 0.101 
253 OmyJC19ROGR    (0)    2 :  0.082 0.183 0.030 0.049 0.594 0.062 
254 OmyJC19ROGR    (1)    2 :  0.101 0.111 0.315 0.044 0.149 0.281 
255 OmyJC19ROGR    (1)    2 :  0.146 0.047 0.375 0.023 0.119 0.290 
256 OmyJC19ROGR    (1)    2 :  0.089 0.095 0.258 0.275 0.035 0.248 
257 OmyJC19ROGR    (0)    2 :  0.315 0.054 0.045 0.060 0.126 0.400 
258 OmyAC19ROGR    (1)    1 :  0.102 0.139 0.104 0.198 0.194 0.263 
259 OmyAC19ROGR    (2)    1 :  0.145 0.180 0.068 0.433 0.123 0.050 
260 OmyAC19ROGR    (1)    1 :  0.129 0.404 0.076 0.022 0.301 0.068 
261 OmyAC19ROGR    (0)    1 :  0.181 0.139 0.040 0.039 0.416 0.184 
262 OmyAC19ROGR    (1)    1 :  0.158 0.097 0.173 0.105 0.327 0.140 
263 OmyAC19ROGR    (0)    1 :  0.194 0.171 0.337 0.029 0.043 0.226 
264 OmyAC19ROGR    (1)    1 :  0.162 0.188 0.053 0.045 0.112 0.440 
265 OmyAC19ROGR    (1)    1 :  0.266 0.389 0.086 0.033 0.045 0.182 
266 OmyAC19ROGR    (1)    1 :  0.215 0.040 0.044 0.014 0.133 0.555 
267 OmyAC19ROGR    (1)    1 :  0.323 0.116 0.072 0.124 0.275 0.090 
268 OmyAC19ROGR    (2)    1 :  0.152 0.080 0.327 0.140 0.185 0.115 
269 OmyAC19ROGR    (1)    1 :  0.119 0.073 0.040 0.143 0.541 0.083 
270 OmyAC19ROGR    (1)    1 :  0.174 0.043 0.447 0.029 0.097 0.209 
271 OmyAC19ROGR    (1)    1 :  0.097 0.109 0.064 0.270 0.387 0.073 
272 OmyAC19ROGR    (0)    1 :  0.109 0.120 0.019 0.158 0.102 0.492 
273 OmyAC19ROGR    (0)    1 :  0.098 0.229 0.078 0.036 0.475 0.084 
274 OmyAC19ROGR    (1)    1 :  0.076 0.043 0.030 0.709 0.091 0.051 
275 OmyAC19ROGR    (1)    1 :  0.207 0.230 0.163 0.106 0.166 0.128 
276 OmyAC19ROGR    (1)    1 :  0.176 0.420 0.049 0.045 0.148 0.161 
277 OmyAC19ROGR    (1)    1 :  0.151 0.221 0.038 0.063 0.258 0.269 
278 OmyAC19ROGR    (1)    1 :  0.324 0.139 0.031 0.248 0.080 0.178 
279 OmyAC19ROGR    (0)    1 :  0.198 0.353 0.043 0.165 0.139 0.103 
280 OmyAC19ROGR    (1)    1 :  0.295 0.041 0.274 0.090 0.181 0.119 
281 OmyAC19ROGR    (1)    1 :  0.194 0.113 0.042 0.037 0.549 0.065 
282 OmyAC19ROGR    (1)    1 :  0.269 0.147 0.102 0.166 0.166 0.151 
283 OmyAC19ROGR    (1)    1 :  0.210 0.277 0.047 0.038 0.182 0.246 
284 OmyAC19ROGR    (0)    1 :  0.124 0.113 0.105 0.023 0.104 0.531 
285 OmyAC19ROGR    (1)    1 :  0.172 0.263 0.268 0.045 0.130 0.122 
286 OmyAC19ROGR    (1)    1 :  0.143 0.335 0.129 0.019 0.151 0.222 
287 OmyAC19ROGR    (1)    1 :  0.011 0.011 0.009 0.949 0.013 0.007 
288 OmyAC19ROGR    (1)    1 :  0.084 0.079 0.031 0.717 0.058 0.031 
289 OmyAC19ROGR    (1)    1 :  0.164 0.216 0.045 0.121 0.339 0.115 
290 OmyAC19ROGR    (1)    1 :  0.014 0.018 0.026 0.913 0.012 0.017 
291 OmyAC19ROGR    (1)    1 :  0.172 0.115 0.113 0.394 0.084 0.122 
292 OmyAC19ROGR    (1)    1 :  0.133 0.111 0.054 0.207 0.374 0.122 
293 OmyAC19ROGR    (1)    1 :  0.091 0.059 0.593 0.032 0.137 0.089 
294 OmyAC19ROGR    (1)    1 :  0.246 0.302 0.034 0.151 0.083 0.184 
295 OmyAC19ROGR    (0)    1 :  0.088 0.195 0.120 0.018 0.331 0.248 
296 OmyAC19ROGR    (0)    1 :  0.162 0.419 0.108 0.024 0.118 0.170 
297 OmyAC19ROGR    (1)    1 :  0.064 0.044 0.022 0.740 0.065 0.065 
298 OmyAC19ROGR    (0)    1 :  0.287 0.394 0.035 0.020 0.049 0.215 
299 OmyAC19ROGR    (1)    1 :  0.188 0.287 0.235 0.172 0.048 0.069 
300 OmyAC19ROGR    (1)    1 :  0.281 0.227 0.066 0.039 0.233 0.155 
301 OmyAC19ROGR    (0)    1 :  0.029 0.019 0.017 0.857 0.031 0.047 
302 OmyAC19ROGR    (1)    1 :  0.137 0.169 0.052 0.406 0.045 0.190 
303 OmyAC19ROGR    (1)    1 :  0.125 0.133 0.031 0.108 0.526 0.076 
304 OmyAC19ROGR    (1)    1 :  0.207 0.317 0.069 0.143 0.169 0.096 
305 OmyAC19ROGR    (1)    1 :  0.382 0.298 0.051 0.027 0.155 0.087 
306 OmyAC19ROGR    (1)    1 :  0.053 0.070 0.016 0.533 0.144 0.185 
307 OmyAC19ROGR    (2)    1 :  0.309 0.162 0.136 0.018 0.236 0.139 
308 OmyAC19ROGR    (0)    1 :  0.355 0.243 0.033 0.094 0.124 0.150 
309 OmyAC19ROGR    (2)    1 :  0.024 0.030 0.020 0.870 0.029 0.028 
310 OmyAC19ROGR    (0)    1 :  0.120 0.127 0.061 0.412 0.150 0.130 
311 OmyAC19ROGR    (0)    1 :  0.081 0.316 0.024 0.439 0.062 0.078 
312 OmyAC19ROGR    (0)    1 :  0.167 0.125 0.487 0.031 0.120 0.070 
313 OmyAC19ROGR    (1)    1 :  0.292 0.367 0.076 0.015 0.047 0.204 
314 OmyAC19ROGR    (0)    1 :  0.091 0.123 0.566 0.042 0.101 0.076 
315 OmyAC19ROGR    (1)    1 :  0.169 0.134 0.065 0.047 0.360 0.224 
316 OmyAC19ROGR    (1)    1 :  0.249 0.278 0.061 0.029 0.104 0.279 
317 OmyAC19ROGR    (1)    1 :  0.095 0.058 0.184 0.023 0.599 0.039 
318 OmyAC19ROGR    (1)    1 :  0.127 0.073 0.431 0.023 0.181 0.165 
319 OmyAC19ROGR    (1)    1 :  0.205 0.259 0.086 0.018 0.329 0.103 
320 OmyAC19ROGR    (0)    1 :  0.318 0.127 0.049 0.011 0.026 0.469 
321 OmyAC19ROGR    (1)    1 :  0.378 0.159 0.050 0.019 0.193 0.200 
322 OmyAC19ROGR    (0)    1 :  0.085 0.094 0.032 0.257 0.405 0.128 
323 OmyAC19ROGR    (1)    1 :  0.127 0.260 0.020 0.021 0.108 0.463 
324 OmyAC19ROGR    (1)    1 :  0.199 0.110 0.082 0.017 0.034 0.558 
325 OmyAC19ROGR    (1)    1 :  0.105 0.048 0.029 0.330 0.342 0.146 
326 OmyAC19ROGR    (1)    1 :  0.322 0.129 0.037 0.051 0.115 0.346 
327 OmyAC19ROGR    (1)    1 :  0.267 0.161 0.081 0.026 0.038 0.428 
328 OmyJC18ROGR    (1)    2 :  0.108 0.105 0.558 0.037 0.043 0.147 
329 OmyJC18ROGR    (0)    2 :  0.150 0.122 0.047 0.044 0.237 0.400 
330 OmyJC18ROGR    (0)    2 :  0.295 0.128 0.021 0.049 0.116 0.391 
331 OmyJC18ROGR    (1)    2 :  0.084 0.108 0.066 0.603 0.057 0.083 
332 OmyJC18ROGR    (1)    2 :  0.055 0.092 0.053 0.674 0.085 0.041 
333 OmyJC18ROGR    (1)    2 :  0.046 0.042 0.018 0.797 0.077 0.020 
334 OmyJC18ROGR    (1)    2 :  0.104 0.062 0.123 0.144 0.123 0.444 
335 OmyJC18ROGR    (0)    2 :  0.309 0.117 0.288 0.018 0.121 0.147 
336 OmyJC18ROGR    (1)    2 :  0.036 0.031 0.025 0.840 0.046 0.023 
337 OmyJC18ROGR    (1)    2 :  0.193 0.190 0.041 0.031 0.307 0.238 
338 OmyJC18ROGR    (1)    2 :  0.039 0.051 0.018 0.819 0.040 0.033 
339 OmyJC18ROGR    (1)    2 :  0.072 0.069 0.026 0.032 0.547 0.254 
340 OmyJC18ROGR    (0)    2 :  0.133 0.160 0.398 0.125 0.049 0.135 
341 OmyJC18ROGR    (1)    2 :  0.159 0.509 0.130 0.013 0.079 0.110 
342 OmyJC18ROGR    (2)    2 :  0.123 0.245 0.069 0.282 0.102 0.179 
343 OmyJC18ROGR    (2)    2 :  0.193 0.098 0.157 0.287 0.156 0.109 
344 OmyJC18ROGR    (3)    2 :  0.108 0.151 0.082 0.364 0.236 0.059 
345 OmyJC18ROGR    (2)    2 :  0.076 0.101 0.057 0.588 0.058 0.119 
346 OmyJC18ROGR    (4)    2 :  0.180 0.045 0.022 0.019 0.044 0.690 
347 OmyJC18ROGR    (3)    2 :  0.150 0.411 0.024 0.032 0.264 0.119 
348 OmyJC18ROGR    (1)    2 :  0.288 0.085 0.044 0.124 0.339 0.119 
349 OmyJC18ROGR    (1)    2 :  0.332 0.410 0.030 0.021 0.118 0.087 
350 OmyJC18ROGR    (1)    2 :  0.399 0.424 0.024 0.027 0.055 0.071 
351 OmyJC18ROGR    (0)    2 :  0.074 0.129 0.020 0.677 0.078 0.022 
352 OmyJC18ROGR    (4)    2 :  0.263 0.275 0.032 0.291 0.046 0.094 
353 OmyJC18ROGR    (2)    2 :  0.172 0.109 0.120 0.138 0.152 0.309 
354 OmyJC18ROGR    (1)    2 :  0.098 0.083 0.036 0.061 0.459 0.263 
355 OmyJC18ROGR    (2)    2 :  0.161 0.084 0.044 0.024 0.357 0.329 
356 OmyJC18ROGR    (1)    2 :  0.208 0.239 0.346 0.036 0.074 0.098 
357 OmyJC18ROGR    (2)    2 :  0.044 0.034 0.201 0.639 0.041 0.042 
358 OmyJC18ROGR    (2)    2 :  0.154 0.214 0.295 0.017 0.179 0.142 
359 OmyJC18ROGR    (3)    2 :  0.197 0.358 0.087 0.072 0.222 0.063 
360 OmyJC18ROGR    (0)    2 :  0.172 0.113 0.271 0.035 0.271 0.137 
361 OmyJC18ROGR    (1)    2 :  0.145 0.075 0.037 0.014 0.058 0.671 
362 OmyJC18ROGR    (1)    2 :  0.151 0.170 0.056 0.131 0.105 0.387 
363 OmyJC18ROGR    (2)    2 :  0.101 0.129 0.143 0.161 0.297 0.169 
364 OmyJC18ROGR    (3)    2 :  0.221 0.475 0.040 0.012 0.144 0.108 
365 OmyJC18ROGR    (4)    2 :  0.209 0.221 0.028 0.031 0.279 0.232 
366 OmyJC18ROGR    (4)    2 :  0.347 0.185 0.246 0.027 0.092 0.102 
367 OmyJC18ROGR    (3)    2 :  0.056 0.048 0.023 0.729 0.046 0.098 
368 OmyJC18ROGR    (3)    2 :  0.224 0.157 0.044 0.333 0.147 0.096 
369 OmyJC18ROGR    (2)    2 :  0.198 0.068 0.201 0.056 0.315 0.163 
370 OmyJC18ROGR    (3)    2 :  0.285 0.210 0.053 0.049 0.222 0.181 
371 OmyJC18ROGR    (1)    2 :  0.212 0.202 0.081 0.024 0.325 0.156 
372 OmyJC18ROGR    (3)    2 :  0.168 0.288 0.067 0.066 0.209 0.203 
373 OmyJC18ROGR    (5)    2 :  0.095 0.085 0.467 0.072 0.128 0.153 
374 OmyJC18ROGR    (5)    2 :  0.086 0.086 0.708 0.015 0.065 0.040 
375 OmyJC18ROGR    (3)    2 :  0.305 0.110 0.042 0.084 0.273 0.187 
376 OmyJC18ROGR    (3)    2 :  0.033 0.037 0.021 0.864 0.018 0.027 
377 OmyJC18ROGR    (4)    2 :  0.096 0.067 0.333 0.208 0.142 0.154 
378 OmyJC18ROGR    (0)    2 :  0.200 0.388 0.152 0.062 0.130 0.068 
379 OmyJC18ROGR    (5)    2 :  0.191 0.314 0.094 0.092 0.080 0.230 
380 OmyJC18ROGR    (4)    2 :  0.136 0.077 0.075 0.096 0.429 0.187 
381 OmyJC18ROGR    (1)    2 :  0.168 0.244 0.079 0.041 0.375 0.092 
382 OmyJC18ROGR    (1)    2 :  0.274 0.329 0.073 0.030 0.122 0.172 
383 OmyJC18ROGR    (3)    2 :  0.088 0.076 0.045 0.344 0.233 0.214 
384 OmyJC18ROGR    (2)    2 :  0.214 0.515 0.026 0.136 0.019 0.090 
385 OmyJC18ROGR    (4)    2 :  0.130 0.139 0.022 0.040 0.175 0.494 
386 OmyJC18ROGR    (2)    2 :  0.150 0.237 0.030 0.313 0.089 0.181 
387 OmyJC18ROGR    (1)    2 :  0.120 0.163 0.218 0.280 0.115 0.105 
388 OmyJC18ROGR    (6)    2 :  0.165 0.065 0.226 0.039 0.439 0.067 
389 OmyJC18ROGR    (1)    2 :  0.223 0.216 0.039 0.104 0.199 0.219 
390 OmyJC18ROGR    (1)    2 :  0.322 0.222 0.060 0.058 0.129 0.209 
391 OmyJC18ROGR    (3)    2 :  0.037 0.023 0.046 0.838 0.029 0.027 
392 OmyJC18ROGR    (2)    2 :  0.283 0.156 0.233 0.029 0.121 0.178 
393 OmyJC18ROGR    (4)    2 :  0.058 0.038 0.709 0.063 0.064 0.068 
394 OmyJC18ROGR    (3)    2 :  0.106 0.067 0.016 0.689 0.058 0.064 
395 OmyJC18ROGR    (7)    2 :  0.155 0.059 0.304 0.161 0.247 0.074 
396 OmyJC18ROGR    (4)    2 :  0.079 0.087 0.182 0.501 0.052 0.099 
397 OmyJC18ROGR    (1)    2 :  0.337 0.127 0.088 0.037 0.218 0.193 
398 OmyJC18ROGR    (3)    2 :  0.156 0.093 0.091 0.172 0.152 0.336 
399 OmyJC18ROGR    (2)    2 :  0.115 0.066 0.190 0.251 0.289 0.089 
400 OmyJC18ROGR    (0)    2 :  0.276 0.195 0.064 0.039 0.098 0.328 
401 OmyJC18ROGR    (6)    2 :  0.064 0.044 0.622 0.053 0.107 0.110 
402 OmyJC18ROGR    (5)    2 :  0.077 0.049 0.269 0.178 0.212 0.216 
403 OmyJC18ROGR    (1)    2 :  0.159 0.121 0.173 0.109 0.268 0.171 
404 OmyJC18ROGR    (2)    2 :  0.142 0.119 0.028 0.082 0.496 0.134 
405 OmyJC18ROGR    (3)    2 :  0.351 0.317 0.069 0.026 0.073 0.165 
406 OmyJC18ROGR    (2)    2 :  0.267 0.209 0.039 0.030 0.211 0.243 
407 OmyJC18ROGR    (2)    2 :  0.175 0.408 0.194 0.083 0.046 0.094 
408 OmyJC18ROGR    (2)    2 :  0.196 0.395 0.189 0.079 0.038 0.103 
409 OmyJC18ROGR    (1)    2 :  0.249 0.157 0.209 0.032 0.136 0.217 
410 OmyJC18ROGR    (1)    2 :  0.254 0.197 0.035 0.019 0.074 0.420 
411 OmyJC18ROGR    (1)    2 :  0.076 0.049 0.059 0.027 0.467 0.321 
412 OmyJC18ROGR    (0)    2 :  0.310 0.297 0.029 0.018 0.111 0.235 
413 OmyJC18ROGR    (1)    2 :  0.289 0.051 0.021 0.028 0.047 0.564 
414 OmyJC18ROGR    (2)    2 :  0.116 0.329 0.046 0.019 0.329 0.160 
415 OmyJC18ROGR    (2)    2 :  0.107 0.048 0.099 0.014 0.336 0.396 
416 OmyJC18ROGR    (3)    2 :  0.203 0.109 0.037 0.049 0.396 0.206 
417 OmyJC18ROGR    (1)    2 :  0.095 0.205 0.245 0.030 0.053 0.372 
418 OmyJC18ROGR    (0)    2 :  0.059 0.032 0.679 0.032 0.062 0.135 
419 OmyJC18ROGR    (1)    2 :  0.201 0.083 0.211 0.018 0.174 0.313 
420 OmyJC18ROGR    (0)    2 :  0.136 0.055 0.035 0.027 0.198 0.550 
421 OmyJC18ROGR    (1)    2 :  0.325 0.342 0.056 0.041 0.084 0.152 
422 OmyJC18ROGR    (6)    2 :  0.187 0.048 0.046 0.029 0.636 0.054 
423 OmyJC18ROGR    (2)    2 :  0.126 0.082 0.081 0.033 0.096 0.583 
424 OmyJC18ROGR    (1)    2 :  0.170 0.102 0.123 0.185 0.040 0.380 
425 OmyJC18ROGR    (1)    2 :  0.282 0.147 0.037 0.219 0.192 0.124 
426 OmyJC18ROGR    (3)    2 :  0.289 0.146 0.137 0.027 0.079 0.323 
427 OmyJC18ROGR    (2)    2 :  0.062 0.145 0.017 0.563 0.149 0.064 
428 OmyJC18ROGR    (6)    2 :  0.112 0.080 0.023 0.011 0.054 0.720 
429 OmyJC18ROGR    (1)    2 :  0.104 0.264 0.022 0.146 0.326 0.138 
430 OmyJC18ROGR    (1)    2 :  0.193 0.091 0.091 0.089 0.474 0.062 
431 OmyJC18ROGR    (0)    2 :  0.125 0.118 0.039 0.039 0.158 0.520 
432 OmyJC18ROGR    (2)    2 :  0.059 0.056 0.044 0.726 0.072 0.043 
433 OmyJC18ROGR    (2)    2 :  0.074 0.079 0.576 0.071 0.134 0.066 
434 OmyJC18ROGR    (2)    2 :  0.071 0.066 0.046 0.065 0.502 0.250 
435 OmyJC18ROGR    (8)    2 :  0.259 0.125 0.113 0.052 0.044 0.407 
436 OmyJC18ROGR    (2)    2 :  0.269 0.114 0.091 0.026 0.129 0.370 
437 OmyJC18ROGR    (4)    2 :  0.381 0.131 0.143 0.022 0.183 0.139 
438 OmyJC18ROGR    (1)    2 :  0.047 0.025 0.731 0.050 0.051 0.097 
439 OmyJC18ROGR    (2)    2 :  0.110 0.075 0.047 0.423 0.283 0.062 
440 OmyJC18ROGR    (0)    2 :  0.039 0.030 0.736 0.093 0.052 0.049 
441 OmyJC18ROGR    (1)    2 :  0.184 0.581 0.033 0.023 0.066 0.113 
442 OmyJC18ROGR    (6)    2 :  0.307 0.215 0.095 0.065 0.272 0.046 
443 OmyJC18ROGR    (1)    2 :  0.227 0.390 0.034 0.017 0.168 0.164 
444 OmyJC18ROGR    (6)    2 :  0.215 0.138 0.288 0.039 0.089 0.231 
445 OmyJC18ROGR    (2)    2 :  0.209 0.221 0.124 0.054 0.192 0.199 
446 OmyJC18ROGR    (3)    2 :  0.131 0.203 0.179 0.240 0.082 0.164 
447 OmyJC18ROGR    (2)    2 :  0.258 0.342 0.067 0.071 0.176 0.086 
448 OmyJC18ROGR    (3)    2 :  0.215 0.098 0.035 0.035 0.543 0.073 
449 OmyJC18ROGR    (1)    2 :  0.432 0.234 0.080 0.031 0.079 0.144 
450 OmyJC18ROGR    (4)    2 :  0.109 0.055 0.140 0.171 0.045 0.480 
451 OmyJC18ROGR    (3)    2 :  0.198 0.271 0.070 0.033 0.308 0.120 
452 OmyJC18ROGR    (1)    2 :  0.162 0.261 0.027 0.060 0.354 0.136 
453 OmyJC18ROGR    (1)    2 :  0.192 0.446 0.020 0.020 0.080 0.242 
454 OmyJC18ROGR    (4)    2 :  0.163 0.255 0.324 0.046 0.083 0.128 
455 OmyJC18ROGR    (4)    2 :  0.073 0.224 0.114 0.392 0.115 0.082 
456 OmyJC18ROGR    (5)    2 :  0.100 0.103 0.055 0.120 0.148 0.476 
457 OmyJC18ROGR    (3)    2 :  0.107 0.058 0.272 0.024 0.402 0.137 
458 OmyJC18ROGR    (1)    2 :  0.214 0.225 0.106 0.035 0.042 0.377 
459 OmyJC18ROGR    (1)    2 :  0.046 0.037 0.018 0.834 0.031 0.035 
460 OmyJC18ROGR    (2)    2 :  0.227 0.277 0.026 0.036 0.088 0.346 
461 OmyJC18ROGR    (1)    2 :  0.037 0.059 0.072 0.675 0.111 0.045 
462 OmyJC18ROGR    (1)    2 :  0.376 0.122 0.185 0.014 0.153 0.150 
463 OmyJC18ROGR    (4)    2 :  0.226 0.388 0.045 0.044 0.177 0.120 
464 OmyJC18ROGR    (6)    2 :  0.388 0.130 0.170 0.017 0.087 0.208 
465 OmyJC18ROGR    (3)    2 :  0.087 0.057 0.428 0.028 0.041 0.359 
466 OmyJC18ROGR    (3)    2 :  0.214 0.225 0.235 0.072 0.085 0.170 
467 OmyJC18ROGR    (2)    2 :  0.110 0.051 0.027 0.043 0.718 0.052 
468 OmyJC18ROGR    (2)    2 :  0.211 0.125 0.073 0.012 0.051 0.527 
469 OmyJC18ROGR    (1)    2 :  0.025 0.013 0.017 0.897 0.018 0.029 
470 OmyJC18ROGR    (0)    2 :  0.052 0.131 0.448 0.186 0.110 0.072 
471 OmyJC18ROGR    (2)    2 :  0.144 0.079 0.045 0.064 0.335 0.333 
472 OmyJC18ROGR    (2)    2 :  0.184 0.066 0.018 0.008 0.050 0.673 
473 OmyJC18ROGR    (1)    2 :  0.263 0.163 0.054 0.056 0.144 0.321 
474 OmyJC18ROGR    (3)    2 :  0.178 0.099 0.039 0.043 0.066 0.574 
475 OmyJC18ROGR    (1)    2 :  0.112 0.148 0.236 0.065 0.306 0.133 
476 OmyJC18ROGR    (2)    2 :  0.287 0.242 0.076 0.033 0.221 0.142 
477 OmyJC18ROGR    (0)    2 :  0.183 0.072 0.184 0.054 0.407 0.101 
478 OmyJC18ROGR    (1)    2 :  0.182 0.277 0.055 0.059 0.135 0.291 
479 OmyJC18ROGR    (1)    2 :  0.233 0.070 0.146 0.041 0.337 0.172 
480 OmyJC18ROGR    (1)    2 :  0.134 0.224 0.043 0.068 0.280 0.250 
481 OmyJC18ROGR    (1)    2 :  0.298 0.297 0.055 0.033 0.120 0.197 
482 OmyJC18ROGR    (1)    2 :  0.243 0.138 0.232 0.027 0.278 0.083 
483 OmyJC18ROGR    (0)    2 :  0.333 0.303 0.133 0.025 0.089 0.117 
484 OmyJC18ROGR    (0)    2 :  0.281 0.394 0.033 0.058 0.184 0.050 
485 OmyJC18ROGR    (0)    2 :  0.090 0.089 0.279 0.020 0.439 0.083 
486 OmyJC18ROGR    (0)    2 :  0.274 0.241 0.108 0.037 0.087 0.252 
487 OmyJC18ROGR    (1)    2 :  0.080 0.064 0.406 0.028 0.366 0.057 
488 OmyJC18ROGR    (1)    2 :  0.223 0.111 0.192 0.054 0.257 0.164 
489 OmyJC18ROGR    (1)    2 :  0.164 0.509 0.033 0.036 0.095 0.163 
490 OmyJC18ROGR    (0)    2 :  0.270 0.323 0.025 0.013 0.081 0.287 
491 OmyJC18ROGR    (0)    2 :  0.154 0.151 0.512 0.045 0.059 0.080 
492 OmyJC18ROGR    (5)    2 :  0.025 0.029 0.072 0.759 0.064 0.052 
493 OmyJC18ROGR    (1)    2 :  0.065 0.071 0.108 0.144 0.570 0.042 
494 OmyJC18ROGR    (3)    2 :  0.105 0.072 0.073 0.031 0.084 0.635 
495 OmyJC18ROGR    (1)    2 :  0.142 0.089 0.109 0.071 0.351 0.238 
496 OmyJC18ROGR    (1)    2 :  0.113 0.098 0.026 0.077 0.136 0.549 
497 OmyJC18ROGR    (1)    2 :  0.093 0.081 0.141 0.015 0.294 0.376 
498 OmyJC18ROGR    (1)    2 :  0.290 0.328 0.173 0.038 0.108 0.064 
499 OmyJC18ROGR    (1)    2 :  0.199 0.223 0.169 0.030 0.091 0.287 
500 OmyJC18ROGR    (1)    2 :  0.243 0.104 0.027 0.076 0.116 0.435 
501 OmyJC18ROGR    (2)    2 :  0.307 0.077 0.333 0.022 0.083 0.177 
502 OmyJC18ROGR    (1)    2 :  0.190 0.193 0.288 0.166 0.121 0.042 
503 OmyJC18ROGR    (2)    2 :  0.319 0.361 0.103 0.060 0.059 0.097 
504 OmyJC18ROGR    (2)    2 :  0.118 0.052 0.512 0.056 0.191 0.071 
505 OmyJC18ROGR    (2)    2 :  0.111 0.100 0.040 0.049 0.032 0.669 
506 OmyJC18ROGR    (3)    2 :  0.142 0.081 0.076 0.051 0.088 0.562 
507 OmyJC18ROGR    (1)    2 :  0.302 0.085 0.033 0.078 0.253 0.250 
508 OmyJC18ROGR    (7)    2 :  0.141 0.109 0.075 0.027 0.313 0.336 
509 OmyJC18ROGR    (1)    2 :  0.124 0.047 0.161 0.113 0.460 0.095 
510 OmyJC18ROGR    (1)    2 :  0.014 0.019 0.015 0.925 0.013 0.013 
511 OmyJC18ROGR    (2)    2 :  0.153 0.093 0.424 0.121 0.040 0.169 
512 OmyJC18ROGR    (1)    2 :  0.169 0.183 0.328 0.020 0.065 0.235 
513 OmyJC18ROGR    (3)    2 :  0.208 0.082 0.030 0.024 0.451 0.206 
514 OmyJC18ROGR    (1)    2 :  0.050 0.044 0.805 0.026 0.024 0.052 
515 OmyJC18ROGR    (5)    2 :  0.364 0.111 0.047 0.026 0.298 0.154 
516 OmyJC18ROGR    (3)    2 :  0.095 0.089 0.356 0.298 0.074 0.088 
517 OmyJC18ROGR    (1)    2 :  0.257 0.342 0.212 0.012 0.084 0.092 
518 OmyJC18ROGR    (1)    2 :  0.081 0.106 0.141 0.446 0.134 0.092 
519 OmyJC18ROGR    (0)    2 :  0.149 0.046 0.177 0.079 0.181 0.368 
520 OmyJC18ROGR    (0)    2 :  0.319 0.381 0.092 0.024 0.083 0.100 
521 OmyJC18ROGR    (2)    2 :  0.320 0.070 0.064 0.059 0.345 0.142 
522 OmyJC18ROGR    (2)    2 :  0.073 0.086 0.066 0.301 0.085 0.389 
523 OmyJC18ROGR    (1)    2 :  0.068 0.130 0.279 0.272 0.148 0.102 
524 OmyJC18ROGR    (3)    2 :  0.163 0.152 0.087 0.096 0.097 0.406 
525 OmyJC18ROGR    (1)    2 :  0.084 0.074 0.086 0.026 0.692 0.038 
526 OmyJC18ROGR    (7)    2 :  0.281 0.333 0.040 0.013 0.074 0.259 
527 OmyJC18ROGR    (4)    2 :  0.224 0.248 0.046 0.061 0.045 0.376 
528 OmyJC18ROGR    (1)    2 :  0.269 0.278 0.176 0.022 0.069 0.186 
529 OmyJC18ROGR    (2)    2 :  0.377 0.156 0.039 0.021 0.049 0.357 
530 OmyJC18ROGR    (1)    2 :  0.130 0.104 0.235 0.045 0.166 0.320 
531 OmyJC18ROGR    (2)    2 :  0.218 0.400 0.066 0.031 0.095 0.190 
532 OmyJC18ROGR    (2)    2 :  0.292 0.083 0.081 0.016 0.155 0.373 
533 OmyJC18ROGR    (5)    2 :  0.022 0.024 0.034 0.847 0.053 0.021 
534 OmyJC18ROGR    (2)    2 :  0.234 0.166 0.069 0.077 0.055 0.400 
535 OmyJC18ROGR    (3)    2 :  0.315 0.177 0.241 0.043 0.121 0.104 
536 OmyJC18ROGR    (0)    2 :  0.254 0.181 0.042 0.093 0.234 0.197 
537 OmyJC18ROGR    (3)    2 :  0.095 0.243 0.050 0.182 0.269 0.160 
538 OmyJC18ROGR    (1)    2 :  0.174 0.086 0.108 0.028 0.346 0.257 
539 OmyJC18ROGR    (1)    2 :  0.144 0.088 0.252 0.046 0.134 0.337 
540 OmyJC18ROGR    (1)    2 :  0.321 0.224 0.063 0.045 0.117 0.229 
541 OmyJC18ROGR    (5)    2 :  0.111 0.224 0.221 0.013 0.151 0.279 
542 OmyJC18ROGR    (4)    2 :  0.198 0.291 0.059 0.063 0.221 0.168 
543 OmyJC18ROGR    (2)    2 :  0.195 0.145 0.292 0.014 0.149 0.205 
544 OmyJC18ROGR    (2)    2 :  0.076 0.029 0.125 0.029 0.603 0.139 
545 OmyJC18ROGR    (2)    2 :  0.226 0.227 0.119 0.187 0.153 0.086 
546 OmyJC18ROGR    (1)    2 :  0.248 0.216 0.164 0.029 0.082 0.260 
547 OmyJC18ROGR    (1)    2 :  0.209 0.183 0.165 0.043 0.158 0.241 
548 OmyJC18ROGR    (1)    2 :  0.067 0.056 0.033 0.680 0.084 0.080 
549 OmyJC18ROGR    (1)    2 :  0.200 0.337 0.101 0.204 0.111 0.047 
550 OmyJC18ROGR    (2)    2 :  0.162 0.288 0.049 0.211 0.099 0.191 
