

----------------------------------------------------
STRUCTURE by Pritchard, Stephens and Donnelly (2000)
     and Falush, Stephens and Pritchard (2003)
       Code by Pritchard, Falush and Hubisz
             Version 2.3.4 (Jul 2012)
----------------------------------------------------



Command line arguments:   bin/structure -m "/Users/ddayan/FRA/premature_migration/Rogue_Half-Pounder/rogue_half_pounder_repo/structure/halfpounder/10k_20k_adm_corr_rep2/mainparams" -e "/Users/ddayan/FRA/premature_migration/Rogue_Half-Pounder/rogue_half_pounder_repo/structure/halfpounder/10k_20k_adm_corr_rep2/extraparams" 
Input File:    /Users/ddayan/FRA/premature_migration/Rogue_Half-Pounder/rogue_half_pounder_repo/structure/halfpounder/project_data

Run parameters:
   882 individuals
   330 loci
   6 populations assumed
   10000 Burn-in period
   20000 Reps


--------------------------------------------
Proportion of membership of each pre-defined
 population in each of the 6 clusters

Given    Inferred Clusters                            Number of
 Pop       1      2      3      4      5      6      Individuals

  1:     0.173  0.167  0.168  0.192  0.145  0.155      157
  2:     0.174  0.171  0.166  0.163  0.152  0.173      643
  3:     0.041  0.255  0.222  0.173  0.062  0.246       40
  4:     0.036  0.060  0.091  0.080  0.666  0.066       42
--------------------------------------------

Allele-freq. divergence among pops (Net nucleotide distance),
computed using point estimates of P.

      1       2       3       4       5       6      
 1      -    0.0088  0.0081  0.0086  0.0115  0.0083  
 2   0.0088     -    0.0010  0.0015  0.0042  0.0012  
 3   0.0081  0.0010     -    0.0011  0.0036  0.0003  
 4   0.0086  0.0015  0.0011     -    0.0037  0.0015  
 5   0.0115  0.0042  0.0036  0.0037     -    0.0037  
 6   0.0083  0.0012  0.0003  0.0015  0.0037     -    

Average distances (expected heterozygosity) between individuals in same cluster:
cluster  1  : 0.2525 
cluster  2  : 0.2844 
cluster  3  : 0.2861 
cluster  4  : 0.2847 
cluster  5  : 0.2790 
cluster  6  : 0.2859 

--------------------------------------------
Estimated Ln Prob of Data   = -248487.7
Mean value of ln likelihood = -245861.6
Variance of ln likelihood   = 5252.3
Mean value of alpha         = 0.1512

Mean value of Fst_1         = 0.0757
Mean value of Fst_2         = 0.0148
Mean value of Fst_3         = 0.0129
Mean value of Fst_4         = 0.0149
Mean value of Fst_5         = 0.0285
Mean value of Fst_6         = 0.0142


Inferred ancestry of individuals:
        Label (%Miss) Pop:  Inferred clusters
  1 OmyAC19ROGR    (0)    1 :  0.013 0.301 0.120 0.182 0.222 0.163 
  2 OmyAC19ROGR    (1)    1 :  0.054 0.186 0.203 0.356 0.120 0.082 
  3 OmyAC19ROGR    (1)    1 :  0.043 0.302 0.140 0.286 0.115 0.114 
  4 OmyAC19ROGR    (1)    1 :  0.017 0.200 0.172 0.143 0.097 0.370 
  5 OmyAC19ROGR    (2)    1 :  0.935 0.014 0.016 0.013 0.010 0.012 
  6 OmyAC19ROGR    (1)    1 :  0.171 0.426 0.098 0.079 0.026 0.200 
  7 OmyAC19ROGR    (1)    1 :  0.188 0.150 0.300 0.091 0.132 0.139 
  8 OmyAC19ROGR    (0)    1 :  0.012 0.066 0.119 0.626 0.068 0.108 
  9 OmyAC19ROGR    (1)    1 :  0.161 0.353 0.076 0.156 0.121 0.131 
 10 OmyAC19ROGR    (1)    1 :  0.476 0.052 0.202 0.089 0.086 0.096 
 11 OmyAC19ROGR    (0)    1 :  0.091 0.237 0.136 0.075 0.110 0.352 
 12 OmyAC19ROGR    (0)    1 :  0.087 0.634 0.067 0.070 0.042 0.099 
 13 OmyAC19ROGR    (1)    1 :  0.024 0.052 0.179 0.388 0.109 0.248 
 14 OmyAC19ROGR    (1)    1 :  0.429 0.158 0.212 0.049 0.019 0.133 
 15 OmyAC19ROGR    (2)    1 :  0.396 0.110 0.172 0.050 0.028 0.244 
 16 OmyAC19ROGR    (1)    1 :  0.095 0.133 0.162 0.145 0.097 0.367 
 17 OmyAC19ROGR    (1)    1 :  0.070 0.153 0.140 0.526 0.014 0.098 
 18 OmyAC19ROGR    (2)    1 :  0.019 0.053 0.214 0.421 0.124 0.169 
 19 OmyAC19ROGR    (1)    1 :  0.036 0.041 0.298 0.171 0.061 0.394 
 20 OmyAC19ROGR    (1)    1 :  0.179 0.205 0.335 0.053 0.016 0.212 
 21 OmyAC19ROGR    (1)    1 :  0.168 0.086 0.254 0.277 0.052 0.164 
 22 OmyAC19ROGR    (1)    1 :  0.060 0.212 0.168 0.128 0.241 0.191 
 23 OmyAC19ROGR    (1)    1 :  0.140 0.166 0.071 0.460 0.077 0.087 
 24 OmyAC19ROGR    (1)    1 :  0.015 0.054 0.035 0.035 0.825 0.036 
 25 OmyAC19ROGR    (1)    1 :  0.162 0.083 0.232 0.238 0.050 0.236 
 26 OmyAC19ROGR    (1)    1 :  0.087 0.095 0.097 0.402 0.255 0.064 
 27 OmyAC19ROGR    (1)    1 :  0.037 0.193 0.219 0.086 0.039 0.426 
 28 OmyAC19ROGR    (1)    1 :  0.016 0.040 0.031 0.022 0.865 0.026 
 29 OmyAC19ROGR    (1)    1 :  0.044 0.207 0.200 0.236 0.081 0.233 
 30 OmyAC19ROGR    (1)    1 :  0.631 0.068 0.079 0.110 0.039 0.072 
 31 OmyAC19ROGR    (1)    1 :  0.031 0.266 0.131 0.340 0.095 0.136 
 32 OmyAC19ROGR    (1)    1 :  0.075 0.085 0.164 0.461 0.145 0.071 
 33 OmyAC19ROGR    (1)    1 :  0.119 0.212 0.122 0.152 0.278 0.116 
 34 OmyAC19ROGR    (1)    1 :  0.523 0.047 0.135 0.096 0.036 0.163 
 35 OmyAC19ROGR    (0)    1 :  0.064 0.087 0.207 0.374 0.133 0.135 
 36 OmyAC19ROGR    (1)    1 :  0.136 0.156 0.103 0.439 0.062 0.105 
 37 OmyAC19ROGR    (1)    1 :  0.091 0.094 0.146 0.053 0.468 0.148 
 38 OmyAC19ROGR    (1)    1 :  0.467 0.036 0.051 0.072 0.318 0.057 
 39 OmyAC19ROGR    (1)    1 :  0.074 0.069 0.216 0.528 0.025 0.088 
 40 OmyAC19ROGR    (0)    1 :  0.240 0.317 0.264 0.060 0.031 0.089 
 41 OmyAC19ROGR    (1)    1 :  0.026 0.305 0.319 0.090 0.076 0.184 
 42 OmyAC19ROGR    (1)    1 :  0.797 0.037 0.046 0.059 0.014 0.046 
 43 OmyAC19ROGR    (1)    1 :  0.033 0.323 0.130 0.314 0.137 0.062 
 44 OmyAC19ROGR    (7)    1 :  0.033 0.445 0.056 0.363 0.051 0.053 
 45 OmyAC19ROGR    (2)    1 :  0.331 0.154 0.071 0.059 0.297 0.089 
 46 OmyAC19ROGR    (1)    1 :  0.040 0.071 0.274 0.141 0.327 0.146 
 47 OmyAC19ROGR    (0)    1 :  0.050 0.068 0.057 0.039 0.714 0.073 
 48 OmyAC19ROGR    (1)    1 :  0.036 0.406 0.159 0.237 0.099 0.063 
 49 OmyAC19ROGR    (0)    1 :  0.028 0.124 0.239 0.227 0.241 0.141 
 50 OmyAC19ROGR    (1)    1 :  0.020 0.143 0.377 0.207 0.020 0.233 
 51 OmyAC19ROGR    (2)    1 :  0.697 0.053 0.043 0.049 0.056 0.100 
 52 OmyAC19ROGR    (1)    1 :  0.835 0.028 0.028 0.037 0.028 0.045 
 53 OmyAC19ROGR    (2)    1 :  0.027 0.144 0.052 0.098 0.616 0.063 
 54 OmyAC19ROGR    (1)    1 :  0.059 0.165 0.156 0.078 0.482 0.060 
 55 OmyAC19ROGR    (3)    1 :  0.068 0.095 0.133 0.536 0.040 0.128 
 56 OmyAC19ROGR    (1)    1 :  0.070 0.055 0.186 0.085 0.367 0.237 
 57 OmyAC19ROGR    (0)    1 :  0.014 0.065 0.096 0.137 0.575 0.112 
 58 OmyAC19ROGR    (1)    1 :  0.673 0.050 0.064 0.074 0.042 0.098 
 59 OmyAC19ROGR    (0)    1 :  0.023 0.181 0.123 0.078 0.495 0.099 
 60 OmyAC19ROGR    (2)    1 :  0.091 0.112 0.189 0.065 0.046 0.497 
 61 OmyAC19ROGR    (1)    1 :  0.048 0.123 0.297 0.087 0.317 0.129 
 62 OmyAC19ROGR    (1)    1 :  0.026 0.351 0.148 0.287 0.067 0.122 
 63 OmyAC19ROGR    (0)    1 :  0.188 0.155 0.110 0.128 0.299 0.120 
 64 OmyAC19ROGR    (3)    1 :  0.053 0.291 0.236 0.093 0.073 0.255 
 65 OmyAC19ROGR    (1)    1 :  0.057 0.126 0.133 0.343 0.080 0.260 
 66 OmyAC19ROGR    (4)    1 :  0.249 0.072 0.273 0.208 0.026 0.171 
 67 OmyAC19ROGR    (0)    1 :  0.031 0.072 0.232 0.079 0.225 0.361 
 68 OmyAC19ROGR    (2)    1 :  0.043 0.179 0.145 0.158 0.370 0.106 
 69 OmyAC19ROGR    (2)    1 :  0.173 0.051 0.089 0.157 0.443 0.088 
 70 OmyAC19ROGR    (1)    1 :  0.022 0.163 0.111 0.450 0.150 0.104 
 71 OmyAC19ROGR    (0)    1 :  0.029 0.149 0.152 0.451 0.068 0.152 
 72 OmyAC19ROGR    (5)    1 :  0.019 0.301 0.195 0.159 0.128 0.198 
 73 OmyAC19ROGR    (1)    1 :  0.185 0.076 0.072 0.476 0.142 0.050 
 74 OmyAC19ROGR    (1)    1 :  0.027 0.602 0.166 0.067 0.023 0.115 
 75 OmyAC19ROGR    (1)    1 :  0.093 0.064 0.201 0.215 0.272 0.154 
 76 OmyAC19ROGR    (1)    1 :  0.032 0.100 0.080 0.104 0.621 0.062 
 77 OmyAC19ROGR    (1)    1 :  0.915 0.020 0.014 0.014 0.011 0.025 
 78 OmyAC19ROGR    (1)    1 :  0.032 0.208 0.082 0.519 0.086 0.073 
 79 OmyAC19ROGR    (2)    1 :  0.041 0.093 0.119 0.573 0.091 0.083 
 80 OmyAC19ROGR    (2)    1 :  0.719 0.050 0.067 0.037 0.072 0.054 
 81 OmyAC19ROGR    (2)    1 :  0.369 0.193 0.155 0.094 0.067 0.122 
 82 OmyAC19ROGR    (1)    1 :  0.013 0.187 0.061 0.156 0.495 0.088 
 83 OmyAC19ROGR    (0)    1 :  0.028 0.085 0.237 0.332 0.176 0.143 
 84 OmyAC19ROGR    (1)    1 :  0.148 0.205 0.253 0.130 0.048 0.216 
 85 OmyAC19ROGR    (6)    1 :  0.023 0.091 0.088 0.590 0.088 0.120 
 86 OmyAC19ROGR    (1)    1 :  0.059 0.194 0.428 0.066 0.019 0.233 
 87 OmyAC19ROGR    (2)    1 :  0.032 0.250 0.223 0.059 0.265 0.170 
 88 OmyJC19ROGR    (0)    2 :  0.797 0.020 0.066 0.062 0.017 0.039 
 89 OmyJC19ROGR    (1)    2 :  0.042 0.066 0.366 0.263 0.045 0.216 
 90 OmyJC19ROGR    (1)    2 :  0.878 0.028 0.027 0.027 0.013 0.028 
 91 OmyJC19ROGR    (2)    2 :  0.012 0.246 0.143 0.113 0.334 0.152 
 92 OmyJC19ROGR    (1)    2 :  0.028 0.065 0.107 0.230 0.499 0.070 
 93 OmyJC19ROGR    (1)    2 :  0.012 0.034 0.044 0.058 0.814 0.038 
 94 OmyJC19ROGR    (1)    2 :  0.131 0.164 0.140 0.348 0.027 0.191 
 95 OmyJC19ROGR    (0)    2 :  0.160 0.220 0.136 0.402 0.024 0.058 
 96 OmyJC19ROGR    (2)    2 :  0.049 0.059 0.226 0.115 0.042 0.507 
 97 OmyJC19ROGR    (1)    2 :  0.129 0.027 0.030 0.043 0.741 0.030 
 98 OmyJC19ROGR    (0)    2 :  0.037 0.185 0.184 0.115 0.101 0.379 
 99 OmyJC19ROGR    (0)    2 :  0.087 0.112 0.095 0.060 0.351 0.296 
100 OmyJC19ROGR    (1)    2 :  0.026 0.078 0.099 0.641 0.060 0.096 
101 OmyJC19ROGR    (1)    2 :  0.476 0.068 0.068 0.208 0.112 0.069 
102 OmyJC19ROGR    (1)    2 :  0.058 0.062 0.303 0.098 0.027 0.452 
103 OmyJC19ROGR    (2)    2 :  0.142 0.121 0.231 0.276 0.083 0.147 
104 OmyJC19ROGR    (1)    2 :  0.025 0.108 0.127 0.213 0.421 0.106 
105 OmyJC19ROGR    (1)    2 :  0.166 0.137 0.053 0.018 0.507 0.119 
106 OmyJC19ROGR    (1)    2 :  0.905 0.022 0.011 0.011 0.036 0.016 
107 OmyJC19ROGR    (2)    2 :  0.070 0.067 0.199 0.034 0.043 0.586 
108 OmyJC19ROGR    (0)    2 :  0.048 0.135 0.187 0.115 0.197 0.319 
109 OmyJC19ROGR    (1)    2 :  0.179 0.091 0.184 0.122 0.026 0.398 
110 OmyJC19ROGR    (1)    2 :  0.138 0.082 0.106 0.116 0.469 0.089 
111 OmyJC19ROGR    (1)    2 :  0.050 0.101 0.166 0.131 0.318 0.234 
112 OmyJC19ROGR    (2)    2 :  0.077 0.160 0.224 0.257 0.040 0.241 
113 OmyJC19ROGR    (1)    2 :  0.474 0.052 0.145 0.139 0.046 0.143 
114 OmyJC19ROGR    (3)    2 :  0.032 0.113 0.198 0.461 0.050 0.146 
115 OmyJC19ROGR    (2)    2 :  0.037 0.488 0.053 0.059 0.332 0.032 
116 OmyJC19ROGR    (0)    2 :  0.060 0.097 0.218 0.476 0.038 0.111 
117 OmyJC19ROGR    (1)    2 :  0.144 0.106 0.108 0.520 0.040 0.083 
118 OmyJC19ROGR    (1)    2 :  0.024 0.064 0.308 0.326 0.110 0.168 
119 OmyJC19ROGR    (3)    2 :  0.040 0.097 0.378 0.094 0.037 0.354 
120 OmyJC19ROGR    (1)    2 :  0.010 0.021 0.059 0.049 0.793 0.067 
121 OmyJC19ROGR    (0)    2 :  0.034 0.273 0.313 0.207 0.028 0.146 
122 OmyJC19ROGR    (1)    2 :  0.049 0.125 0.218 0.274 0.177 0.156 
123 OmyJC19ROGR    (1)    2 :  0.018 0.124 0.151 0.219 0.178 0.311 
124 OmyJC19ROGR    (0)    2 :  0.080 0.574 0.101 0.100 0.031 0.115 
125 OmyJC19ROGR    (1)    2 :  0.068 0.209 0.068 0.124 0.468 0.062 
126 OmyJC19ROGR    (1)    2 :  0.621 0.102 0.060 0.111 0.039 0.068 
127 OmyJC19ROGR    (1)    2 :  0.049 0.035 0.284 0.045 0.033 0.554 
128 OmyJC19ROGR    (1)    2 :  0.031 0.038 0.099 0.074 0.619 0.140 
129 OmyJC19ROGR    (1)    2 :  0.128 0.060 0.085 0.645 0.041 0.040 
130 OmyJC19ROGR    (1)    2 :  0.053 0.495 0.187 0.146 0.021 0.098 
131 OmyJC19ROGR    (1)    2 :  0.046 0.167 0.079 0.518 0.108 0.082 
132 OmyJC19ROGR    (1)    2 :  0.039 0.094 0.200 0.071 0.447 0.149 
133 OmyJC19ROGR    (1)    2 :  0.021 0.129 0.208 0.469 0.047 0.126 
134 OmyJC19ROGR    (1)    2 :  0.037 0.088 0.505 0.039 0.030 0.301 
135 OmyJC19ROGR    (1)    2 :  0.016 0.022 0.027 0.027 0.872 0.036 
136 OmyJC19ROGR    (3)    2 :  0.032 0.073 0.375 0.244 0.078 0.198 
137 OmyJC19ROGR    (1)    2 :  0.204 0.291 0.270 0.063 0.039 0.133 
138 OmyJC19ROGR    (1)    2 :  0.659 0.064 0.063 0.149 0.020 0.045 
139 OmyJC19ROGR    (2)    2 :  0.016 0.225 0.079 0.588 0.040 0.052 
140 OmyJC19ROGR    (3)    2 :  0.071 0.067 0.149 0.566 0.038 0.109 
141 OmyJC19ROGR    (0)    2 :  0.313 0.111 0.120 0.269 0.096 0.092 
142 OmyJC19ROGR    (1)    2 :  0.273 0.079 0.144 0.143 0.156 0.205 
143 OmyJC19ROGR    (0)    2 :  0.056 0.118 0.053 0.106 0.593 0.074 
144 OmyJC19ROGR    (1)    2 :  0.010 0.214 0.050 0.665 0.030 0.031 
145 OmyJC19ROGR    (1)    2 :  0.019 0.463 0.141 0.075 0.029 0.275 
146 OmyJC19ROGR    (2)    2 :  0.050 0.072 0.125 0.215 0.463 0.076 
147 OmyJC19ROGR    (1)    2 :  0.027 0.072 0.275 0.058 0.085 0.483 
148 OmyJC19ROGR    (1)    2 :  0.013 0.190 0.200 0.068 0.110 0.418 
149 OmyJC19ROGR    (2)    2 :  0.051 0.077 0.256 0.180 0.257 0.180 
150 OmyJC19ROGR    (2)    2 :  0.042 0.058 0.258 0.091 0.352 0.199 
151 OmyJC19ROGR    (1)    2 :  0.060 0.072 0.140 0.561 0.080 0.088 
152 OmyJC19ROGR    (0)    2 :  0.048 0.230 0.194 0.047 0.103 0.379 
153 OmyJC19ROGR    (1)    2 :  0.021 0.028 0.035 0.027 0.855 0.034 
154 OmyJC19ROGR    (2)    2 :  0.047 0.269 0.272 0.073 0.036 0.303 
155 OmyJC19ROGR    (1)    2 :  0.050 0.179 0.300 0.219 0.164 0.088 
156 OmyJC19ROGR    (1)    2 :  0.089 0.262 0.297 0.061 0.112 0.179 
157 OmyJC19ROGR    (0)    2 :  0.054 0.362 0.090 0.258 0.149 0.087 
158 OmyJC19ROGR    (2)    2 :  0.016 0.083 0.323 0.162 0.095 0.322 
159 OmyJC19ROGR    (1)    2 :  0.032 0.262 0.242 0.156 0.027 0.281 
160 OmyJC19ROGR    (0)    2 :  0.037 0.186 0.295 0.061 0.173 0.248 
161 OmyJC19ROGR    (1)    2 :  0.029 0.235 0.128 0.151 0.317 0.140 
162 OmyJC19ROGR    (1)    2 :  0.054 0.109 0.279 0.116 0.170 0.271 
163 OmyJC19ROGR    (1)    2 :  0.039 0.105 0.117 0.049 0.570 0.121 
164 OmyJC19ROGR    (1)    2 :  0.022 0.148 0.267 0.131 0.047 0.385 
165 OmyJC19ROGR    (0)    2 :  0.016 0.381 0.123 0.149 0.146 0.184 
166 OmyJC19ROGR    (0)    2 :  0.038 0.573 0.198 0.079 0.039 0.073 
167 OmyJC19ROGR    (2)    2 :  0.074 0.235 0.168 0.101 0.237 0.186 
168 OmyJC19ROGR    (0)    2 :  0.040 0.038 0.117 0.650 0.052 0.103 
169 OmyJC19ROGR    (1)    2 :  0.921 0.020 0.016 0.014 0.010 0.019 
170 OmyJC19ROGR    (1)    2 :  0.043 0.133 0.070 0.070 0.598 0.086 
171 OmyJC19ROGR    (1)    2 :  0.023 0.196 0.144 0.310 0.075 0.252 
172 OmyJC19ROGR    (0)    2 :  0.341 0.049 0.116 0.116 0.237 0.141 
173 OmyJC19ROGR    (1)    2 :  0.890 0.022 0.025 0.015 0.017 0.031 
174 OmyJC19ROGR    (0)    2 :  0.027 0.490 0.089 0.172 0.085 0.138 
175 OmyJC19ROGR    (1)    2 :  0.020 0.109 0.132 0.575 0.049 0.115 
176 OmyJC19ROGR    (1)    2 :  0.034 0.027 0.204 0.109 0.484 0.142 
177 OmyJC19ROGR    (1)    2 :  0.013 0.115 0.051 0.025 0.739 0.056 
178 OmyJC19ROGR    (0)    2 :  0.029 0.179 0.264 0.061 0.019 0.448 
179 OmyJC19ROGR    (1)    2 :  0.023 0.148 0.149 0.182 0.367 0.132 
180 OmyJC19ROGR    (1)    2 :  0.790 0.028 0.055 0.055 0.038 0.035 
181 OmyJC19ROGR    (1)    2 :  0.030 0.262 0.303 0.097 0.047 0.260 
182 OmyJC19ROGR    (1)    2 :  0.099 0.077 0.116 0.606 0.037 0.064 
183 OmyJC19ROGR    (1)    2 :  0.027 0.404 0.153 0.219 0.077 0.120 
184 OmyJC19ROGR    (1)    2 :  0.504 0.037 0.058 0.192 0.078 0.130 
185 OmyJC19ROGR    (2)    2 :  0.008 0.040 0.082 0.802 0.041 0.026 
186 OmyJC19ROGR    (1)    2 :  0.074 0.075 0.056 0.223 0.512 0.060 
187 OmyJC19ROGR    (0)    2 :  0.019 0.702 0.087 0.039 0.036 0.117 
188 OmyJC19ROGR    (1)    2 :  0.049 0.131 0.057 0.640 0.064 0.059 
189 OmyJC19ROGR    (0)    2 :  0.128 0.085 0.161 0.190 0.250 0.185 
190 OmyJC19ROGR    (0)    2 :  0.034 0.062 0.102 0.067 0.568 0.167 
191 OmyJC19ROGR    (2)    2 :  0.025 0.250 0.055 0.078 0.511 0.082 
192 OmyJC19ROGR    (1)    2 :  0.025 0.044 0.377 0.070 0.021 0.463 
193 OmyJC19ROGR    (1)    2 :  0.082 0.094 0.315 0.081 0.086 0.342 
194 OmyJC19ROGR    (0)    2 :  0.014 0.030 0.277 0.042 0.028 0.609 
195 OmyJC19ROGR    (1)    2 :  0.803 0.040 0.040 0.046 0.016 0.054 
196 OmyJC19ROGR    (1)    2 :  0.020 0.673 0.100 0.148 0.019 0.040 
197 OmyJC19ROGR    (1)    2 :  0.044 0.165 0.225 0.092 0.350 0.124 
198 OmyJC19ROGR    (1)    2 :  0.726 0.032 0.051 0.033 0.049 0.108 
199 OmyJC19ROGR    (0)    2 :  0.014 0.174 0.068 0.642 0.045 0.058 
200 OmyJC19ROGR    (0)    2 :  0.047 0.062 0.081 0.089 0.674 0.047 
201 OmyJC19ROGR    (1)    2 :  0.018 0.263 0.235 0.096 0.049 0.339 
202 OmyJC19ROGR    (0)    2 :  0.010 0.028 0.065 0.020 0.797 0.081 
203 OmyJC19ROGR    (0)    2 :  0.027 0.404 0.197 0.084 0.079 0.210 
204 OmyJC19ROGR    (1)    2 :  0.047 0.216 0.231 0.111 0.103 0.292 
205 OmyJC19ROGR    (1)    2 :  0.071 0.528 0.070 0.094 0.070 0.166 
206 OmyJC19ROGR    (1)    2 :  0.822 0.028 0.036 0.037 0.029 0.048 
207 OmyJC19ROGR    (1)    2 :  0.164 0.264 0.130 0.067 0.060 0.315 
208 OmyJC19ROGR    (1)    2 :  0.026 0.175 0.231 0.275 0.052 0.242 
209 OmyJC19ROGR    (0)    2 :  0.457 0.051 0.062 0.291 0.084 0.056 
210 OmyJC19ROGR    (1)    2 :  0.909 0.025 0.018 0.020 0.010 0.017 
211 OmyJC19ROGR    (0)    2 :  0.119 0.118 0.231 0.289 0.044 0.198 
212 OmyJC19ROGR    (1)    2 :  0.185 0.133 0.132 0.046 0.338 0.166 
213 OmyJC19ROGR    (1)    2 :  0.022 0.515 0.094 0.253 0.046 0.069 
214 OmyJC19ROGR    (1)    2 :  0.029 0.356 0.163 0.035 0.028 0.388 
215 OmyJC19ROGR    (1)    2 :  0.016 0.037 0.589 0.063 0.048 0.247 
216 OmyJC19ROGR    (1)    2 :  0.831 0.039 0.023 0.054 0.019 0.035 
217 OmyJC19ROGR    (1)    2 :  0.318 0.102 0.168 0.093 0.061 0.257 
218 OmyJC19ROGR    (1)    2 :  0.023 0.271 0.122 0.100 0.410 0.074 
219 OmyJC19ROGR    (1)    2 :  0.095 0.203 0.335 0.076 0.029 0.261 
220 OmyJC19ROGR    (1)    2 :  0.010 0.093 0.191 0.280 0.100 0.325 
221 OmyJC19ROGR    (0)    2 :  0.216 0.423 0.095 0.102 0.047 0.116 
222 OmyJC19ROGR    (1)    2 :  0.031 0.301 0.288 0.104 0.133 0.145 
223 OmyJC19ROGR    (0)    2 :  0.055 0.386 0.217 0.063 0.060 0.219 
224 OmyJC19ROGR    (1)    2 :  0.022 0.178 0.232 0.169 0.069 0.331 
225 OmyJC19ROGR    (1)    2 :  0.913 0.019 0.019 0.014 0.017 0.019 
226 OmyJC19ROGR    (0)    2 :  0.162 0.095 0.163 0.451 0.040 0.089 
227 OmyJC19ROGR    (1)    2 :  0.865 0.033 0.021 0.018 0.043 0.019 
228 OmyJC19ROGR    (1)    2 :  0.043 0.430 0.212 0.109 0.025 0.181 
229 OmyJC19ROGR    (2)    2 :  0.020 0.344 0.072 0.403 0.081 0.080 
230 OmyJC19ROGR    (1)    2 :  0.138 0.185 0.167 0.101 0.147 0.261 
231 OmyJC19ROGR    (1)    2 :  0.054 0.417 0.190 0.166 0.039 0.133 
232 OmyJC19ROGR    (2)    2 :  0.028 0.203 0.122 0.389 0.135 0.122 
233 OmyJC19ROGR    (1)    2 :  0.076 0.252 0.184 0.147 0.072 0.270 
234 OmyJC19ROGR    (1)    2 :  0.901 0.017 0.020 0.021 0.020 0.020 
235 OmyJC19ROGR    (0)    2 :  0.492 0.065 0.125 0.059 0.064 0.195 
236 OmyJC19ROGR    (1)    2 :  0.016 0.062 0.215 0.035 0.098 0.573 
237 OmyJC19ROGR    (1)    2 :  0.070 0.113 0.262 0.106 0.157 0.292 
238 OmyJC19ROGR    (0)    2 :  0.074 0.117 0.188 0.029 0.035 0.557 
239 OmyJC19ROGR    (1)    2 :  0.040 0.032 0.432 0.208 0.031 0.256 
240 OmyJC19ROGR    (1)    2 :  0.033 0.156 0.168 0.517 0.051 0.076 
241 OmyJC19ROGR    (0)    2 :  0.063 0.102 0.157 0.187 0.393 0.098 
242 OmyJC19ROGR    (1)    2 :  0.015 0.036 0.485 0.051 0.113 0.300 
243 OmyJC19ROGR    (1)    2 :  0.031 0.286 0.125 0.119 0.330 0.109 
244 OmyJC19ROGR    (1)    2 :  0.037 0.390 0.143 0.131 0.222 0.076 
245 OmyJC19ROGR    (0)    2 :  0.912 0.017 0.021 0.015 0.012 0.023 
246 OmyJC19ROGR    (1)    2 :  0.132 0.082 0.069 0.051 0.547 0.118 
247 OmyJC19ROGR    (0)    2 :  0.491 0.107 0.078 0.092 0.097 0.135 
248 OmyJC19ROGR    (1)    2 :  0.488 0.054 0.095 0.282 0.031 0.050 
249 OmyJC19ROGR    (1)    2 :  0.049 0.326 0.189 0.180 0.032 0.223 
250 OmyJC19ROGR    (0)    2 :  0.089 0.110 0.168 0.394 0.071 0.168 
251 OmyJC19ROGR    (1)    2 :  0.040 0.433 0.183 0.111 0.055 0.177 
252 OmyJC19ROGR    (0)    2 :  0.027 0.060 0.040 0.046 0.792 0.035 
253 OmyJC19ROGR    (0)    2 :  0.051 0.059 0.139 0.625 0.026 0.100 
254 OmyJC19ROGR    (1)    2 :  0.044 0.204 0.142 0.198 0.307 0.106 
255 OmyJC19ROGR    (1)    2 :  0.020 0.278 0.083 0.090 0.446 0.083 
256 OmyJC19ROGR    (1)    2 :  0.277 0.201 0.106 0.031 0.276 0.110 
257 OmyJC19ROGR    (0)    2 :  0.070 0.391 0.139 0.169 0.060 0.171 
258 OmyAC19ROGR    (1)    1 :  0.208 0.213 0.198 0.169 0.115 0.097 
259 OmyAC19ROGR    (2)    1 :  0.418 0.048 0.194 0.114 0.066 0.160 
260 OmyAC19ROGR    (1)    1 :  0.021 0.056 0.421 0.260 0.057 0.186 
261 OmyAC19ROGR    (0)    1 :  0.031 0.225 0.136 0.479 0.035 0.094 
262 OmyAC19ROGR    (1)    1 :  0.090 0.140 0.188 0.285 0.137 0.160 
263 OmyAC19ROGR    (0)    1 :  0.033 0.242 0.127 0.043 0.381 0.175 
264 OmyAC19ROGR    (1)    1 :  0.053 0.482 0.166 0.095 0.056 0.148 
265 OmyAC19ROGR    (1)    1 :  0.030 0.201 0.374 0.055 0.071 0.269 
266 OmyAC19ROGR    (1)    1 :  0.016 0.649 0.094 0.111 0.040 0.090 
267 OmyAC19ROGR    (1)    1 :  0.116 0.108 0.203 0.295 0.062 0.217 
268 OmyAC19ROGR    (2)    1 :  0.102 0.097 0.150 0.160 0.323 0.167 
269 OmyAC19ROGR    (1)    1 :  0.114 0.137 0.086 0.551 0.039 0.073 
270 OmyAC19ROGR    (1)    1 :  0.026 0.285 0.070 0.087 0.442 0.090 
271 OmyAC19ROGR    (1)    1 :  0.272 0.079 0.094 0.428 0.049 0.078 
272 OmyAC19ROGR    (0)    1 :  0.159 0.424 0.159 0.086 0.024 0.148 
273 OmyAC19ROGR    (0)    1 :  0.030 0.088 0.243 0.413 0.064 0.163 
274 OmyAC19ROGR    (1)    1 :  0.749 0.052 0.043 0.080 0.036 0.040 
275 OmyAC19ROGR    (1)    1 :  0.097 0.126 0.239 0.122 0.146 0.269 
276 OmyAC19ROGR    (1)    1 :  0.038 0.117 0.430 0.101 0.043 0.271 
277 OmyAC19ROGR    (1)    1 :  0.066 0.230 0.314 0.181 0.036 0.173 
278 OmyAC19ROGR    (1)    1 :  0.233 0.117 0.150 0.079 0.028 0.394 
279 OmyAC19ROGR    (0)    1 :  0.138 0.070 0.308 0.130 0.041 0.312 
280 OmyAC19ROGR    (1)    1 :  0.106 0.108 0.106 0.198 0.404 0.078 
281 OmyAC19ROGR    (1)    1 :  0.042 0.068 0.182 0.508 0.046 0.154 
282 OmyAC19ROGR    (1)    1 :  0.178 0.158 0.270 0.112 0.095 0.186 
283 OmyAC19ROGR    (1)    1 :  0.040 0.207 0.245 0.262 0.051 0.194 
284 OmyAC19ROGR    (0)    1 :  0.021 0.602 0.106 0.090 0.100 0.081 
285 OmyAC19ROGR    (1)    1 :  0.037 0.100 0.350 0.089 0.191 0.233 
286 OmyAC19ROGR    (1)    1 :  0.023 0.158 0.275 0.194 0.117 0.233 
287 OmyAC19ROGR    (1)    1 :  0.946 0.009 0.012 0.014 0.009 0.011 
288 OmyAC19ROGR    (1)    1 :  0.713 0.030 0.037 0.051 0.041 0.128 
289 OmyAC19ROGR    (1)    1 :  0.101 0.099 0.235 0.311 0.042 0.211 
290 OmyAC19ROGR    (1)    1 :  0.910 0.021 0.018 0.016 0.015 0.020 
291 OmyAC19ROGR    (1)    1 :  0.382 0.138 0.101 0.077 0.138 0.164 
292 OmyAC19ROGR    (1)    1 :  0.222 0.127 0.151 0.366 0.055 0.079 
293 OmyAC19ROGR    (1)    1 :  0.034 0.090 0.064 0.115 0.617 0.079 
294 OmyAC19ROGR    (1)    1 :  0.187 0.225 0.310 0.121 0.045 0.111 
295 OmyAC19ROGR    (0)    1 :  0.017 0.144 0.319 0.258 0.088 0.175 
296 OmyAC19ROGR    (0)    1 :  0.027 0.255 0.251 0.102 0.088 0.276 
297 OmyAC19ROGR    (1)    1 :  0.760 0.058 0.058 0.059 0.019 0.046 
298 OmyAC19ROGR    (0)    1 :  0.018 0.190 0.459 0.050 0.034 0.249 
299 OmyAC19ROGR    (1)    1 :  0.215 0.074 0.191 0.036 0.279 0.204 
300 OmyAC19ROGR    (1)    1 :  0.027 0.121 0.230 0.379 0.055 0.187 
301 OmyAC19ROGR    (0)    1 :  0.868 0.025 0.027 0.036 0.017 0.027 
302 OmyAC19ROGR    (1)    1 :  0.419 0.160 0.131 0.047 0.037 0.206 
303 OmyAC19ROGR    (1)    1 :  0.092 0.087 0.175 0.454 0.028 0.163 
304 OmyAC19ROGR    (1)    1 :  0.111 0.041 0.247 0.162 0.051 0.387 
305 OmyAC19ROGR    (1)    1 :  0.023 0.106 0.219 0.175 0.068 0.410 
306 OmyAC19ROGR    (1)    1 :  0.557 0.189 0.056 0.146 0.013 0.038 
307 OmyAC19ROGR    (2)    1 :  0.016 0.100 0.237 0.258 0.168 0.222 
308 OmyAC19ROGR    (0)    1 :  0.086 0.162 0.358 0.162 0.033 0.199 
309 OmyAC19ROGR    (2)    1 :  0.893 0.022 0.019 0.022 0.025 0.020 
310 OmyAC19ROGR    (0)    1 :  0.389 0.120 0.155 0.185 0.049 0.102 
311 OmyAC19ROGR    (0)    1 :  0.424 0.074 0.199 0.086 0.030 0.187 
312 OmyAC19ROGR    (0)    1 :  0.026 0.080 0.125 0.118 0.466 0.184 
313 OmyAC19ROGR    (1)    1 :  0.016 0.164 0.226 0.044 0.083 0.468 
314 OmyAC19ROGR    (0)    1 :  0.037 0.075 0.108 0.114 0.561 0.106 
315 OmyAC19ROGR    (1)    1 :  0.041 0.311 0.116 0.341 0.069 0.122 
316 OmyAC19ROGR    (1)    1 :  0.024 0.189 0.370 0.085 0.042 0.290 
317 OmyAC19ROGR    (1)    1 :  0.022 0.041 0.097 0.583 0.164 0.093 
318 OmyAC19ROGR    (1)    1 :  0.026 0.151 0.132 0.202 0.388 0.101 
319 OmyAC19ROGR    (1)    1 :  0.014 0.134 0.267 0.257 0.099 0.229 
320 OmyAC19ROGR    (0)    1 :  0.010 0.429 0.191 0.027 0.044 0.299 
321 OmyAC19ROGR    (1)    1 :  0.022 0.193 0.182 0.299 0.046 0.259 
322 OmyAC19ROGR    (0)    1 :  0.276 0.123 0.152 0.337 0.035 0.077 
323 OmyAC19ROGR    (1)    1 :  0.024 0.556 0.153 0.094 0.020 0.153 
324 OmyAC19ROGR    (1)    1 :  0.019 0.656 0.165 0.033 0.080 0.046 
325 OmyAC19ROGR    (1)    1 :  0.329 0.151 0.070 0.347 0.032 0.070 
326 OmyAC19ROGR    (1)    1 :  0.045 0.379 0.175 0.187 0.040 0.174 
327 OmyAC19ROGR    (1)    1 :  0.026 0.411 0.265 0.034 0.072 0.192 
328 OmyJC18ROGR    (1)    2 :  0.031 0.133 0.083 0.045 0.600 0.108 
329 OmyJC18ROGR    (0)    2 :  0.049 0.357 0.170 0.181 0.049 0.195 
330 OmyJC18ROGR    (0)    2 :  0.055 0.603 0.169 0.103 0.021 0.048 
331 OmyJC18ROGR    (1)    2 :  0.606 0.087 0.056 0.052 0.052 0.146 
332 OmyJC18ROGR    (1)    2 :  0.669 0.039 0.103 0.068 0.040 0.081 
333 OmyJC18ROGR    (1)    2 :  0.794 0.025 0.039 0.085 0.021 0.035 
334 OmyJC18ROGR    (1)    2 :  0.150 0.495 0.095 0.104 0.112 0.045 
335 OmyJC18ROGR    (0)    2 :  0.021 0.122 0.223 0.065 0.292 0.276 
336 OmyJC18ROGR    (1)    2 :  0.855 0.031 0.029 0.036 0.021 0.028 
337 OmyJC18ROGR    (1)    2 :  0.030 0.242 0.223 0.275 0.033 0.198 
338 OmyJC18ROGR    (1)    2 :  0.839 0.033 0.043 0.030 0.016 0.039 
339 OmyJC18ROGR    (1)    2 :  0.034 0.230 0.092 0.573 0.022 0.049 
340 OmyJC18ROGR    (0)    2 :  0.102 0.111 0.167 0.059 0.409 0.151 
341 OmyJC18ROGR    (1)    2 :  0.009 0.119 0.339 0.066 0.131 0.336 
342 OmyJC18ROGR    (2)    2 :  0.309 0.108 0.292 0.089 0.067 0.135 
343 OmyJC18ROGR    (2)    2 :  0.260 0.103 0.152 0.173 0.130 0.182 
344 OmyJC18ROGR    (3)    2 :  0.354 0.053 0.142 0.244 0.060 0.146 
345 OmyJC18ROGR    (2)    2 :  0.611 0.084 0.068 0.060 0.072 0.104 
346 OmyJC18ROGR    (4)    2 :  0.020 0.726 0.106 0.075 0.017 0.055 
347 OmyJC18ROGR    (3)    2 :  0.045 0.158 0.293 0.247 0.031 0.227 
348 OmyJC18ROGR    (1)    2 :  0.152 0.127 0.197 0.337 0.059 0.128 
349 OmyJC18ROGR    (1)    2 :  0.024 0.096 0.317 0.085 0.034 0.445 
350 OmyJC18ROGR    (1)    2 :  0.027 0.054 0.187 0.045 0.018 0.670 
351 OmyJC18ROGR    (0)    2 :  0.694 0.032 0.098 0.075 0.022 0.080 
352 OmyJC18ROGR    (4)    2 :  0.257 0.105 0.149 0.059 0.045 0.385 
353 OmyJC18ROGR    (2)    2 :  0.118 0.271 0.280 0.068 0.094 0.170 
354 OmyJC18ROGR    (1)    2 :  0.059 0.289 0.149 0.397 0.033 0.073 
355 OmyJC18ROGR    (2)    2 :  0.028 0.409 0.087 0.370 0.038 0.067 
356 OmyJC18ROGR    (1)    2 :  0.029 0.174 0.170 0.054 0.369 0.203 
357 OmyJC18ROGR    (2)    2 :  0.681 0.030 0.055 0.037 0.170 0.027 
358 OmyJC18ROGR    (2)    2 :  0.011 0.127 0.279 0.179 0.259 0.145 
359 OmyJC18ROGR    (3)    2 :  0.055 0.066 0.439 0.150 0.063 0.227 
360 OmyJC18ROGR    (0)    2 :  0.038 0.141 0.126 0.278 0.336 0.081 
361 OmyJC18ROGR    (1)    2 :  0.013 0.642 0.107 0.079 0.038 0.122 
362 OmyJC18ROGR    (1)    2 :  0.138 0.359 0.181 0.137 0.060 0.124 
363 OmyJC18ROGR    (2)    2 :  0.175 0.162 0.140 0.316 0.137 0.071 
364 OmyJC18ROGR    (3)    2 :  0.018 0.096 0.393 0.143 0.042 0.308 
365 OmyJC18ROGR    (4)    2 :  0.029 0.214 0.297 0.212 0.023 0.224 
366 OmyJC18ROGR    (4)    2 :  0.032 0.097 0.230 0.092 0.239 0.310 
367 OmyJC18ROGR    (3)    2 :  0.748 0.091 0.039 0.052 0.028 0.043 
368 OmyJC18ROGR    (3)    2 :  0.305 0.076 0.228 0.138 0.049 0.204 
369 OmyJC18ROGR    (2)    2 :  0.062 0.105 0.169 0.351 0.239 0.074 
370 OmyJC18ROGR    (3)    2 :  0.045 0.276 0.178 0.242 0.053 0.206 
371 OmyJC18ROGR    (1)    2 :  0.029 0.180 0.340 0.220 0.076 0.154 
372 OmyJC18ROGR    (3)    2 :  0.060 0.133 0.328 0.195 0.056 0.228 
373 OmyJC18ROGR    (5)    2 :  0.071 0.150 0.130 0.126 0.441 0.081 
374 OmyJC18ROGR    (5)    2 :  0.017 0.033 0.049 0.073 0.772 0.055 
375 OmyJC18ROGR    (3)    2 :  0.074 0.199 0.112 0.442 0.042 0.130 
376 OmyJC18ROGR    (3)    2 :  0.863 0.028 0.032 0.022 0.016 0.039 
377 OmyJC18ROGR    (4)    2 :  0.202 0.124 0.085 0.133 0.360 0.096 
378 OmyJC18ROGR    (0)    2 :  0.061 0.113 0.264 0.169 0.174 0.218 
379 OmyJC18ROGR    (5)    2 :  0.074 0.214 0.315 0.073 0.099 0.225 
380 OmyJC18ROGR    (4)    2 :  0.091 0.186 0.193 0.366 0.099 0.064 
381 OmyJC18ROGR    (1)    2 :  0.036 0.057 0.355 0.280 0.069 0.203 
382 OmyJC18ROGR    (1)    2 :  0.025 0.149 0.245 0.108 0.081 0.392 
383 OmyJC18ROGR    (3)    2 :  0.409 0.184 0.114 0.203 0.035 0.054 
384 OmyJC18ROGR    (2)    2 :  0.112 0.090 0.240 0.022 0.022 0.514 
385 OmyJC18ROGR    (4)    2 :  0.034 0.556 0.137 0.117 0.020 0.137 
386 OmyJC18ROGR    (2)    2 :  0.284 0.102 0.221 0.081 0.035 0.278 
387 OmyJC18ROGR    (1)    2 :  0.229 0.081 0.200 0.098 0.195 0.198 
388 OmyJC18ROGR    (6)    2 :  0.038 0.072 0.084 0.510 0.198 0.099 
389 OmyJC18ROGR    (1)    2 :  0.105 0.290 0.113 0.259 0.037 0.197 
390 OmyJC18ROGR    (1)    2 :  0.049 0.130 0.304 0.147 0.060 0.310 
391 OmyJC18ROGR    (3)    2 :  0.843 0.029 0.030 0.027 0.037 0.033 
392 OmyJC18ROGR    (2)    2 :  0.023 0.179 0.206 0.173 0.259 0.161 
393 OmyJC18ROGR    (4)    2 :  0.053 0.059 0.060 0.045 0.735 0.049 
394 OmyJC18ROGR    (3)    2 :  0.703 0.043 0.061 0.060 0.018 0.114 
395 OmyJC18ROGR    (7)    2 :  0.185 0.062 0.103 0.200 0.349 0.100 
396 OmyJC18ROGR    (4)    2 :  0.551 0.075 0.063 0.055 0.146 0.110 
397 OmyJC18ROGR    (1)    2 :  0.043 0.237 0.174 0.217 0.082 0.247 
398 OmyJC18ROGR    (3)    2 :  0.157 0.375 0.152 0.125 0.080 0.111 
399 OmyJC18ROGR    (2)    2 :  0.240 0.096 0.066 0.314 0.200 0.084 
400 OmyJC18ROGR    (0)    2 :  0.032 0.383 0.184 0.110 0.062 0.229 
401 OmyJC18ROGR    (6)    2 :  0.053 0.102 0.079 0.080 0.642 0.045 
402 OmyJC18ROGR    (5)    2 :  0.172 0.145 0.108 0.186 0.324 0.065 
403 OmyJC18ROGR    (1)    2 :  0.113 0.195 0.170 0.283 0.157 0.082 
404 OmyJC18ROGR    (2)    2 :  0.090 0.088 0.123 0.504 0.031 0.164 
405 OmyJC18ROGR    (3)    2 :  0.023 0.169 0.342 0.074 0.075 0.317 
406 OmyJC18ROGR    (2)    2 :  0.028 0.281 0.269 0.277 0.029 0.116 
407 OmyJC18ROGR    (2)    2 :  0.083 0.067 0.289 0.047 0.209 0.306 
408 OmyJC18ROGR    (2)    2 :  0.080 0.127 0.145 0.034 0.205 0.409 
409 OmyJC18ROGR    (1)    2 :  0.027 0.325 0.182 0.109 0.189 0.168 
410 OmyJC18ROGR    (1)    2 :  0.018 0.384 0.166 0.073 0.041 0.319 
411 OmyJC18ROGR    (1)    2 :  0.026 0.389 0.079 0.395 0.041 0.070 
412 OmyJC18ROGR    (0)    2 :  0.015 0.138 0.323 0.107 0.027 0.391 
413 OmyJC18ROGR    (1)    2 :  0.024 0.496 0.148 0.069 0.023 0.241 
414 OmyJC18ROGR    (2)    2 :  0.019 0.153 0.260 0.404 0.044 0.121 
415 OmyJC18ROGR    (2)    2 :  0.015 0.404 0.107 0.316 0.105 0.053 
416 OmyJC18ROGR    (3)    2 :  0.047 0.256 0.177 0.347 0.039 0.134 
417 OmyJC18ROGR    (1)    2 :  0.032 0.374 0.255 0.038 0.213 0.088 
418 OmyJC18ROGR    (0)    2 :  0.034 0.127 0.043 0.055 0.694 0.046 
419 OmyJC18ROGR    (1)    2 :  0.022 0.254 0.151 0.173 0.217 0.183 
420 OmyJC18ROGR    (0)    2 :  0.026 0.610 0.067 0.200 0.026 0.071 
421 OmyJC18ROGR    (1)    2 :  0.044 0.101 0.378 0.089 0.045 0.343 
422 OmyJC18ROGR    (6)    2 :  0.028 0.046 0.043 0.786 0.044 0.052 
423 OmyJC18ROGR    (2)    2 :  0.034 0.550 0.081 0.174 0.085 0.075 
424 OmyJC18ROGR    (1)    2 :  0.179 0.402 0.147 0.053 0.132 0.088 
425 OmyJC18ROGR    (1)    2 :  0.219 0.198 0.117 0.149 0.035 0.281 
426 OmyJC18ROGR    (3)    2 :  0.020 0.294 0.337 0.069 0.081 0.198 
427 OmyJC18ROGR    (2)    2 :  0.555 0.044 0.114 0.121 0.016 0.150 
428 OmyJC18ROGR    (6)    2 :  0.011 0.829 0.047 0.047 0.018 0.048 
429 OmyJC18ROGR    (1)    2 :  0.142 0.181 0.255 0.299 0.018 0.105 
430 OmyJC18ROGR    (1)    2 :  0.084 0.060 0.088 0.611 0.084 0.074 
431 OmyJC18ROGR    (0)    2 :  0.035 0.587 0.120 0.139 0.040 0.080 
432 OmyJC18ROGR    (2)    2 :  0.756 0.044 0.049 0.071 0.034 0.046 
433 OmyJC18ROGR    (2)    2 :  0.055 0.061 0.142 0.130 0.559 0.053 
434 OmyJC18ROGR    (2)    2 :  0.084 0.279 0.081 0.473 0.030 0.054 
435 OmyJC18ROGR    (8)    2 :  0.054 0.490 0.150 0.041 0.086 0.179 
436 OmyJC18ROGR    (2)    2 :  0.025 0.564 0.107 0.095 0.079 0.130 
437 OmyJC18ROGR    (4)    2 :  0.026 0.179 0.311 0.157 0.205 0.122 
438 OmyJC18ROGR    (1)    2 :  0.040 0.062 0.034 0.047 0.780 0.037 
439 OmyJC18ROGR    (2)    2 :  0.467 0.076 0.119 0.229 0.054 0.055 
440 OmyJC18ROGR    (0)    2 :  0.093 0.042 0.034 0.067 0.731 0.032 
441 OmyJC18ROGR    (1)    2 :  0.019 0.052 0.495 0.053 0.032 0.349 
442 OmyJC18ROGR    (6)    2 :  0.081 0.049 0.172 0.279 0.095 0.324 
443 OmyJC18ROGR    (1)    2 :  0.016 0.117 0.395 0.115 0.034 0.322 
444 OmyJC18ROGR    (6)    2 :  0.048 0.298 0.123 0.098 0.255 0.178 
445 OmyJC18ROGR    (2)    2 :  0.056 0.295 0.142 0.136 0.187 0.184 
446 OmyJC18ROGR    (3)    2 :  0.238 0.191 0.162 0.074 0.199 0.137 
447 OmyJC18ROGR    (2)    2 :  0.075 0.089 0.358 0.183 0.061 0.234 
448 OmyJC18ROGR    (3)    2 :  0.034 0.075 0.085 0.597 0.038 0.171 
449 OmyJC18ROGR    (1)    2 :  0.019 0.136 0.308 0.056 0.055 0.426 
450 OmyJC18ROGR    (4)    2 :  0.177 0.481 0.062 0.036 0.161 0.083 
451 OmyJC18ROGR    (3)    2 :  0.034 0.186 0.146 0.410 0.081 0.143 
452 OmyJC18ROGR    (1)    2 :  0.062 0.255 0.268 0.295 0.026 0.093 
453 OmyJC18ROGR    (1)    2 :  0.015 0.294 0.272 0.086 0.022 0.311 
454 OmyJC18ROGR    (4)    2 :  0.044 0.101 0.267 0.066 0.313 0.209 
455 OmyJC18ROGR    (4)    2 :  0.390 0.125 0.205 0.082 0.114 0.084 
456 OmyJC18ROGR    (5)    2 :  0.098 0.537 0.098 0.104 0.065 0.097 
457 OmyJC18ROGR    (3)    2 :  0.019 0.096 0.103 0.481 0.244 0.057 
458 OmyJC18ROGR    (1)    2 :  0.033 0.439 0.129 0.065 0.114 0.220 
459 OmyJC18ROGR    (1)    2 :  0.854 0.038 0.031 0.032 0.019 0.025 
460 OmyJC18ROGR    (2)    2 :  0.027 0.365 0.219 0.084 0.025 0.280 
461 OmyJC18ROGR    (1)    2 :  0.695 0.044 0.050 0.102 0.071 0.038 
462 OmyJC18ROGR    (1)    2 :  0.013 0.104 0.241 0.116 0.160 0.366 
463 OmyJC18ROGR    (4)    2 :  0.039 0.102 0.315 0.205 0.047 0.291 
464 OmyJC18ROGR    (6)    2 :  0.018 0.178 0.407 0.087 0.185 0.124 
465 OmyJC18ROGR    (3)    2 :  0.032 0.261 0.082 0.041 0.484 0.099 
466 OmyJC18ROGR    (3)    2 :  0.065 0.131 0.233 0.063 0.256 0.252 
467 OmyJC18ROGR    (2)    2 :  0.033 0.051 0.171 0.656 0.021 0.068 
468 OmyJC18ROGR    (2)    2 :  0.017 0.602 0.111 0.048 0.077 0.145 
469 OmyJC18ROGR    (1)    2 :  0.900 0.028 0.018 0.017 0.021 0.016 
470 OmyJC18ROGR    (0)    2 :  0.223 0.051 0.143 0.092 0.441 0.050 
471 OmyJC18ROGR    (2)    2 :  0.056 0.432 0.056 0.307 0.057 0.091 
472 OmyJC18ROGR    (2)    2 :  0.009 0.790 0.070 0.047 0.017 0.067 
473 OmyJC18ROGR    (1)    2 :  0.061 0.261 0.246 0.223 0.058 0.152 
474 OmyJC18ROGR    (3)    2 :  0.037 0.494 0.144 0.080 0.042 0.203 
475 OmyJC18ROGR    (1)    2 :  0.071 0.126 0.175 0.249 0.243 0.136 
476 OmyJC18ROGR    (2)    2 :  0.027 0.146 0.312 0.283 0.065 0.167 
477 OmyJC18ROGR    (0)    2 :  0.050 0.097 0.086 0.506 0.148 0.113 
478 OmyJC18ROGR    (1)    2 :  0.057 0.288 0.247 0.133 0.050 0.224 
479 OmyJC18ROGR    (1)    2 :  0.035 0.205 0.089 0.443 0.150 0.078 
480 OmyJC18ROGR    (1)    2 :  0.061 0.261 0.234 0.209 0.034 0.201 
481 OmyJC18ROGR    (1)    2 :  0.033 0.237 0.189 0.175 0.044 0.322 
482 OmyJC18ROGR    (1)    2 :  0.030 0.084 0.135 0.250 0.232 0.268 
483 OmyJC18ROGR    (0)    2 :  0.022 0.082 0.161 0.102 0.099 0.534 
484 OmyJC18ROGR    (0)    2 :  0.056 0.040 0.248 0.175 0.031 0.450 
485 OmyJC18ROGR    (0)    2 :  0.022 0.075 0.086 0.497 0.253 0.066 
486 OmyJC18ROGR    (0)    2 :  0.044 0.302 0.264 0.070 0.099 0.221 
487 OmyJC18ROGR    (1)    2 :  0.019 0.036 0.059 0.369 0.465 0.051 
488 OmyJC18ROGR    (1)    2 :  0.055 0.190 0.125 0.233 0.245 0.152 
489 OmyJC18ROGR    (1)    2 :  0.029 0.130 0.484 0.100 0.035 0.222 
490 OmyJC18ROGR    (0)    2 :  0.011 0.383 0.207 0.123 0.023 0.252 
491 OmyJC18ROGR    (0)    2 :  0.036 0.073 0.115 0.051 0.547 0.178 
492 OmyJC18ROGR    (5)    2 :  0.752 0.047 0.036 0.051 0.084 0.030 
493 OmyJC18ROGR    (1)    2 :  0.129 0.048 0.102 0.557 0.115 0.049 
494 OmyJC18ROGR    (3)    2 :  0.029 0.484 0.168 0.164 0.069 0.087 
495 OmyJC18ROGR    (1)    2 :  0.064 0.227 0.127 0.304 0.132 0.146 
496 OmyJC18ROGR    (1)    2 :  0.091 0.528 0.085 0.165 0.022 0.110 
497 OmyJC18ROGR    (1)    2 :  0.014 0.398 0.093 0.234 0.176 0.085 
498 OmyJC18ROGR    (1)    2 :  0.043 0.087 0.133 0.125 0.185 0.428 
499 OmyJC18ROGR    (1)    2 :  0.026 0.207 0.233 0.080 0.159 0.295 
500 OmyJC18ROGR    (1)    2 :  0.068 0.413 0.199 0.129 0.022 0.169 
501 OmyJC18ROGR    (2)    2 :  0.020 0.250 0.148 0.082 0.282 0.217 
502 OmyJC18ROGR    (1)    2 :  0.185 0.053 0.111 0.106 0.280 0.265 
503 OmyJC18ROGR    (2)    2 :  0.057 0.121 0.173 0.057 0.109 0.484 
504 OmyJC18ROGR    (2)    2 :  0.053 0.087 0.088 0.231 0.477 0.064 
505 OmyJC18ROGR    (2)    2 :  0.054 0.591 0.195 0.032 0.053 0.074 
506 OmyJC18ROGR    (3)    2 :  0.044 0.596 0.063 0.054 0.095 0.148 
507 OmyJC18ROGR    (1)    2 :  0.067 0.269 0.116 0.325 0.033 0.191 
508 OmyJC18ROGR    (7)    2 :  0.026 0.468 0.072 0.286 0.067 0.081 
509 OmyJC18ROGR    (1)    2 :  0.121 0.118 0.105 0.442 0.131 0.083 
510 OmyJC18ROGR    (1)    2 :  0.924 0.016 0.014 0.011 0.014 0.021 
511 OmyJC18ROGR    (2)    2 :  0.122 0.115 0.082 0.040 0.517 0.123 
512 OmyJC18ROGR    (1)    2 :  0.017 0.202 0.138 0.065 0.411 0.167 
513 OmyJC18ROGR    (3)    2 :  0.019 0.154 0.210 0.503 0.031 0.084 
514 OmyJC18ROGR    (1)    2 :  0.018 0.041 0.038 0.022 0.830 0.051 
515 OmyJC18ROGR    (5)    2 :  0.026 0.215 0.180 0.269 0.062 0.248 
516 OmyJC18ROGR    (3)    2 :  0.288 0.064 0.055 0.070 0.446 0.077 
517 OmyJC18ROGR    (1)    2 :  0.016 0.054 0.197 0.048 0.233 0.452 
518 OmyJC18ROGR    (1)    2 :  0.450 0.071 0.126 0.123 0.158 0.072 
519 OmyJC18ROGR    (0)    2 :  0.076 0.446 0.068 0.181 0.161 0.068 
520 OmyJC18ROGR    (0)    2 :  0.025 0.065 0.406 0.109 0.135 0.261 
521 OmyJC18ROGR    (2)    2 :  0.052 0.287 0.207 0.282 0.064 0.107 
522 OmyJC18ROGR    (2)    2 :  0.292 0.289 0.158 0.093 0.064 0.103 
523 OmyJC18ROGR    (1)    2 :  0.211 0.083 0.231 0.169 0.229 0.077 
524 OmyJC18ROGR    (3)    2 :  0.101 0.522 0.140 0.066 0.069 0.102 
525 OmyJC18ROGR    (1)    2 :  0.022 0.024 0.052 0.780 0.061 0.061 
526 OmyJC18ROGR    (7)    2 :  0.012 0.250 0.371 0.100 0.050 0.216 
527 OmyJC18ROGR    (4)    2 :  0.065 0.383 0.286 0.053 0.050 0.163 
528 OmyJC18ROGR    (1)    2 :  0.017 0.148 0.324 0.086 0.146 0.280 
529 OmyJC18ROGR    (2)    2 :  0.026 0.362 0.169 0.048 0.035 0.360 
530 OmyJC18ROGR    (1)    2 :  0.042 0.221 0.114 0.180 0.309 0.134 
531 OmyJC18ROGR    (2)    2 :  0.025 0.099 0.431 0.086 0.063 0.295 
532 OmyJC18ROGR    (2)    2 :  0.016 0.383 0.195 0.181 0.099 0.126 
533 OmyJC18ROGR    (5)    2 :  0.851 0.017 0.031 0.040 0.027 0.035 
534 OmyJC18ROGR    (2)    2 :  0.071 0.287 0.160 0.076 0.107 0.298 
535 OmyJC18ROGR    (3)    2 :  0.041 0.087 0.329 0.078 0.240 0.224 
536 OmyJC18ROGR    (0)    2 :  0.096 0.290 0.205 0.260 0.041 0.107 
537 OmyJC18ROGR    (3)    2 :  0.191 0.151 0.228 0.223 0.058 0.150 
538 OmyJC18ROGR    (1)    2 :  0.032 0.211 0.187 0.360 0.088 0.122 
539 OmyJC18ROGR    (1)    2 :  0.039 0.254 0.125 0.191 0.275 0.117 
540 OmyJC18ROGR    (1)    2 :  0.040 0.201 0.281 0.108 0.073 0.295 
541 OmyJC18ROGR    (5)    2 :  0.009 0.188 0.327 0.073 0.202 0.201 
542 OmyJC18ROGR    (4)    2 :  0.074 0.131 0.297 0.218 0.058 0.223 
543 OmyJC18ROGR    (2)    2 :  0.013 0.234 0.165 0.161 0.268 0.159 
544 OmyJC18ROGR    (2)    2 :  0.033 0.127 0.053 0.590 0.161 0.036 
545 OmyJC18ROGR    (2)    2 :  0.216 0.092 0.220 0.109 0.110 0.253 
546 OmyJC18ROGR    (1)    2 :  0.035 0.211 0.233 0.068 0.242 0.212 
547 OmyJC18ROGR    (1)    2 :  0.043 0.255 0.205 0.133 0.142 0.222 
548 OmyJC18ROGR    (1)    2 :  0.702 0.100 0.047 0.066 0.026 0.059 
549 OmyJC18ROGR    (1)    2 :  0.185 0.053 0.244 0.109 0.099 0.310 
550 OmyJC18ROGR    (2)    2 :  0.206 0.154 0.314 0.113 0.049 0.164 
