

----------------------------------------------------
STRUCTURE by Pritchard, Stephens and Donnelly (2000)
     and Falush, Stephens and Pritchard (2003)
       Code by Pritchard, Falush and Hubisz
             Version 2.3.4 (Jul 2012)
----------------------------------------------------



Command line arguments:   bin/structure -m "/Users/ddayan/FRA/premature_migration/Rogue_Half-Pounder/rogue_half_pounder_repo/structure/halfpounder/10k_20k_adm_corr_rep2/mainparams" -e "/Users/ddayan/FRA/premature_migration/Rogue_Half-Pounder/rogue_half_pounder_repo/structure/halfpounder/10k_20k_adm_corr_rep2/extraparams" 
Input File:    /Users/ddayan/FRA/premature_migration/Rogue_Half-Pounder/rogue_half_pounder_repo/structure/halfpounder/project_data

Run parameters:
   882 individuals
   330 loci
   5 populations assumed
   10000 Burn-in period
   20000 Reps


--------------------------------------------
Proportion of membership of each pre-defined
 population in each of the 5 clusters

Given    Inferred Clusters                     Number of
 Pop       1      2      3      4      5      Individuals

  1:     0.193  0.202  0.232  0.195  0.178      157
  2:     0.196  0.210  0.200  0.209  0.185      643
  3:     0.055  0.326  0.214  0.322  0.083       40
  4:     0.047  0.071  0.101  0.082  0.700       42
--------------------------------------------

Allele-freq. divergence among pops (Net nucleotide distance),
computed using point estimates of P.

      1       2       3       4       5      
 1      -    0.0083  0.0082  0.0083  0.0109  
 2   0.0083     -    0.0008  0.0011  0.0037  
 3   0.0082  0.0008     -    0.0011  0.0031  
 4   0.0083  0.0011  0.0011     -    0.0040  
 5   0.0109  0.0037  0.0031  0.0040     -    

Average distances (expected heterozygosity) between individuals in same cluster:
cluster  1  : 0.2539 
cluster  2  : 0.2858 
cluster  3  : 0.2855 
cluster  4  : 0.2861 
cluster  5  : 0.2798 

--------------------------------------------
Estimated Ln Prob of Data   = -248442.2
Mean value of ln likelihood = -246137.1
Variance of ln likelihood   = 4610.2
Mean value of alpha         = 0.1973

Mean value of Fst_1         = 0.0723
Mean value of Fst_2         = 0.0111
Mean value of Fst_3         = 0.0114
Mean value of Fst_4         = 0.0137
Mean value of Fst_5         = 0.0270


Inferred ancestry of individuals:
        Label (%Miss) Pop:  Inferred clusters
  1 OmyAC19ROGR    (0)    1 :  0.014 0.404 0.230 0.094 0.257 
  2 OmyAC19ROGR    (1)    1 :  0.074 0.275 0.332 0.107 0.212 
  3 OmyAC19ROGR    (1)    1 :  0.061 0.582 0.155 0.054 0.148 
  4 OmyAC19ROGR    (1)    1 :  0.028 0.281 0.217 0.344 0.130 
  5 OmyAC19ROGR    (2)    1 :  0.942 0.018 0.015 0.015 0.011 
  6 OmyAC19ROGR    (1)    1 :  0.216 0.507 0.127 0.103 0.047 
  7 OmyAC19ROGR    (1)    1 :  0.208 0.199 0.150 0.290 0.153 
  8 OmyAC19ROGR    (0)    1 :  0.013 0.082 0.653 0.154 0.099 
  9 OmyAC19ROGR    (1)    1 :  0.189 0.479 0.148 0.049 0.134 
 10 OmyAC19ROGR    (1)    1 :  0.492 0.076 0.178 0.157 0.097 
 11 OmyAC19ROGR    (0)    1 :  0.112 0.337 0.187 0.210 0.154 
 12 OmyAC19ROGR    (0)    1 :  0.146 0.519 0.125 0.140 0.070 
 13 OmyAC19ROGR    (1)    1 :  0.033 0.107 0.335 0.357 0.168 
 14 OmyAC19ROGR    (1)    1 :  0.456 0.129 0.077 0.307 0.031 
 15 OmyAC19ROGR    (2)    1 :  0.410 0.082 0.050 0.416 0.042 
 16 OmyAC19ROGR    (1)    1 :  0.120 0.153 0.334 0.237 0.156 
 17 OmyAC19ROGR    (1)    1 :  0.109 0.193 0.529 0.149 0.019 
 18 OmyAC19ROGR    (2)    1 :  0.026 0.093 0.431 0.216 0.234 
 19 OmyAC19ROGR    (1)    1 :  0.056 0.083 0.310 0.441 0.110 
 20 OmyAC19ROGR    (1)    1 :  0.218 0.204 0.161 0.391 0.025 
 21 OmyAC19ROGR    (1)    1 :  0.212 0.111 0.454 0.127 0.095 
 22 OmyAC19ROGR    (1)    1 :  0.072 0.219 0.228 0.139 0.342 
 23 OmyAC19ROGR    (1)    1 :  0.184 0.326 0.279 0.082 0.128 
 24 OmyAC19ROGR    (1)    1 :  0.020 0.063 0.044 0.029 0.844 
 25 OmyAC19ROGR    (1)    1 :  0.220 0.158 0.150 0.397 0.075 
 26 OmyAC19ROGR    (1)    1 :  0.124 0.242 0.169 0.104 0.360 
 27 OmyAC19ROGR    (1)    1 :  0.050 0.195 0.139 0.558 0.058 
 28 OmyAC19ROGR    (1)    1 :  0.023 0.041 0.039 0.020 0.878 
 29 OmyAC19ROGR    (1)    1 :  0.061 0.162 0.546 0.119 0.113 
 30 OmyAC19ROGR    (1)    1 :  0.633 0.075 0.185 0.059 0.047 
 31 OmyAC19ROGR    (1)    1 :  0.034 0.172 0.516 0.151 0.128 
 32 OmyAC19ROGR    (1)    1 :  0.090 0.067 0.546 0.133 0.164 
 33 OmyAC19ROGR    (1)    1 :  0.138 0.203 0.188 0.114 0.357 
 34 OmyAC19ROGR    (1)    1 :  0.550 0.068 0.090 0.242 0.051 
 35 OmyAC19ROGR    (0)    1 :  0.083 0.147 0.463 0.120 0.187 
 36 OmyAC19ROGR    (1)    1 :  0.183 0.323 0.304 0.109 0.080 
 37 OmyAC19ROGR    (1)    1 :  0.100 0.107 0.069 0.172 0.552 
 38 OmyAC19ROGR    (1)    1 :  0.498 0.048 0.084 0.041 0.328 
 39 OmyAC19ROGR    (1)    1 :  0.109 0.149 0.589 0.102 0.051 
 40 OmyAC19ROGR    (0)    1 :  0.284 0.301 0.114 0.257 0.044 
 41 OmyAC19ROGR    (1)    1 :  0.032 0.317 0.142 0.417 0.093 
 42 OmyAC19ROGR    (1)    1 :  0.800 0.057 0.056 0.058 0.029 
 43 OmyAC19ROGR    (1)    1 :  0.049 0.302 0.444 0.051 0.153 
 44 OmyAC19ROGR    (7)    1 :  0.042 0.406 0.409 0.061 0.083 
 45 OmyAC19ROGR    (2)    1 :  0.346 0.123 0.123 0.078 0.331 
 46 OmyAC19ROGR    (1)    1 :  0.080 0.189 0.211 0.137 0.383 
 47 OmyAC19ROGR    (0)    1 :  0.065 0.102 0.032 0.074 0.727 
 48 OmyAC19ROGR    (1)    1 :  0.046 0.360 0.390 0.074 0.131 
 49 OmyAC19ROGR    (0)    1 :  0.042 0.268 0.141 0.242 0.307 
 50 OmyAC19ROGR    (1)    1 :  0.025 0.103 0.381 0.466 0.026 
 51 OmyAC19ROGR    (2)    1 :  0.693 0.083 0.052 0.107 0.065 
 52 OmyAC19ROGR    (1)    1 :  0.844 0.047 0.037 0.030 0.042 
 53 OmyAC19ROGR    (2)    1 :  0.033 0.127 0.096 0.074 0.670 
 54 OmyAC19ROGR    (1)    1 :  0.066 0.169 0.093 0.104 0.568 
 55 OmyAC19ROGR    (3)    1 :  0.097 0.135 0.522 0.192 0.054 
 56 OmyAC19ROGR    (1)    1 :  0.082 0.084 0.124 0.206 0.503 
 57 OmyAC19ROGR    (0)    1 :  0.024 0.104 0.188 0.093 0.591 
 58 OmyAC19ROGR    (1)    1 :  0.700 0.095 0.085 0.073 0.046 
 59 OmyAC19ROGR    (0)    1 :  0.030 0.103 0.205 0.131 0.531 
 60 OmyAC19ROGR    (2)    1 :  0.129 0.334 0.175 0.288 0.074 
 61 OmyAC19ROGR    (1)    1 :  0.065 0.118 0.174 0.181 0.462 
 62 OmyAC19ROGR    (1)    1 :  0.044 0.469 0.276 0.120 0.091 
 63 OmyAC19ROGR    (0)    1 :  0.222 0.161 0.111 0.106 0.400 
 64 OmyAC19ROGR    (3)    1 :  0.063 0.371 0.205 0.263 0.098 
 65 OmyAC19ROGR    (1)    1 :  0.053 0.124 0.426 0.289 0.107 
 66 OmyAC19ROGR    (4)    1 :  0.267 0.087 0.114 0.494 0.038 
 67 OmyAC19ROGR    (0)    1 :  0.038 0.129 0.102 0.377 0.354 
 68 OmyAC19ROGR    (2)    1 :  0.046 0.205 0.224 0.098 0.427 
 69 OmyAC19ROGR    (2)    1 :  0.221 0.049 0.133 0.076 0.521 
 70 OmyAC19ROGR    (1)    1 :  0.036 0.288 0.409 0.083 0.185 
 71 OmyAC19ROGR    (0)    1 :  0.031 0.145 0.537 0.200 0.088 
 72 OmyAC19ROGR    (5)    1 :  0.022 0.476 0.209 0.145 0.148 
 73 OmyAC19ROGR    (1)    1 :  0.223 0.087 0.422 0.044 0.224 
 74 OmyAC19ROGR    (1)    1 :  0.041 0.600 0.077 0.247 0.035 
 75 OmyAC19ROGR    (1)    1 :  0.117 0.102 0.272 0.205 0.304 
 76 OmyAC19ROGR    (1)    1 :  0.048 0.104 0.145 0.070 0.633 
 77 OmyAC19ROGR    (1)    1 :  0.910 0.024 0.021 0.029 0.016 
 78 OmyAC19ROGR    (1)    1 :  0.041 0.201 0.536 0.114 0.108 
 79 OmyAC19ROGR    (2)    1 :  0.049 0.084 0.676 0.091 0.100 
 80 OmyAC19ROGR    (2)    1 :  0.746 0.064 0.057 0.059 0.073 
 81 OmyAC19ROGR    (2)    1 :  0.432 0.196 0.154 0.121 0.095 
 82 OmyAC19ROGR    (1)    1 :  0.021 0.220 0.108 0.080 0.571 
 83 OmyAC19ROGR    (0)    1 :  0.049 0.122 0.356 0.205 0.268 
 84 OmyAC19ROGR    (1)    1 :  0.198 0.343 0.158 0.238 0.064 
 85 OmyAC19ROGR    (6)    1 :  0.028 0.112 0.560 0.168 0.132 
 86 OmyAC19ROGR    (1)    1 :  0.075 0.336 0.110 0.455 0.024 
 87 OmyAC19ROGR    (2)    1 :  0.037 0.452 0.116 0.124 0.270 
 88 OmyJC19ROGR    (0)    2 :  0.845 0.024 0.061 0.044 0.027 
 89 OmyJC19ROGR    (1)    2 :  0.063 0.281 0.274 0.308 0.073 
 90 OmyJC19ROGR    (1)    2 :  0.899 0.026 0.032 0.022 0.021 
 91 OmyJC19ROGR    (2)    2 :  0.017 0.267 0.120 0.237 0.358 
 92 OmyJC19ROGR    (1)    2 :  0.054 0.089 0.193 0.090 0.574 
 93 OmyJC19ROGR    (1)    2 :  0.018 0.081 0.074 0.051 0.776 
 94 OmyJC19ROGR    (1)    2 :  0.174 0.252 0.368 0.170 0.037 
 95 OmyJC19ROGR    (0)    2 :  0.222 0.339 0.310 0.103 0.027 
 96 OmyJC19ROGR    (2)    2 :  0.094 0.122 0.192 0.511 0.082 
 97 OmyJC19ROGR    (1)    2 :  0.111 0.051 0.071 0.036 0.732 
 98 OmyJC19ROGR    (0)    2 :  0.041 0.162 0.389 0.287 0.120 
 99 OmyJC19ROGR    (0)    2 :  0.092 0.107 0.210 0.139 0.452 
100 OmyJC19ROGR    (1)    2 :  0.038 0.271 0.516 0.105 0.070 
101 OmyJC19ROGR    (1)    2 :  0.519 0.091 0.158 0.083 0.150 
102 OmyJC19ROGR    (1)    2 :  0.079 0.158 0.100 0.604 0.059 
103 OmyJC19ROGR    (2)    2 :  0.187 0.218 0.296 0.154 0.145 
104 OmyJC19ROGR    (1)    2 :  0.035 0.146 0.195 0.091 0.533 
105 OmyJC19ROGR    (1)    2 :  0.205 0.102 0.043 0.088 0.562 
106 OmyJC19ROGR    (1)    2 :  0.915 0.019 0.013 0.015 0.038 
107 OmyJC19ROGR    (2)    2 :  0.102 0.138 0.158 0.482 0.120 
108 OmyJC19ROGR    (0)    2 :  0.061 0.146 0.286 0.257 0.250 
109 OmyJC19ROGR    (1)    2 :  0.241 0.219 0.132 0.376 0.031 
110 OmyJC19ROGR    (1)    2 :  0.206 0.096 0.114 0.082 0.502 
111 OmyJC19ROGR    (1)    2 :  0.067 0.125 0.185 0.120 0.504 
112 OmyJC19ROGR    (2)    2 :  0.101 0.326 0.285 0.231 0.057 
113 OmyJC19ROGR    (1)    2 :  0.507 0.120 0.104 0.215 0.054 
114 OmyJC19ROGR    (3)    2 :  0.040 0.198 0.543 0.148 0.072 
115 OmyJC19ROGR    (2)    2 :  0.059 0.466 0.080 0.034 0.361 
116 OmyJC19ROGR    (0)    2 :  0.084 0.321 0.377 0.146 0.072 
117 OmyJC19ROGR    (1)    2 :  0.207 0.127 0.429 0.184 0.053 
118 OmyJC19ROGR    (1)    2 :  0.034 0.169 0.378 0.249 0.170 
119 OmyJC19ROGR    (3)    2 :  0.068 0.176 0.244 0.447 0.065 
120 OmyJC19ROGR    (1)    2 :  0.015 0.066 0.059 0.063 0.798 
121 OmyJC19ROGR    (0)    2 :  0.047 0.340 0.351 0.225 0.036 
122 OmyJC19ROGR    (1)    2 :  0.064 0.270 0.260 0.231 0.175 
123 OmyJC19ROGR    (1)    2 :  0.021 0.185 0.249 0.294 0.251 
124 OmyJC19ROGR    (0)    2 :  0.115 0.587 0.187 0.069 0.042 
125 OmyJC19ROGR    (1)    2 :  0.095 0.178 0.172 0.060 0.496 
126 OmyJC19ROGR    (1)    2 :  0.649 0.124 0.099 0.086 0.042 
127 OmyJC19ROGR    (1)    2 :  0.064 0.056 0.069 0.750 0.061 
128 OmyJC19ROGR    (1)    2 :  0.033 0.045 0.122 0.089 0.711 
129 OmyJC19ROGR    (1)    2 :  0.216 0.098 0.541 0.056 0.088 
130 OmyJC19ROGR    (1)    2 :  0.056 0.672 0.187 0.058 0.027 
131 OmyJC19ROGR    (1)    2 :  0.077 0.212 0.486 0.086 0.139 
132 OmyJC19ROGR    (1)    2 :  0.046 0.142 0.134 0.151 0.528 
133 OmyJC19ROGR    (1)    2 :  0.029 0.226 0.594 0.083 0.069 
134 OmyJC19ROGR    (1)    2 :  0.064 0.118 0.182 0.549 0.088 
135 OmyJC19ROGR    (1)    2 :  0.021 0.035 0.039 0.036 0.869 
136 OmyJC19ROGR    (3)    2 :  0.039 0.244 0.314 0.287 0.116 
137 OmyJC19ROGR    (1)    2 :  0.218 0.402 0.099 0.231 0.049 
138 OmyJC19ROGR    (1)    2 :  0.665 0.124 0.121 0.067 0.024 
139 OmyJC19ROGR    (2)    2 :  0.023 0.254 0.581 0.092 0.049 
140 OmyJC19ROGR    (3)    2 :  0.115 0.132 0.432 0.261 0.059 
141 OmyJC19ROGR    (0)    2 :  0.375 0.075 0.266 0.147 0.137 
142 OmyJC19ROGR    (1)    2 :  0.311 0.153 0.131 0.210 0.195 
143 OmyJC19ROGR    (0)    2 :  0.072 0.160 0.122 0.047 0.599 
144 OmyJC19ROGR    (1)    2 :  0.015 0.161 0.723 0.056 0.045 
145 OmyJC19ROGR    (1)    2 :  0.021 0.783 0.078 0.087 0.031 
146 OmyJC19ROGR    (2)    2 :  0.066 0.133 0.152 0.097 0.552 
147 OmyJC19ROGR    (1)    2 :  0.054 0.110 0.094 0.626 0.115 
148 OmyJC19ROGR    (1)    2 :  0.020 0.209 0.221 0.337 0.213 
149 OmyJC19ROGR    (2)    2 :  0.073 0.115 0.170 0.266 0.377 
150 OmyJC19ROGR    (2)    2 :  0.066 0.095 0.172 0.196 0.471 
151 OmyJC19ROGR    (1)    2 :  0.086 0.100 0.545 0.121 0.148 
152 OmyJC19ROGR    (0)    2 :  0.056 0.488 0.068 0.242 0.145 
153 OmyJC19ROGR    (1)    2 :  0.029 0.031 0.032 0.058 0.850 
154 OmyJC19ROGR    (2)    2 :  0.067 0.416 0.120 0.355 0.040 
155 OmyJC19ROGR    (1)    2 :  0.090 0.333 0.185 0.179 0.214 
156 OmyJC19ROGR    (1)    2 :  0.127 0.226 0.133 0.362 0.152 
157 OmyJC19ROGR    (0)    2 :  0.078 0.382 0.193 0.130 0.216 
158 OmyJC19ROGR    (2)    2 :  0.021 0.222 0.274 0.338 0.146 
159 OmyJC19ROGR    (1)    2 :  0.040 0.276 0.222 0.426 0.036 
160 OmyJC19ROGR    (0)    2 :  0.058 0.115 0.196 0.374 0.256 
161 OmyJC19ROGR    (1)    2 :  0.039 0.180 0.209 0.168 0.405 
162 OmyJC19ROGR    (1)    2 :  0.078 0.165 0.160 0.368 0.229 
163 OmyJC19ROGR    (1)    2 :  0.041 0.134 0.093 0.128 0.603 
164 OmyJC19ROGR    (1)    2 :  0.026 0.307 0.204 0.396 0.068 
165 OmyJC19ROGR    (0)    2 :  0.019 0.325 0.364 0.107 0.185 
166 OmyJC19ROGR    (0)    2 :  0.050 0.552 0.146 0.186 0.066 
167 OmyJC19ROGR    (2)    2 :  0.091 0.276 0.116 0.213 0.303 
168 OmyJC19ROGR    (0)    2 :  0.067 0.186 0.463 0.211 0.074 
169 OmyJC19ROGR    (1)    2 :  0.922 0.020 0.017 0.025 0.016 
170 OmyJC19ROGR    (1)    2 :  0.061 0.102 0.104 0.074 0.660 
171 OmyJC19ROGR    (1)    2 :  0.030 0.242 0.398 0.227 0.102 
172 OmyJC19ROGR    (0)    2 :  0.387 0.066 0.143 0.107 0.297 
173 OmyJC19ROGR    (1)    2 :  0.898 0.020 0.030 0.031 0.021 
174 OmyJC19ROGR    (0)    2 :  0.037 0.580 0.188 0.103 0.091 
175 OmyJC19ROGR    (1)    2 :  0.032 0.300 0.362 0.239 0.067 
176 OmyJC19ROGR    (1)    2 :  0.047 0.044 0.167 0.210 0.533 
177 OmyJC19ROGR    (1)    2 :  0.016 0.087 0.057 0.056 0.784 
178 OmyJC19ROGR    (0)    2 :  0.040 0.323 0.079 0.531 0.027 
179 OmyJC19ROGR    (1)    2 :  0.023 0.162 0.229 0.135 0.451 
180 OmyJC19ROGR    (1)    2 :  0.808 0.033 0.068 0.042 0.050 
181 OmyJC19ROGR    (1)    2 :  0.042 0.356 0.262 0.273 0.067 
182 OmyJC19ROGR    (1)    2 :  0.116 0.083 0.652 0.099 0.050 
183 OmyJC19ROGR    (1)    2 :  0.038 0.224 0.420 0.237 0.082 
184 OmyJC19ROGR    (1)    2 :  0.553 0.068 0.180 0.112 0.088 
185 OmyJC19ROGR    (2)    2 :  0.010 0.278 0.574 0.083 0.055 
186 OmyJC19ROGR    (1)    2 :  0.102 0.097 0.345 0.054 0.402 
187 OmyJC19ROGR    (0)    2 :  0.028 0.781 0.057 0.085 0.048 
188 OmyJC19ROGR    (1)    2 :  0.061 0.224 0.530 0.086 0.100 
189 OmyJC19ROGR    (0)    2 :  0.146 0.095 0.347 0.112 0.301 
190 OmyJC19ROGR    (0)    2 :  0.045 0.075 0.104 0.103 0.672 
191 OmyJC19ROGR    (2)    2 :  0.035 0.196 0.113 0.074 0.582 
192 OmyJC19ROGR    (1)    2 :  0.035 0.050 0.066 0.818 0.031 
193 OmyJC19ROGR    (1)    2 :  0.113 0.270 0.114 0.388 0.115 
194 OmyJC19ROGR    (0)    2 :  0.015 0.062 0.047 0.835 0.041 
195 OmyJC19ROGR    (1)    2 :  0.803 0.051 0.066 0.061 0.020 
196 OmyJC19ROGR    (1)    2 :  0.025 0.770 0.123 0.057 0.025 
197 OmyJC19ROGR    (1)    2 :  0.059 0.136 0.282 0.118 0.405 
198 OmyJC19ROGR    (1)    2 :  0.808 0.045 0.039 0.066 0.042 
199 OmyJC19ROGR    (0)    2 :  0.030 0.191 0.559 0.149 0.071 
200 OmyJC19ROGR    (0)    2 :  0.055 0.146 0.081 0.066 0.651 
201 OmyJC19ROGR    (1)    2 :  0.023 0.356 0.120 0.428 0.073 
202 OmyJC19ROGR    (0)    2 :  0.014 0.054 0.041 0.115 0.776 
203 OmyJC19ROGR    (0)    2 :  0.042 0.365 0.297 0.175 0.121 
204 OmyJC19ROGR    (1)    2 :  0.050 0.240 0.274 0.254 0.183 
205 OmyJC19ROGR    (1)    2 :  0.095 0.528 0.198 0.091 0.088 
206 OmyJC19ROGR    (1)    2 :  0.826 0.036 0.048 0.050 0.040 
207 OmyJC19ROGR    (1)    2 :  0.212 0.423 0.091 0.179 0.095 
208 OmyJC19ROGR    (1)    2 :  0.038 0.251 0.319 0.325 0.067 
209 OmyJC19ROGR    (0)    2 :  0.526 0.087 0.147 0.063 0.177 
210 OmyJC19ROGR    (1)    2 :  0.898 0.039 0.026 0.024 0.013 
211 OmyJC19ROGR    (0)    2 :  0.160 0.265 0.208 0.302 0.064 
212 OmyJC19ROGR    (1)    2 :  0.218 0.115 0.102 0.185 0.381 
213 OmyJC19ROGR    (1)    2 :  0.028 0.459 0.366 0.056 0.091 
214 OmyJC19ROGR    (1)    2 :  0.054 0.620 0.088 0.182 0.056 
215 OmyJC19ROGR    (1)    2 :  0.026 0.056 0.167 0.677 0.073 
216 OmyJC19ROGR    (1)    2 :  0.821 0.066 0.051 0.041 0.020 
217 OmyJC19ROGR    (1)    2 :  0.349 0.157 0.149 0.243 0.101 
218 OmyJC19ROGR    (1)    2 :  0.032 0.254 0.094 0.086 0.534 
219 OmyJC19ROGR    (1)    2 :  0.129 0.231 0.135 0.471 0.033 
220 OmyJC19ROGR    (1)    2 :  0.014 0.211 0.263 0.384 0.128 
221 OmyJC19ROGR    (0)    2 :  0.239 0.532 0.126 0.054 0.049 
222 OmyJC19ROGR    (1)    2 :  0.037 0.191 0.255 0.265 0.252 
223 OmyJC19ROGR    (0)    2 :  0.062 0.424 0.124 0.307 0.083 
224 OmyJC19ROGR    (1)    2 :  0.026 0.199 0.124 0.580 0.070 
225 OmyJC19ROGR    (1)    2 :  0.923 0.013 0.016 0.023 0.025 
226 OmyJC19ROGR    (0)    2 :  0.204 0.228 0.363 0.163 0.042 
227 OmyJC19ROGR    (1)    2 :  0.889 0.028 0.027 0.017 0.040 
228 OmyJC19ROGR    (1)    2 :  0.045 0.455 0.171 0.295 0.035 
229 OmyJC19ROGR    (2)    2 :  0.026 0.280 0.520 0.067 0.106 
230 OmyJC19ROGR    (1)    2 :  0.214 0.276 0.219 0.100 0.190 
231 OmyJC19ROGR    (1)    2 :  0.069 0.484 0.156 0.242 0.049 
232 OmyJC19ROGR    (2)    2 :  0.046 0.369 0.293 0.124 0.168 
233 OmyJC19ROGR    (1)    2 :  0.098 0.230 0.293 0.294 0.085 
234 OmyJC19ROGR    (1)    2 :  0.903 0.024 0.028 0.021 0.023 
235 OmyJC19ROGR    (0)    2 :  0.515 0.062 0.091 0.242 0.090 
236 OmyJC19ROGR    (1)    2 :  0.027 0.189 0.070 0.409 0.305 
237 OmyJC19ROGR    (1)    2 :  0.089 0.236 0.153 0.362 0.159 
238 OmyJC19ROGR    (0)    2 :  0.135 0.278 0.097 0.449 0.041 
239 OmyJC19ROGR    (1)    2 :  0.069 0.052 0.272 0.553 0.054 
240 OmyJC19ROGR    (1)    2 :  0.045 0.520 0.285 0.088 0.063 
241 OmyJC19ROGR    (0)    2 :  0.081 0.070 0.252 0.130 0.467 
242 OmyJC19ROGR    (1)    2 :  0.020 0.041 0.191 0.616 0.132 
243 OmyJC19ROGR    (1)    2 :  0.048 0.192 0.277 0.132 0.350 
244 OmyJC19ROGR    (1)    2 :  0.059 0.293 0.226 0.092 0.331 
245 OmyJC19ROGR    (0)    2 :  0.931 0.018 0.022 0.016 0.014 
246 OmyJC19ROGR    (1)    2 :  0.198 0.086 0.068 0.080 0.569 
247 OmyJC19ROGR    (0)    2 :  0.509 0.121 0.169 0.085 0.117 
248 OmyJC19ROGR    (1)    2 :  0.548 0.095 0.244 0.055 0.057 
249 OmyJC19ROGR    (1)    2 :  0.063 0.579 0.152 0.156 0.050 
250 OmyJC19ROGR    (0)    2 :  0.108 0.178 0.397 0.208 0.110 
251 OmyJC19ROGR    (1)    2 :  0.045 0.500 0.170 0.215 0.070 
252 OmyJC19ROGR    (0)    2 :  0.035 0.095 0.079 0.039 0.752 
253 OmyJC19ROGR    (0)    2 :  0.075 0.127 0.567 0.186 0.045 
254 OmyJC19ROGR    (1)    2 :  0.063 0.183 0.186 0.150 0.418 
255 OmyJC19ROGR    (1)    2 :  0.032 0.296 0.084 0.062 0.526 
256 OmyJC19ROGR    (1)    2 :  0.331 0.181 0.054 0.095 0.339 
257 OmyJC19ROGR    (0)    2 :  0.082 0.571 0.202 0.085 0.059 
258 OmyAC19ROGR    (1)    1 :  0.200 0.348 0.146 0.176 0.130 
259 OmyAC19ROGR    (2)    1 :  0.482 0.077 0.127 0.218 0.096 
260 OmyAC19ROGR    (1)    1 :  0.030 0.077 0.319 0.455 0.118 
261 OmyAC19ROGR    (0)    1 :  0.058 0.294 0.436 0.160 0.052 
262 OmyAC19ROGR    (1)    1 :  0.123 0.213 0.296 0.185 0.184 
263 OmyAC19ROGR    (0)    1 :  0.043 0.194 0.138 0.119 0.507 
264 OmyAC19ROGR    (1)    1 :  0.057 0.379 0.272 0.209 0.083 
265 OmyAC19ROGR    (1)    1 :  0.047 0.301 0.104 0.433 0.115 
266 OmyAC19ROGR    (1)    1 :  0.019 0.637 0.185 0.100 0.059 
267 OmyAC19ROGR    (1)    1 :  0.156 0.163 0.414 0.170 0.097 
268 OmyAC19ROGR    (2)    1 :  0.156 0.137 0.209 0.138 0.360 
269 OmyAC19ROGR    (1)    1 :  0.143 0.095 0.602 0.112 0.047 
270 OmyAC19ROGR    (1)    1 :  0.037 0.340 0.087 0.055 0.481 
271 OmyAC19ROGR    (1)    1 :  0.335 0.094 0.372 0.139 0.060 
272 OmyAC19ROGR    (0)    1 :  0.199 0.308 0.226 0.231 0.036 
273 OmyAC19ROGR    (0)    1 :  0.038 0.081 0.595 0.201 0.086 
274 OmyAC19ROGR    (1)    1 :  0.761 0.076 0.071 0.048 0.044 
275 OmyAC19ROGR    (1)    1 :  0.139 0.154 0.184 0.285 0.238 
276 OmyAC19ROGR    (1)    1 :  0.062 0.145 0.280 0.444 0.070 
277 OmyAC19ROGR    (1)    1 :  0.088 0.289 0.372 0.210 0.042 
278 OmyAC19ROGR    (1)    1 :  0.292 0.245 0.186 0.235 0.042 
279 OmyAC19ROGR    (0)    1 :  0.168 0.117 0.141 0.523 0.050 
280 OmyAC19ROGR    (1)    1 :  0.126 0.346 0.112 0.086 0.330 
281 OmyAC19ROGR    (1)    1 :  0.068 0.183 0.460 0.227 0.062 
282 OmyAC19ROGR    (1)    1 :  0.201 0.230 0.283 0.160 0.126 
283 OmyAC19ROGR    (1)    1 :  0.053 0.197 0.323 0.356 0.070 
284 OmyAC19ROGR    (0)    1 :  0.030 0.381 0.302 0.127 0.160 
285 OmyAC19ROGR    (1)    1 :  0.055 0.128 0.280 0.245 0.293 
286 OmyAC19ROGR    (1)    1 :  0.027 0.192 0.249 0.371 0.161 
287 OmyAC19ROGR    (1)    1 :  0.945 0.014 0.015 0.014 0.012 
288 OmyAC19ROGR    (1)    1 :  0.746 0.054 0.067 0.081 0.053 
289 OmyAC19ROGR    (1)    1 :  0.129 0.113 0.415 0.299 0.045 
290 OmyAC19ROGR    (1)    1 :  0.914 0.019 0.019 0.023 0.025 
291 OmyAC19ROGR    (1)    1 :  0.419 0.129 0.116 0.125 0.210 
292 OmyAC19ROGR    (1)    1 :  0.229 0.219 0.333 0.166 0.053 
293 OmyAC19ROGR    (1)    1 :  0.036 0.083 0.174 0.065 0.642 
294 OmyAC19ROGR    (1)    1 :  0.189 0.193 0.146 0.427 0.045 
295 OmyAC19ROGR    (0)    1 :  0.025 0.210 0.418 0.201 0.146 
296 OmyAC19ROGR    (0)    1 :  0.035 0.192 0.160 0.476 0.137 
297 OmyAC19ROGR    (1)    1 :  0.779 0.064 0.057 0.076 0.025 
298 OmyAC19ROGR    (0)    1 :  0.028 0.320 0.097 0.517 0.037 
299 OmyAC19ROGR    (1)    1 :  0.217 0.083 0.085 0.322 0.293 
300 OmyAC19ROGR    (1)    1 :  0.045 0.266 0.242 0.350 0.097 
301 OmyAC19ROGR    (0)    1 :  0.872 0.037 0.041 0.029 0.022 
302 OmyAC19ROGR    (1)    1 :  0.442 0.159 0.063 0.280 0.056 
303 OmyAC19ROGR    (1)    1 :  0.145 0.109 0.487 0.214 0.045 
304 OmyAC19ROGR    (1)    1 :  0.128 0.072 0.180 0.536 0.084 
305 OmyAC19ROGR    (1)    1 :  0.030 0.160 0.343 0.393 0.074 
306 OmyAC19ROGR    (1)    1 :  0.636 0.177 0.111 0.055 0.022 
307 OmyAC19ROGR    (2)    1 :  0.026 0.362 0.215 0.200 0.197 
308 OmyAC19ROGR    (0)    1 :  0.113 0.274 0.254 0.305 0.054 
309 OmyAC19ROGR    (2)    1 :  0.888 0.031 0.026 0.031 0.024 
310 OmyAC19ROGR    (0)    1 :  0.424 0.170 0.195 0.138 0.073 
311 OmyAC19ROGR    (0)    1 :  0.500 0.060 0.116 0.285 0.039 
312 OmyAC19ROGR    (0)    1 :  0.043 0.087 0.116 0.146 0.609 
313 OmyAC19ROGR    (1)    1 :  0.016 0.400 0.097 0.367 0.120 
314 OmyAC19ROGR    (0)    1 :  0.048 0.094 0.157 0.133 0.567 
315 OmyAC19ROGR    (1)    1 :  0.062 0.254 0.483 0.111 0.090 
316 OmyAC19ROGR    (1)    1 :  0.039 0.363 0.191 0.331 0.077 
317 OmyAC19ROGR    (1)    1 :  0.038 0.071 0.551 0.112 0.228 
318 OmyAC19ROGR    (1)    1 :  0.033 0.220 0.238 0.109 0.399 
319 OmyAC19ROGR    (1)    1 :  0.021 0.121 0.557 0.203 0.098 
320 OmyAC19ROGR    (0)    1 :  0.015 0.381 0.120 0.373 0.111 
321 OmyAC19ROGR    (1)    1 :  0.028 0.381 0.142 0.393 0.055 
322 OmyAC19ROGR    (0)    1 :  0.319 0.223 0.268 0.134 0.056 
323 OmyAC19ROGR    (1)    1 :  0.031 0.268 0.201 0.471 0.029 
324 OmyAC19ROGR    (1)    1 :  0.021 0.635 0.091 0.132 0.121 
325 OmyAC19ROGR    (1)    1 :  0.410 0.167 0.308 0.070 0.045 
326 OmyAC19ROGR    (1)    1 :  0.051 0.504 0.199 0.197 0.049 
327 OmyAC19ROGR    (1)    1 :  0.036 0.456 0.076 0.284 0.147 
328 OmyJC18ROGR    (1)    2 :  0.034 0.113 0.070 0.155 0.628 
329 OmyJC18ROGR    (0)    2 :  0.065 0.297 0.471 0.106 0.062 
330 OmyJC18ROGR    (0)    2 :  0.065 0.648 0.092 0.170 0.025 
331 OmyJC18ROGR    (1)    2 :  0.655 0.082 0.088 0.105 0.070 
332 OmyJC18ROGR    (1)    2 :  0.718 0.039 0.089 0.104 0.050 
333 OmyJC18ROGR    (1)    2 :  0.844 0.033 0.046 0.049 0.028 
334 OmyJC18ROGR    (1)    2 :  0.171 0.413 0.177 0.076 0.164 
335 OmyJC18ROGR    (0)    2 :  0.028 0.188 0.096 0.229 0.459 
336 OmyJC18ROGR    (1)    2 :  0.855 0.033 0.051 0.033 0.028 
337 OmyJC18ROGR    (1)    2 :  0.031 0.204 0.444 0.277 0.043 
338 OmyJC18ROGR    (1)    2 :  0.844 0.042 0.034 0.059 0.021 
339 OmyJC18ROGR    (1)    2 :  0.040 0.131 0.690 0.105 0.033 
340 OmyJC18ROGR    (0)    2 :  0.142 0.132 0.082 0.162 0.482 
341 OmyJC18ROGR    (1)    2 :  0.017 0.114 0.313 0.339 0.217 
342 OmyJC18ROGR    (2)    2 :  0.382 0.183 0.120 0.211 0.104 
343 OmyJC18ROGR    (2)    2 :  0.348 0.122 0.199 0.126 0.205 
344 OmyJC18ROGR    (3)    2 :  0.425 0.082 0.169 0.208 0.117 
345 OmyJC18ROGR    (2)    2 :  0.649 0.132 0.055 0.063 0.100 
346 OmyJC18ROGR    (4)    2 :  0.027 0.765 0.100 0.087 0.021 
347 OmyJC18ROGR    (3)    2 :  0.047 0.097 0.382 0.433 0.041 
348 OmyJC18ROGR    (1)    2 :  0.172 0.345 0.228 0.183 0.071 
349 OmyJC18ROGR    (1)    2 :  0.034 0.156 0.123 0.635 0.052 
350 OmyJC18ROGR    (1)    2 :  0.036 0.169 0.203 0.552 0.039 
351 OmyJC18ROGR    (0)    2 :  0.715 0.048 0.089 0.119 0.029 
352 OmyJC18ROGR    (4)    2 :  0.396 0.221 0.098 0.196 0.089 
353 OmyJC18ROGR    (2)    2 :  0.187 0.336 0.230 0.111 0.136 
354 OmyJC18ROGR    (1)    2 :  0.080 0.264 0.539 0.079 0.038 
355 OmyJC18ROGR    (2)    2 :  0.032 0.390 0.436 0.089 0.053 
356 OmyJC18ROGR    (1)    2 :  0.039 0.201 0.148 0.177 0.435 
357 OmyJC18ROGR    (2)    2 :  0.661 0.048 0.047 0.040 0.204 
358 OmyJC18ROGR    (2)    2 :  0.021 0.120 0.360 0.169 0.329 
359 OmyJC18ROGR    (3)    2 :  0.088 0.134 0.250 0.449 0.079 
360 OmyJC18ROGR    (0)    2 :  0.053 0.178 0.311 0.085 0.373 
361 OmyJC18ROGR    (1)    2 :  0.016 0.697 0.095 0.152 0.040 
362 OmyJC18ROGR    (1)    2 :  0.189 0.335 0.283 0.132 0.062 
363 OmyJC18ROGR    (2)    2 :  0.195 0.130 0.356 0.116 0.202 
364 OmyJC18ROGR    (3)    2 :  0.018 0.115 0.152 0.661 0.055 
365 OmyJC18ROGR    (4)    2 :  0.039 0.345 0.329 0.251 0.037 
366 OmyJC18ROGR    (4)    2 :  0.036 0.184 0.148 0.291 0.342 
367 OmyJC18ROGR    (3)    2 :  0.777 0.076 0.071 0.045 0.032 
368 OmyJC18ROGR    (3)    2 :  0.359 0.161 0.200 0.214 0.067 
369 OmyJC18ROGR    (2)    2 :  0.074 0.316 0.241 0.072 0.297 
370 OmyJC18ROGR    (3)    2 :  0.058 0.350 0.320 0.200 0.073 
371 OmyJC18ROGR    (1)    2 :  0.037 0.265 0.396 0.186 0.117 
372 OmyJC18ROGR    (3)    2 :  0.092 0.166 0.223 0.405 0.115 
373 OmyJC18ROGR    (5)    2 :  0.096 0.143 0.160 0.071 0.530 
374 OmyJC18ROGR    (5)    2 :  0.020 0.041 0.105 0.094 0.740 
375 OmyJC18ROGR    (3)    2 :  0.099 0.376 0.255 0.221 0.049 
376 OmyJC18ROGR    (3)    2 :  0.876 0.039 0.026 0.042 0.018 
377 OmyJC18ROGR    (4)    2 :  0.209 0.126 0.123 0.100 0.442 
378 OmyJC18ROGR    (0)    2 :  0.082 0.113 0.226 0.387 0.193 
379 OmyJC18ROGR    (5)    2 :  0.126 0.201 0.141 0.369 0.163 
380 OmyJC18ROGR    (4)    2 :  0.140 0.293 0.317 0.118 0.132 
381 OmyJC18ROGR    (1)    2 :  0.051 0.148 0.398 0.295 0.108 
382 OmyJC18ROGR    (1)    2 :  0.038 0.188 0.300 0.351 0.123 
383 OmyJC18ROGR    (3)    2 :  0.445 0.181 0.230 0.078 0.066 
384 OmyJC18ROGR    (2)    2 :  0.178 0.157 0.076 0.561 0.028 
385 OmyJC18ROGR    (4)    2 :  0.061 0.495 0.263 0.154 0.027 
386 OmyJC18ROGR    (2)    2 :  0.320 0.147 0.093 0.404 0.036 
387 OmyJC18ROGR    (1)    2 :  0.288 0.110 0.169 0.159 0.274 
388 OmyJC18ROGR    (6)    2 :  0.062 0.147 0.380 0.119 0.292 
389 OmyJC18ROGR    (1)    2 :  0.119 0.230 0.338 0.256 0.057 
390 OmyJC18ROGR    (1)    2 :  0.069 0.246 0.151 0.441 0.093 
391 OmyJC18ROGR    (3)    2 :  0.851 0.040 0.030 0.033 0.046 
392 OmyJC18ROGR    (2)    2 :  0.033 0.309 0.192 0.239 0.227 
393 OmyJC18ROGR    (4)    2 :  0.067 0.094 0.059 0.033 0.747 
394 OmyJC18ROGR    (3)    2 :  0.754 0.071 0.074 0.075 0.026 
395 OmyJC18ROGR    (7)    2 :  0.223 0.112 0.146 0.085 0.435 
396 OmyJC18ROGR    (4)    2 :  0.548 0.078 0.078 0.095 0.200 
397 OmyJC18ROGR    (1)    2 :  0.055 0.276 0.301 0.252 0.116 
398 OmyJC18ROGR    (3)    2 :  0.195 0.375 0.191 0.118 0.121 
399 OmyJC18ROGR    (2)    2 :  0.313 0.139 0.217 0.082 0.250 
400 OmyJC18ROGR    (0)    2 :  0.055 0.423 0.130 0.295 0.097 
401 OmyJC18ROGR    (6)    2 :  0.058 0.090 0.122 0.049 0.681 
402 OmyJC18ROGR    (5)    2 :  0.214 0.225 0.142 0.051 0.369 
403 OmyJC18ROGR    (1)    2 :  0.130 0.231 0.265 0.167 0.207 
404 OmyJC18ROGR    (2)    2 :  0.123 0.200 0.463 0.175 0.039 
405 OmyJC18ROGR    (3)    2 :  0.033 0.316 0.078 0.488 0.085 
406 OmyJC18ROGR    (2)    2 :  0.045 0.346 0.253 0.319 0.037 
407 OmyJC18ROGR    (2)    2 :  0.122 0.091 0.079 0.458 0.249 
408 OmyJC18ROGR    (2)    2 :  0.110 0.132 0.056 0.396 0.307 
409 OmyJC18ROGR    (1)    2 :  0.036 0.381 0.158 0.154 0.270 
410 OmyJC18ROGR    (1)    2 :  0.028 0.464 0.215 0.230 0.063 
411 OmyJC18ROGR    (1)    2 :  0.033 0.322 0.532 0.061 0.053 
412 OmyJC18ROGR    (0)    2 :  0.018 0.147 0.161 0.640 0.033 
413 OmyJC18ROGR    (1)    2 :  0.037 0.686 0.090 0.157 0.029 
414 OmyJC18ROGR    (2)    2 :  0.027 0.128 0.509 0.280 0.056 
415 OmyJC18ROGR    (2)    2 :  0.017 0.534 0.259 0.052 0.138 
416 OmyJC18ROGR    (3)    2 :  0.069 0.418 0.234 0.223 0.055 
417 OmyJC18ROGR    (1)    2 :  0.050 0.283 0.106 0.199 0.362 
418 OmyJC18ROGR    (0)    2 :  0.047 0.091 0.109 0.036 0.717 
419 OmyJC18ROGR    (1)    2 :  0.026 0.264 0.243 0.182 0.285 
420 OmyJC18ROGR    (0)    2 :  0.031 0.659 0.218 0.063 0.027 
421 OmyJC18ROGR    (1)    2 :  0.062 0.248 0.183 0.437 0.070 
422 OmyJC18ROGR    (6)    2 :  0.055 0.205 0.555 0.103 0.082 
423 OmyJC18ROGR    (2)    2 :  0.049 0.492 0.237 0.114 0.108 
424 OmyJC18ROGR    (1)    2 :  0.228 0.375 0.083 0.114 0.199 
425 OmyJC18ROGR    (1)    2 :  0.278 0.266 0.248 0.153 0.055 
426 OmyJC18ROGR    (3)    2 :  0.036 0.426 0.185 0.201 0.152 
427 OmyJC18ROGR    (2)    2 :  0.603 0.056 0.091 0.228 0.022 
428 OmyJC18ROGR    (6)    2 :  0.019 0.754 0.095 0.099 0.033 
429 OmyJC18ROGR    (1)    2 :  0.183 0.216 0.335 0.239 0.027 
430 OmyJC18ROGR    (1)    2 :  0.123 0.170 0.466 0.102 0.139 
431 OmyJC18ROGR    (0)    2 :  0.057 0.495 0.232 0.168 0.048 
432 OmyJC18ROGR    (2)    2 :  0.777 0.042 0.082 0.049 0.050 
433 OmyJC18ROGR    (2)    2 :  0.079 0.062 0.213 0.059 0.586 
434 OmyJC18ROGR    (2)    2 :  0.098 0.101 0.687 0.070 0.044 
435 OmyJC18ROGR    (8)    2 :  0.075 0.420 0.095 0.263 0.147 
436 OmyJC18ROGR    (2)    2 :  0.039 0.500 0.181 0.161 0.119 
437 OmyJC18ROGR    (4)    2 :  0.032 0.379 0.206 0.157 0.226 
438 OmyJC18ROGR    (1)    2 :  0.069 0.087 0.076 0.039 0.729 
439 OmyJC18ROGR    (2)    2 :  0.509 0.092 0.229 0.090 0.080 
440 OmyJC18ROGR    (0)    2 :  0.095 0.053 0.069 0.032 0.751 
441 OmyJC18ROGR    (1)    2 :  0.027 0.088 0.108 0.740 0.036 
442 OmyJC18ROGR    (6)    2 :  0.124 0.148 0.260 0.327 0.141 
443 OmyJC18ROGR    (1)    2 :  0.019 0.177 0.241 0.518 0.046 
444 OmyJC18ROGR    (6)    2 :  0.044 0.298 0.184 0.133 0.341 
445 OmyJC18ROGR    (2)    2 :  0.071 0.405 0.183 0.133 0.208 
446 OmyJC18ROGR    (3)    2 :  0.283 0.126 0.192 0.110 0.289 
447 OmyJC18ROGR    (2)    2 :  0.099 0.164 0.245 0.393 0.099 
448 OmyJC18ROGR    (3)    2 :  0.053 0.091 0.649 0.165 0.042 
449 OmyJC18ROGR    (1)    2 :  0.031 0.248 0.109 0.519 0.094 
450 OmyJC18ROGR    (4)    2 :  0.182 0.473 0.067 0.068 0.210 
451 OmyJC18ROGR    (3)    2 :  0.045 0.169 0.439 0.275 0.072 
452 OmyJC18ROGR    (1)    2 :  0.073 0.232 0.342 0.311 0.041 
453 OmyJC18ROGR    (1)    2 :  0.025 0.323 0.177 0.447 0.027 
454 OmyJC18ROGR    (4)    2 :  0.054 0.119 0.135 0.343 0.348 
455 OmyJC18ROGR    (4)    2 :  0.450 0.078 0.148 0.169 0.154 
456 OmyJC18ROGR    (5)    2 :  0.136 0.489 0.186 0.098 0.091 
457 OmyJC18ROGR    (3)    2 :  0.029 0.200 0.389 0.070 0.312 
458 OmyJC18ROGR    (1)    2 :  0.053 0.389 0.138 0.235 0.185 
459 OmyJC18ROGR    (1)    2 :  0.840 0.054 0.036 0.046 0.024 
460 OmyJC18ROGR    (2)    2 :  0.038 0.387 0.147 0.376 0.052 
461 OmyJC18ROGR    (1)    2 :  0.721 0.044 0.111 0.049 0.075 
462 OmyJC18ROGR    (1)    2 :  0.019 0.265 0.216 0.232 0.268 
463 OmyJC18ROGR    (4)    2 :  0.052 0.159 0.199 0.523 0.068 
464 OmyJC18ROGR    (6)    2 :  0.025 0.493 0.112 0.164 0.206 
465 OmyJC18ROGR    (3)    2 :  0.036 0.219 0.102 0.106 0.537 
466 OmyJC18ROGR    (3)    2 :  0.081 0.217 0.146 0.298 0.259 
467 OmyJC18ROGR    (2)    2 :  0.060 0.113 0.694 0.090 0.043 
468 OmyJC18ROGR    (2)    2 :  0.017 0.597 0.083 0.225 0.079 
469 OmyJC18ROGR    (1)    2 :  0.905 0.030 0.027 0.021 0.017 
470 OmyJC18ROGR    (0)    2 :  0.230 0.039 0.146 0.075 0.510 
471 OmyJC18ROGR    (2)    2 :  0.087 0.355 0.391 0.086 0.081 
472 OmyJC18ROGR    (2)    2 :  0.009 0.768 0.093 0.103 0.027 
473 OmyJC18ROGR    (1)    2 :  0.075 0.394 0.177 0.278 0.075 
474 OmyJC18ROGR    (3)    2 :  0.049 0.708 0.078 0.109 0.056 
475 OmyJC18ROGR    (1)    2 :  0.092 0.082 0.367 0.143 0.316 
476 OmyJC18ROGR    (2)    2 :  0.041 0.254 0.302 0.315 0.088 
477 OmyJC18ROGR    (0)    2 :  0.071 0.192 0.403 0.097 0.237 
478 OmyJC18ROGR    (1)    2 :  0.071 0.251 0.310 0.293 0.075 
479 OmyJC18ROGR    (1)    2 :  0.052 0.338 0.290 0.112 0.207 
480 OmyJC18ROGR    (1)    2 :  0.085 0.210 0.413 0.239 0.053 
481 OmyJC18ROGR    (1)    2 :  0.045 0.213 0.368 0.298 0.075 
482 OmyJC18ROGR    (1)    2 :  0.033 0.167 0.369 0.122 0.309 
483 OmyJC18ROGR    (0)    2 :  0.039 0.210 0.217 0.353 0.182 
484 OmyJC18ROGR    (0)    2 :  0.074 0.070 0.251 0.559 0.047 
485 OmyJC18ROGR    (0)    2 :  0.031 0.158 0.317 0.120 0.374 
486 OmyJC18ROGR    (0)    2 :  0.050 0.333 0.202 0.257 0.158 
487 OmyJC18ROGR    (1)    2 :  0.033 0.053 0.333 0.061 0.520 
488 OmyJC18ROGR    (1)    2 :  0.069 0.206 0.307 0.115 0.303 
489 OmyJC18ROGR    (1)    2 :  0.044 0.167 0.217 0.517 0.056 
490 OmyJC18ROGR    (0)    2 :  0.019 0.323 0.161 0.465 0.031 
491 OmyJC18ROGR    (0)    2 :  0.066 0.110 0.096 0.166 0.562 
492 OmyJC18ROGR    (5)    2 :  0.777 0.042 0.044 0.038 0.100 
493 OmyJC18ROGR    (1)    2 :  0.218 0.095 0.440 0.084 0.162 
494 OmyJC18ROGR    (3)    2 :  0.034 0.482 0.242 0.141 0.101 
495 OmyJC18ROGR    (1)    2 :  0.092 0.238 0.407 0.117 0.147 
496 OmyJC18ROGR    (1)    2 :  0.093 0.435 0.366 0.078 0.028 
497 OmyJC18ROGR    (1)    2 :  0.017 0.244 0.470 0.090 0.180 
498 OmyJC18ROGR    (1)    2 :  0.066 0.138 0.130 0.402 0.264 
499 OmyJC18ROGR    (1)    2 :  0.045 0.249 0.187 0.334 0.186 
500 OmyJC18ROGR    (1)    2 :  0.094 0.493 0.174 0.202 0.037 
501 OmyJC18ROGR    (2)    2 :  0.022 0.374 0.204 0.080 0.321 
502 OmyJC18ROGR    (1)    2 :  0.208 0.073 0.233 0.101 0.385 
503 OmyJC18ROGR    (2)    2 :  0.104 0.158 0.135 0.386 0.217 
504 OmyJC18ROGR    (2)    2 :  0.071 0.137 0.202 0.086 0.504 
505 OmyJC18ROGR    (2)    2 :  0.074 0.400 0.142 0.269 0.115 
506 OmyJC18ROGR    (3)    2 :  0.064 0.520 0.220 0.091 0.105 
507 OmyJC18ROGR    (1)    2 :  0.105 0.502 0.215 0.130 0.048 
508 OmyJC18ROGR    (7)    2 :  0.035 0.510 0.308 0.071 0.076 
509 OmyJC18ROGR    (1)    2 :  0.164 0.099 0.492 0.068 0.178 
510 OmyJC18ROGR    (1)    2 :  0.933 0.014 0.018 0.018 0.016 
511 OmyJC18ROGR    (2)    2 :  0.134 0.131 0.094 0.100 0.541 
512 OmyJC18ROGR    (1)    2 :  0.028 0.184 0.151 0.164 0.473 
513 OmyJC18ROGR    (3)    2 :  0.028 0.340 0.477 0.118 0.037 
514 OmyJC18ROGR    (1)    2 :  0.026 0.045 0.037 0.058 0.835 
515 OmyJC18ROGR    (5)    2 :  0.032 0.477 0.224 0.199 0.067 
516 OmyJC18ROGR    (3)    2 :  0.296 0.080 0.137 0.044 0.443 
517 OmyJC18ROGR    (1)    2 :  0.019 0.111 0.139 0.352 0.378 
518 OmyJC18ROGR    (1)    2 :  0.518 0.078 0.117 0.101 0.187 
519 OmyJC18ROGR    (0)    2 :  0.095 0.384 0.215 0.076 0.230 
520 OmyJC18ROGR    (0)    2 :  0.032 0.062 0.136 0.633 0.137 
521 OmyJC18ROGR    (2)    2 :  0.077 0.441 0.266 0.129 0.086 
522 OmyJC18ROGR    (2)    2 :  0.326 0.266 0.230 0.099 0.078 
523 OmyJC18ROGR    (1)    2 :  0.281 0.091 0.206 0.129 0.293 
524 OmyJC18ROGR    (3)    2 :  0.136 0.318 0.289 0.143 0.115 
525 OmyJC18ROGR    (1)    2 :  0.040 0.065 0.630 0.154 0.111 
526 OmyJC18ROGR    (7)    2 :  0.018 0.374 0.160 0.392 0.056 
527 OmyJC18ROGR    (4)    2 :  0.100 0.396 0.114 0.328 0.063 
528 OmyJC18ROGR    (1)    2 :  0.023 0.204 0.223 0.312 0.238 
529 OmyJC18ROGR    (2)    2 :  0.030 0.477 0.097 0.339 0.057 
530 OmyJC18ROGR    (1)    2 :  0.066 0.290 0.115 0.109 0.420 
531 OmyJC18ROGR    (2)    2 :  0.037 0.167 0.193 0.518 0.085 
532 OmyJC18ROGR    (2)    2 :  0.022 0.540 0.139 0.178 0.122 
533 OmyJC18ROGR    (5)    2 :  0.868 0.024 0.041 0.032 0.035 
534 OmyJC18ROGR    (2)    2 :  0.096 0.404 0.175 0.191 0.135 
535 OmyJC18ROGR    (3)    2 :  0.052 0.201 0.131 0.260 0.355 
536 OmyJC18ROGR    (0)    2 :  0.123 0.380 0.183 0.262 0.051 
537 OmyJC18ROGR    (3)    2 :  0.208 0.085 0.470 0.169 0.068 
538 OmyJC18ROGR    (1)    2 :  0.034 0.378 0.306 0.122 0.159 
539 OmyJC18ROGR    (1)    2 :  0.056 0.188 0.298 0.113 0.345 
540 OmyJC18ROGR    (1)    2 :  0.057 0.359 0.151 0.344 0.089 
541 OmyJC18ROGR    (5)    2 :  0.016 0.125 0.295 0.290 0.273 
542 OmyJC18ROGR    (4)    2 :  0.096 0.172 0.313 0.343 0.077 
543 OmyJC18ROGR    (2)    2 :  0.021 0.286 0.223 0.124 0.346 
544 OmyJC18ROGR    (2)    2 :  0.048 0.269 0.402 0.053 0.228 
545 OmyJC18ROGR    (2)    2 :  0.255 0.093 0.153 0.326 0.174 
546 OmyJC18ROGR    (1)    2 :  0.040 0.306 0.143 0.238 0.273 
547 OmyJC18ROGR    (1)    2 :  0.059 0.203 0.271 0.206 0.261 
548 OmyJC18ROGR    (1)    2 :  0.714 0.080 0.103 0.067 0.035 
549 OmyJC18ROGR    (1)    2 :  0.270 0.057 0.177 0.343 0.153 
550 OmyJC18ROGR    (2)    2 :  0.258 0.183 0.177 0.309 0.074 
551 OmyJC18ROGR    (4)    2 :  0.136 0.188 0.162 0.455 0.059 
552 OmyJC18ROGR    (6)    2 :  0.032 0.238 0.251 0.460 0.019 
553 OmyJC18ROGR    (3)    2 :  0.026 0.069 0.070 0.043 0.792 
554 OmyJC18ROGR    (1)    2 :  0.021 0.173 0.271 0.126 0.408 
555 OmyJC18ROGR    (4)    2 :  0.030 0.179 0.152 0.256 0.383 
556 OmyJC18ROGR    (2)    2 :  0.079 0.298 0.175 0.286 0.161 
557 OmyJC18ROGR    (0)    2 :  0.036 0.333 0.374 0.159 0.099 
558 OmyJC18ROGR    (2)    2 :  0.061 0.181 0.346 0.162 0.250 
559 OmyJC18ROGR    (3)    2 :  0.274 0.094 0.253 0.316 0.063 
560 OmyJC18ROGR    (6)    2 :  0.029 0.124 0.132 0.292 0.423 
561 OmyJC18ROGR    (1)    2 :  0.169 0.195 0.316 0.295 0.026 
562 OmyJC18ROGR    (2)    2 :  0.057 0.131 0.127 0.079 0.606 
563 OmyJC18ROGR    (2)    2 :  0.305 0.047 0.266 0.197 0.185 
564 OmyJC18ROGR    (1)    2 :  0.332 0.327 0.085 0.159 0.097 
565 OmyJC18ROGR    (1)    2 :  0.049 0.443 0.345 0.133 0.029 
566 OmyJC18ROGR    (1)    2 :  0.025 0.635 0.118 0.128 0.094 
567 OmyJC18ROGR    (1)    2 :  0.041 0.106 0.101 0.707 0.045 
568 OmyJC18ROGR    (1)    2 :  0.022 0.091 0.163 0.653 0.071 
569 OmyJC18ROGR    (3)    2 :  0.041 0.312 0.161 0.378 0.108 
570 OmyJC18ROGR    (1)    2 :  0.268 0.164 0.264 0.099 0.205 
571 OmyJC18ROGR    (2)    2 :  0.583 0.108 0.115 0.095 0.100 
572 OmyJC18ROGR    (5)    2 :  0.123 0.090 0.320 0.053 0.414 
573 OmyJC18ROGR    (5)    2 :  0.131 0.041 0.120 0.612 0.096 
574 OmyJC18ROGR    (1)    2 :  0.132 0.103 0.073 0.638 0.055 
575 OmyJC18ROGR    (2)    2 :  0.032 0.132 0.304 0.249 0.283 
576 OmyJC18ROGR    (0)    2 :  0.019 0.072 0.098 0.283 0.528 
577 OmyJC18ROGR    (1)    2 :  0.284 0.126 0.152 0.365 0.073 
578 OmyJC18ROGR    (1)    2 :  0.019 0.036 0.186 0.741 0.018 
579 OmyJC18ROGR    (2)    2 :  0.061 0.112 0.507 0.115 0.206 
580 OmyJC18ROGR    (1)    2 :  0.014 0.187 0.334 0.193 0.272 
581 OmyJC18ROGR    (1)    2 :  0.116 0.086 0.320 0.059 0.418 
582 OmyJC18ROGR    (0)    2 :  0.072 0.619 0.144 0.129 0.036 
583 OmyJC18ROGR    (1)    2 :  0.056 0.109 0.283 0.299 0.254 
584 OmyJC18ROGR    (2)    2 :  0.292 0.053 0.055 0.444 0.156 
585 OmyJC18ROGR    (1)    2 :  0.181 0.154 0.066 0.573 0.026 
586 OmyJC18ROGR    (0)    2 :  0.557 0.069 0.087 0.209 0.078 
587 OmyJC18ROGR    (1)    2 :  0.028 0.471 0.242 0.107 0.153 
588 OmyJC18ROGR    (0)    2 :  0.417 0.063 0.160 0.266 0.093 
589 OmyJC18ROGR    (2)    2 :  0.028 0.059 0.076 0.039 0.798 
590 OmyJC18ROGR    (2)    2 :  0.129 0.256 0.391 0.063 0.161 
591 OmyJC18ROGR    (1)    2 :  0.403 0.089 0.100 0.274 0.134 
592 OmyJC18ROGR    (1)    2 :  0.036 0.236 0.415 0.159 0.154 
593 OmyJC18ROGR    (1)    2 :  0.262 0.384 0.079 0.222 0.052 
594 OmyJC18ROGR    (3)    2 :  0.035 0.446 0.141 0.289 0.089 
595 OmyJC18ROGR    (1)    2 :  0.088 0.081 0.059 0.694 0.077 
596 OmyJC18ROGR    (1)    2 :  0.091 0.464 0.261 0.125 0.059 
597 OmyJC18ROGR    (1)    2 :  0.062 0.431 0.069 0.400 0.039 
598 OmyJC18ROGR    (1)    2 :  0.594 0.085 0.125 0.125 0.071 
599 OmyJC18ROGR    (1)    2 :  0.078 0.100 0.235 0.272 0.316 
600 OmyJC18ROGR    (2)    2 :  0.040 0.119 0.365 0.108 0.368 
601 OmyJC18ROGR    (7)    2 :  0.019 0.050 0.134 0.101 0.696 
602 OmyJC18ROGR    (3)    2 :  0.080 0.653 0.139 0.089 0.039 
603 OmyJC18ROGR    (1)    2 :  0.045 0.236 0.232 0.206 0.281 
604 OmyJC18ROGR    (1)    2 :  0.057 0.182 0.149 0.424 0.187 
605 OmyJC18ROGR    (1)    2 :  0.033 0.206 0.061 0.125 0.575 
606 OmyJC18ROGR    (1)    2 :  0.397 0.133 0.074 0.351 0.044 
