

----------------------------------------------------
STRUCTURE by Pritchard, Stephens and Donnelly (2000)
     and Falush, Stephens and Pritchard (2003)
       Code by Pritchard, Falush and Hubisz
             Version 2.3.4 (Jul 2012)
----------------------------------------------------



Command line arguments:   bin/structure -m "/Users/ddayan/FRA/premature_migration/Rogue_Half-Pounder/rogue_half_pounder_repo/structure/halfpounder/10k_20k_adm_corr_rep2/mainparams" -e "/Users/ddayan/FRA/premature_migration/Rogue_Half-Pounder/rogue_half_pounder_repo/structure/halfpounder/10k_20k_adm_corr_rep2/extraparams" 
Input File:    /Users/ddayan/FRA/premature_migration/Rogue_Half-Pounder/rogue_half_pounder_repo/structure/halfpounder/project_data

Run parameters:
   882 individuals
   330 loci
   5 populations assumed
   10000 Burn-in period
   20000 Reps


--------------------------------------------
Proportion of membership of each pre-defined
 population in each of the 5 clusters

Given    Inferred Clusters                     Number of
 Pop       1      2      3      4      5      Individuals

  1:     0.201  0.236  0.178  0.193  0.192      157
  2:     0.210  0.201  0.185  0.193  0.211      643
  3:     0.308  0.219  0.083  0.055  0.334       40
  4:     0.066  0.096  0.712  0.046  0.081       42
--------------------------------------------

Allele-freq. divergence among pops (Net nucleotide distance),
computed using point estimates of P.

      1       2       3       4       5      
 1      -    0.0012  0.0038  0.0083  0.0013  
 2   0.0012     -    0.0033  0.0081  0.0015  
 3   0.0038  0.0033     -    0.0109  0.0039  
 4   0.0083  0.0081  0.0109     -    0.0083  
 5   0.0013  0.0015  0.0039  0.0083     -    

Average distances (expected heterozygosity) between individuals in same cluster:
cluster  1  : 0.2854 
cluster  2  : 0.2854 
cluster  3  : 0.2801 
cluster  4  : 0.2539 
cluster  5  : 0.2857 

--------------------------------------------
Estimated Ln Prob of Data   = -247520.9
Mean value of ln likelihood = -246109.5
Variance of ln likelihood   = 2822.8
Mean value of alpha         = 0.1885

Mean value of Fst_1         = 0.0118
Mean value of Fst_2         = 0.0110
Mean value of Fst_3         = 0.0266
Mean value of Fst_4         = 0.0718
Mean value of Fst_5         = 0.0135


Inferred ancestry of individuals:
        Label (%Miss) Pop:  Inferred clusters
  1 OmyAC19ROGR    (0)    1 :  0.384 0.195 0.289 0.015 0.117 
  2 OmyAC19ROGR    (1)    1 :  0.189 0.483 0.186 0.072 0.069 
  3 OmyAC19ROGR    (1)    1 :  0.503 0.269 0.144 0.045 0.039 
  4 OmyAC19ROGR    (1)    1 :  0.314 0.189 0.130 0.027 0.341 
  5 OmyAC19ROGR    (2)    1 :  0.018 0.020 0.014 0.935 0.013 
  6 OmyAC19ROGR    (1)    1 :  0.542 0.082 0.045 0.249 0.081 
  7 OmyAC19ROGR    (1)    1 :  0.225 0.147 0.144 0.205 0.279 
  8 OmyAC19ROGR    (0)    1 :  0.071 0.619 0.131 0.016 0.163 
  9 OmyAC19ROGR    (1)    1 :  0.455 0.161 0.157 0.182 0.044 
 10 OmyAC19ROGR    (1)    1 :  0.067 0.196 0.119 0.490 0.128 
 11 OmyAC19ROGR    (0)    1 :  0.436 0.099 0.125 0.109 0.232 
 12 OmyAC19ROGR    (0)    1 :  0.636 0.076 0.068 0.122 0.098 
 13 OmyAC19ROGR    (1)    1 :  0.085 0.337 0.132 0.032 0.415 
 14 OmyAC19ROGR    (1)    1 :  0.144 0.069 0.023 0.438 0.326 
 15 OmyAC19ROGR    (2)    1 :  0.105 0.042 0.034 0.438 0.382 
 16 OmyAC19ROGR    (1)    1 :  0.171 0.202 0.137 0.120 0.370 
 17 OmyAC19ROGR    (1)    1 :  0.150 0.639 0.019 0.093 0.099 
 18 OmyAC19ROGR    (2)    1 :  0.078 0.489 0.188 0.026 0.219 
 19 OmyAC19ROGR    (1)    1 :  0.056 0.252 0.096 0.050 0.546 
 20 OmyAC19ROGR    (1)    1 :  0.289 0.130 0.020 0.230 0.331 
 21 OmyAC19ROGR    (1)    1 :  0.106 0.504 0.076 0.185 0.129 
 22 OmyAC19ROGR    (1)    1 :  0.186 0.223 0.362 0.072 0.158 
 23 OmyAC19ROGR    (1)    1 :  0.236 0.428 0.113 0.159 0.064 
 24 OmyAC19ROGR    (1)    1 :  0.080 0.040 0.823 0.017 0.039 
 25 OmyAC19ROGR    (1)    1 :  0.124 0.255 0.078 0.215 0.328 
 26 OmyAC19ROGR    (1)    1 :  0.138 0.321 0.320 0.111 0.110 
 27 OmyAC19ROGR    (1)    1 :  0.185 0.090 0.053 0.052 0.619 
 28 OmyAC19ROGR    (1)    1 :  0.037 0.032 0.882 0.020 0.029 
 29 OmyAC19ROGR    (1)    1 :  0.233 0.420 0.126 0.048 0.173 
 30 OmyAC19ROGR    (1)    1 :  0.071 0.162 0.052 0.646 0.069 
 31 OmyAC19ROGR    (1)    1 :  0.255 0.446 0.140 0.037 0.122 
 32 OmyAC19ROGR    (1)    1 :  0.083 0.578 0.138 0.103 0.097 
 33 OmyAC19ROGR    (1)    1 :  0.188 0.171 0.362 0.148 0.130 
 34 OmyAC19ROGR    (1)    1 :  0.068 0.101 0.054 0.569 0.208 
 35 OmyAC19ROGR    (0)    1 :  0.093 0.533 0.185 0.076 0.114 
 36 OmyAC19ROGR    (1)    1 :  0.299 0.346 0.075 0.195 0.085 
 37 OmyAC19ROGR    (1)    1 :  0.122 0.071 0.552 0.102 0.153 
 38 OmyAC19ROGR    (1)    1 :  0.048 0.067 0.338 0.511 0.036 
 39 OmyAC19ROGR    (1)    1 :  0.060 0.756 0.038 0.089 0.058 
 40 OmyAC19ROGR    (0)    1 :  0.418 0.105 0.034 0.268 0.175 
 41 OmyAC19ROGR    (1)    1 :  0.291 0.132 0.090 0.041 0.447 
 42 OmyAC19ROGR    (1)    1 :  0.054 0.063 0.027 0.816 0.040 
 43 OmyAC19ROGR    (1)    1 :  0.301 0.473 0.128 0.043 0.055 
 44 OmyAC19ROGR    (7)    1 :  0.371 0.463 0.081 0.041 0.043 
 45 OmyAC19ROGR    (2)    1 :  0.175 0.104 0.295 0.344 0.083 
 46 OmyAC19ROGR    (1)    1 :  0.143 0.181 0.439 0.079 0.158 
 47 OmyAC19ROGR    (0)    1 :  0.093 0.031 0.764 0.060 0.051 
 48 OmyAC19ROGR    (1)    1 :  0.391 0.377 0.132 0.042 0.060 
 49 OmyAC19ROGR    (0)    1 :  0.222 0.193 0.334 0.040 0.211 
 50 OmyAC19ROGR    (1)    1 :  0.140 0.277 0.027 0.022 0.534 
 51 OmyAC19ROGR    (2)    1 :  0.089 0.058 0.055 0.727 0.070 
 52 OmyAC19ROGR    (1)    1 :  0.030 0.038 0.032 0.875 0.026 
 53 OmyAC19ROGR    (2)    1 :  0.145 0.101 0.658 0.030 0.066 
 54 OmyAC19ROGR    (1)    1 :  0.170 0.106 0.571 0.076 0.078 
 55 OmyAC19ROGR    (3)    1 :  0.118 0.603 0.052 0.091 0.136 
 56 OmyAC19ROGR    (1)    1 :  0.073 0.109 0.453 0.074 0.292 
 57 OmyAC19ROGR    (0)    1 :  0.103 0.189 0.622 0.021 0.066 
 58 OmyAC19ROGR    (1)    1 :  0.067 0.089 0.046 0.732 0.066 
 59 OmyAC19ROGR    (0)    1 :  0.133 0.153 0.572 0.025 0.117 
 60 OmyAC19ROGR    (2)    1 :  0.332 0.110 0.075 0.139 0.344 
 61 OmyAC19ROGR    (1)    1 :  0.101 0.100 0.521 0.062 0.215 
 62 OmyAC19ROGR    (1)    1 :  0.410 0.354 0.094 0.047 0.095 
 63 OmyAC19ROGR    (0)    1 :  0.173 0.119 0.397 0.216 0.095 
 64 OmyAC19ROGR    (3)    1 :  0.530 0.161 0.084 0.056 0.168 
 65 OmyAC19ROGR    (1)    1 :  0.120 0.302 0.092 0.059 0.426 
 66 OmyAC19ROGR    (4)    1 :  0.109 0.165 0.058 0.280 0.389 
 67 OmyAC19ROGR    (0)    1 :  0.097 0.092 0.293 0.037 0.481 
 68 OmyAC19ROGR    (2)    1 :  0.205 0.209 0.448 0.054 0.084 
 69 OmyAC19ROGR    (2)    1 :  0.055 0.131 0.503 0.235 0.076 
 70 OmyAC19ROGR    (1)    1 :  0.166 0.578 0.149 0.032 0.076 
 71 OmyAC19ROGR    (0)    1 :  0.158 0.473 0.101 0.037 0.231 
 72 OmyAC19ROGR    (5)    1 :  0.528 0.159 0.137 0.024 0.152 
 73 OmyAC19ROGR    (1)    1 :  0.069 0.427 0.236 0.225 0.043 
 74 OmyAC19ROGR    (1)    1 :  0.721 0.094 0.031 0.036 0.119 
 75 OmyAC19ROGR    (1)    1 :  0.083 0.259 0.328 0.116 0.213 
 76 OmyAC19ROGR    (1)    1 :  0.115 0.133 0.639 0.046 0.067 
 77 OmyAC19ROGR    (1)    1 :  0.025 0.019 0.017 0.916 0.023 
 78 OmyAC19ROGR    (1)    1 :  0.207 0.517 0.103 0.040 0.132 
 79 OmyAC19ROGR    (2)    1 :  0.088 0.626 0.114 0.052 0.121 
 80 OmyAC19ROGR    (2)    1 :  0.054 0.044 0.081 0.762 0.060 
 81 OmyAC19ROGR    (2)    1 :  0.216 0.105 0.098 0.418 0.162 
 82 OmyAC19ROGR    (1)    1 :  0.200 0.122 0.581 0.020 0.077 
 83 OmyAC19ROGR    (0)    1 :  0.121 0.408 0.262 0.046 0.163 
 84 OmyAC19ROGR    (1)    1 :  0.210 0.230 0.068 0.193 0.299 
 85 OmyAC19ROGR    (6)    1 :  0.104 0.554 0.122 0.030 0.190 
 86 OmyAC19ROGR    (1)    1 :  0.229 0.109 0.024 0.084 0.554 
 87 OmyAC19ROGR    (2)    1 :  0.362 0.120 0.336 0.033 0.149 
 88 OmyJC19ROGR    (0)    2 :  0.024 0.064 0.020 0.840 0.051 
 89 OmyJC19ROGR    (1)    2 :  0.133 0.326 0.068 0.060 0.414 
 90 OmyJC19ROGR    (1)    2 :  0.033 0.026 0.020 0.893 0.029 
 91 OmyJC19ROGR    (2)    2 :  0.259 0.102 0.346 0.015 0.279 
 92 OmyJC19ROGR    (1)    2 :  0.096 0.193 0.576 0.043 0.092 
 93 OmyJC19ROGR    (1)    2 :  0.061 0.106 0.774 0.019 0.039 
 94 OmyJC19ROGR    (1)    2 :  0.161 0.487 0.034 0.186 0.132 
 95 OmyJC19ROGR    (0)    2 :  0.220 0.458 0.031 0.210 0.082 
 96 OmyJC19ROGR    (2)    2 :  0.194 0.190 0.099 0.092 0.425 
 97 OmyJC19ROGR    (1)    2 :  0.032 0.040 0.772 0.128 0.027 
 98 OmyJC19ROGR    (0)    2 :  0.218 0.265 0.122 0.044 0.350 
 99 OmyJC19ROGR    (0)    2 :  0.095 0.077 0.456 0.102 0.272 
100 OmyJC19ROGR    (1)    2 :  0.101 0.719 0.074 0.030 0.076 
101 OmyJC19ROGR    (1)    2 :  0.096 0.179 0.128 0.519 0.078 
102 OmyJC19ROGR    (1)    2 :  0.124 0.157 0.048 0.073 0.598 
103 OmyJC19ROGR    (2)    2 :  0.164 0.328 0.158 0.198 0.153 
104 OmyJC19ROGR    (1)    2 :  0.118 0.207 0.513 0.039 0.123 
105 OmyJC19ROGR    (1)    2 :  0.140 0.025 0.571 0.190 0.074 
106 OmyJC19ROGR    (1)    2 :  0.017 0.015 0.037 0.915 0.015 
107 OmyJC19ROGR    (2)    2 :  0.106 0.071 0.088 0.083 0.652 
108 OmyJC19ROGR    (0)    2 :  0.164 0.184 0.290 0.057 0.306 
109 OmyJC19ROGR    (1)    2 :  0.230 0.159 0.029 0.209 0.373 
110 OmyJC19ROGR    (1)    2 :  0.101 0.110 0.520 0.186 0.083 
111 OmyJC19ROGR    (1)    2 :  0.111 0.157 0.477 0.082 0.173 
112 OmyJC19ROGR    (2)    2 :  0.251 0.391 0.056 0.112 0.189 
113 OmyJC19ROGR    (1)    2 :  0.103 0.121 0.039 0.526 0.211 
114 OmyJC19ROGR    (3)    2 :  0.134 0.643 0.070 0.038 0.115 
115 OmyJC19ROGR    (2)    2 :  0.465 0.071 0.381 0.053 0.029 
116 OmyJC19ROGR    (0)    2 :  0.129 0.653 0.061 0.076 0.081 
117 OmyJC19ROGR    (1)    2 :  0.145 0.393 0.060 0.204 0.199 
118 OmyJC19ROGR    (1)    2 :  0.090 0.493 0.158 0.034 0.224 
119 OmyJC19ROGR    (3)    2 :  0.166 0.181 0.055 0.056 0.541 
120 OmyJC19ROGR    (1)    2 :  0.050 0.062 0.820 0.015 0.054 
121 OmyJC19ROGR    (0)    2 :  0.203 0.463 0.041 0.050 0.243 
122 OmyJC19ROGR    (1)    2 :  0.215 0.321 0.207 0.064 0.192 
123 OmyJC19ROGR    (1)    2 :  0.201 0.200 0.241 0.020 0.338 
124 OmyJC19ROGR    (0)    2 :  0.562 0.187 0.044 0.112 0.094 
125 OmyJC19ROGR    (1)    2 :  0.162 0.142 0.556 0.099 0.040 
126 OmyJC19ROGR    (1)    2 :  0.137 0.101 0.047 0.662 0.052 
127 OmyJC19ROGR    (1)    2 :  0.048 0.046 0.057 0.055 0.794 
128 OmyJC19ROGR    (1)    2 :  0.063 0.074 0.731 0.034 0.097 
129 OmyJC19ROGR    (1)    2 :  0.070 0.567 0.087 0.202 0.074 
130 OmyJC19ROGR    (1)    2 :  0.550 0.269 0.036 0.063 0.081 
131 OmyJC19ROGR    (1)    2 :  0.200 0.509 0.133 0.073 0.084 
132 OmyJC19ROGR    (1)    2 :  0.148 0.100 0.518 0.056 0.178 
133 OmyJC19ROGR    (1)    2 :  0.143 0.655 0.071 0.029 0.103 
134 OmyJC19ROGR    (1)    2 :  0.091 0.115 0.055 0.056 0.683 
135 OmyJC19ROGR    (1)    2 :  0.023 0.035 0.891 0.020 0.031 
136 OmyJC19ROGR    (3)    2 :  0.122 0.422 0.113 0.041 0.302 
137 OmyJC19ROGR    (1)    2 :  0.445 0.085 0.044 0.213 0.214 
138 OmyJC19ROGR    (1)    2 :  0.081 0.175 0.022 0.679 0.042 
139 OmyJC19ROGR    (2)    2 :  0.238 0.600 0.061 0.022 0.078 
140 OmyJC19ROGR    (3)    2 :  0.083 0.591 0.052 0.091 0.183 
141 OmyJC19ROGR    (0)    2 :  0.087 0.294 0.138 0.358 0.124 
142 OmyJC19ROGR    (1)    2 :  0.141 0.129 0.207 0.337 0.186 
143 OmyJC19ROGR    (0)    2 :  0.108 0.130 0.661 0.059 0.042 
144 OmyJC19ROGR    (1)    2 :  0.091 0.817 0.044 0.012 0.037 
145 OmyJC19ROGR    (1)    2 :  0.676 0.075 0.039 0.025 0.185 
146 OmyJC19ROGR    (2)    2 :  0.085 0.221 0.564 0.061 0.069 
147 OmyJC19ROGR    (1)    2 :  0.154 0.088 0.096 0.049 0.614 
148 OmyJC19ROGR    (1)    2 :  0.260 0.119 0.194 0.019 0.408 
149 OmyJC19ROGR    (2)    2 :  0.105 0.178 0.331 0.073 0.312 
150 OmyJC19ROGR    (2)    2 :  0.099 0.128 0.495 0.059 0.219 
151 OmyJC19ROGR    (1)    2 :  0.055 0.633 0.122 0.082 0.107 
152 OmyJC19ROGR    (0)    2 :  0.530 0.058 0.118 0.058 0.236 
153 OmyJC19ROGR    (1)    2 :  0.027 0.029 0.842 0.032 0.070 
154 OmyJC19ROGR    (2)    2 :  0.336 0.163 0.049 0.074 0.378 
155 OmyJC19ROGR    (1)    2 :  0.244 0.279 0.237 0.091 0.150 
156 OmyJC19ROGR    (1)    2 :  0.350 0.090 0.171 0.129 0.260 
157 OmyJC19ROGR    (0)    2 :  0.405 0.196 0.218 0.072 0.109 
158 OmyJC19ROGR    (2)    2 :  0.132 0.276 0.150 0.021 0.421 
159 OmyJC19ROGR    (1)    2 :  0.417 0.191 0.040 0.039 0.313 
160 OmyJC19ROGR    (0)    2 :  0.158 0.104 0.214 0.057 0.466 
161 OmyJC19ROGR    (1)    2 :  0.218 0.191 0.408 0.035 0.147 
162 OmyJC19ROGR    (1)    2 :  0.178 0.163 0.214 0.078 0.367 
163 OmyJC19ROGR    (1)    2 :  0.151 0.070 0.596 0.042 0.140 
164 OmyJC19ROGR    (1)    2 :  0.352 0.207 0.063 0.023 0.356 
165 OmyJC19ROGR    (0)    2 :  0.412 0.199 0.206 0.023 0.160 
166 OmyJC19ROGR    (0)    2 :  0.571 0.143 0.059 0.046 0.181 
167 OmyJC19ROGR    (2)    2 :  0.184 0.128 0.341 0.088 0.259 
168 OmyJC19ROGR    (0)    2 :  0.064 0.693 0.059 0.058 0.127 
169 OmyJC19ROGR    (1)    2 :  0.024 0.015 0.013 0.922 0.026 
170 OmyJC19ROGR    (1)    2 :  0.105 0.103 0.658 0.064 0.070 
171 OmyJC19ROGR    (1)    2 :  0.232 0.343 0.090 0.034 0.301 
172 OmyJC19ROGR    (0)    2 :  0.051 0.137 0.291 0.404 0.116 
173 OmyJC19ROGR    (1)    2 :  0.033 0.015 0.022 0.904 0.026 
174 OmyJC19ROGR    (0)    2 :  0.599 0.190 0.103 0.032 0.076 
175 OmyJC19ROGR    (1)    2 :  0.187 0.585 0.059 0.027 0.143 
176 OmyJC19ROGR    (1)    2 :  0.040 0.135 0.506 0.046 0.273 
177 OmyJC19ROGR    (1)    2 :  0.095 0.038 0.804 0.015 0.049 
178 OmyJC19ROGR    (0)    2 :  0.408 0.100 0.023 0.046 0.423 
179 OmyJC19ROGR    (1)    2 :  0.158 0.198 0.502 0.024 0.119 
180 OmyJC19ROGR    (1)    2 :  0.038 0.078 0.051 0.804 0.029 
181 OmyJC19ROGR    (1)    2 :  0.407 0.226 0.066 0.041 0.260 
182 OmyJC19ROGR    (1)    2 :  0.086 0.657 0.042 0.125 0.089 
183 OmyJC19ROGR    (1)    2 :  0.290 0.331 0.092 0.035 0.253 
184 OmyJC19ROGR    (1)    2 :  0.057 0.172 0.101 0.522 0.148 
185 OmyJC19ROGR    (2)    2 :  0.027 0.892 0.034 0.010 0.037 
186 OmyJC19ROGR    (1)    2 :  0.098 0.358 0.403 0.093 0.048 
187 OmyJC19ROGR    (0)    2 :  0.814 0.047 0.046 0.023 0.070 
188 OmyJC19ROGR    (1)    2 :  0.149 0.633 0.094 0.046 0.077 
189 OmyJC19ROGR    (0)    2 :  0.073 0.423 0.239 0.142 0.123 
190 OmyJC19ROGR    (0)    2 :  0.080 0.090 0.615 0.048 0.166 
191 OmyJC19ROGR    (2)    2 :  0.188 0.084 0.638 0.038 0.052 
192 OmyJC19ROGR    (1)    2 :  0.044 0.038 0.018 0.033 0.867 
193 OmyJC19ROGR    (1)    2 :  0.331 0.160 0.123 0.113 0.272 
194 OmyJC19ROGR    (0)    2 :  0.039 0.043 0.042 0.015 0.861 
195 OmyJC19ROGR    (1)    2 :  0.056 0.065 0.017 0.797 0.064 
196 OmyJC19ROGR    (1)    2 :  0.720 0.187 0.028 0.025 0.041 
197 OmyJC19ROGR    (1)    2 :  0.145 0.256 0.424 0.054 0.121 
198 OmyJC19ROGR    (1)    2 :  0.053 0.046 0.054 0.756 0.090 
199 OmyJC19ROGR    (0)    2 :  0.148 0.663 0.048 0.027 0.114 
200 OmyJC19ROGR    (0)    2 :  0.088 0.111 0.713 0.052 0.035 
201 OmyJC19ROGR    (1)    2 :  0.281 0.115 0.076 0.026 0.501 
202 OmyJC19ROGR    (0)    2 :  0.043 0.039 0.835 0.014 0.069 
203 OmyJC19ROGR    (0)    2 :  0.463 0.163 0.114 0.038 0.221 
204 OmyJC19ROGR    (1)    2 :  0.263 0.215 0.176 0.058 0.289 
205 OmyJC19ROGR    (1)    2 :  0.635 0.121 0.079 0.095 0.070 
206 OmyJC19ROGR    (1)    2 :  0.038 0.054 0.033 0.832 0.043 
207 OmyJC19ROGR    (1)    2 :  0.387 0.105 0.078 0.213 0.216 
208 OmyJC19ROGR    (1)    2 :  0.322 0.310 0.061 0.038 0.269 
209 OmyJC19ROGR    (0)    2 :  0.061 0.178 0.168 0.526 0.066 
210 OmyJC19ROGR    (1)    2 :  0.036 0.024 0.012 0.904 0.023 
211 OmyJC19ROGR    (0)    2 :  0.205 0.321 0.070 0.159 0.245 
212 OmyJC19ROGR    (1)    2 :  0.105 0.055 0.370 0.221 0.250 
213 OmyJC19ROGR    (1)    2 :  0.477 0.337 0.082 0.034 0.071 
214 OmyJC19ROGR    (1)    2 :  0.729 0.041 0.042 0.048 0.140 
215 OmyJC19ROGR    (1)    2 :  0.036 0.076 0.045 0.026 0.817 
216 OmyJC19ROGR    (1)    2 :  0.051 0.050 0.026 0.843 0.030 
217 OmyJC19ROGR    (1)    2 :  0.141 0.114 0.084 0.353 0.308 
218 OmyJC19ROGR    (1)    2 :  0.268 0.100 0.530 0.033 0.070 
219 OmyJC19ROGR    (1)    2 :  0.285 0.150 0.029 0.115 0.421 
220 OmyJC19ROGR    (1)    2 :  0.128 0.164 0.097 0.013 0.597 
221 OmyJC19ROGR    (0)    2 :  0.529 0.126 0.035 0.247 0.064 
222 OmyJC19ROGR    (1)    2 :  0.286 0.181 0.232 0.037 0.265 
223 OmyJC19ROGR    (0)    2 :  0.440 0.144 0.099 0.068 0.250 
224 OmyJC19ROGR    (1)    2 :  0.186 0.176 0.085 0.022 0.531 
225 OmyJC19ROGR    (1)    2 :  0.026 0.020 0.016 0.924 0.015 
226 OmyJC19ROGR    (0)    2 :  0.110 0.589 0.032 0.177 0.093 
227 OmyJC19ROGR    (1)    2 :  0.036 0.029 0.038 0.878 0.018 
228 OmyJC19ROGR    (1)    2 :  0.532 0.130 0.039 0.043 0.256 
229 OmyJC19ROGR    (2)    2 :  0.332 0.478 0.106 0.028 0.055 
230 OmyJC19ROGR    (1)    2 :  0.310 0.173 0.218 0.204 0.095 
231 OmyJC19ROGR    (1)    2 :  0.460 0.254 0.039 0.066 0.181 
232 OmyJC19ROGR    (2)    2 :  0.251 0.458 0.139 0.041 0.112 
233 OmyJC19ROGR    (1)    2 :  0.311 0.180 0.087 0.106 0.316 
234 OmyJC19ROGR    (1)    2 :  0.026 0.022 0.019 0.908 0.025 
235 OmyJC19ROGR    (0)    2 :  0.050 0.064 0.079 0.498 0.309 
236 OmyJC19ROGR    (1)    2 :  0.216 0.056 0.267 0.025 0.437 
237 OmyJC19ROGR    (1)    2 :  0.175 0.158 0.175 0.097 0.395 
238 OmyJC19ROGR    (0)    2 :  0.258 0.053 0.042 0.120 0.527 
239 OmyJC19ROGR    (1)    2 :  0.038 0.206 0.048 0.082 0.626 
240 OmyJC19ROGR    (1)    2 :  0.344 0.460 0.063 0.038 0.096 
241 OmyJC19ROGR    (0)    2 :  0.084 0.267 0.464 0.063 0.121 
242 OmyJC19ROGR    (1)    2 :  0.037 0.085 0.111 0.016 0.751 
243 OmyJC19ROGR    (1)    2 :  0.243 0.156 0.391 0.054 0.155 
244 OmyJC19ROGR    (1)    2 :  0.425 0.153 0.277 0.061 0.084 
245 OmyJC19ROGR    (0)    2 :  0.016 0.019 0.018 0.925 0.021 
246 OmyJC19ROGR    (1)    2 :  0.082 0.069 0.582 0.177 0.090 
247 OmyJC19ROGR    (0)    2 :  0.153 0.128 0.117 0.502 0.101 
248 OmyJC19ROGR    (1)    2 :  0.066 0.339 0.060 0.489 0.046 
249 OmyJC19ROGR    (1)    2 :  0.592 0.200 0.040 0.060 0.108 
250 OmyJC19ROGR    (0)    2 :  0.176 0.411 0.112 0.103 0.198 
251 OmyJC19ROGR    (1)    2 :  0.384 0.173 0.087 0.056 0.300 
252 OmyJC19ROGR    (0)    2 :  0.095 0.056 0.780 0.033 0.036 
253 OmyJC19ROGR    (0)    2 :  0.077 0.680 0.036 0.057 0.150 
254 OmyJC19ROGR    (1)    2 :  0.257 0.149 0.380 0.053 0.162 
255 OmyJC19ROGR    (1)    2 :  0.301 0.076 0.546 0.025 0.053 
256 OmyJC19ROGR    (1)    2 :  0.250 0.048 0.318 0.298 0.086 
257 OmyJC19ROGR    (0)    2 :  0.565 0.257 0.059 0.066 0.054 
258 OmyAC19ROGR    (1)    1 :  0.234 0.222 0.170 0.236 0.138 
259 OmyAC19ROGR    (2)    1 :  0.079 0.154 0.104 0.486 0.177 
260 OmyAC19ROGR    (1)    1 :  0.080 0.326 0.087 0.026 0.482 
261 OmyAC19ROGR    (0)    1 :  0.240 0.532 0.043 0.047 0.138 
262 OmyAC19ROGR    (1)    1 :  0.171 0.347 0.188 0.129 0.165 
263 OmyAC19ROGR    (0)    1 :  0.210 0.074 0.514 0.037 0.165 
264 OmyAC19ROGR    (1)    1 :  0.430 0.215 0.072 0.069 0.213 
265 OmyAC19ROGR    (1)    1 :  0.244 0.104 0.132 0.043 0.477 
266 OmyAC19ROGR    (1)    1 :  0.709 0.158 0.046 0.018 0.069 
267 OmyAC19ROGR    (1)    1 :  0.152 0.400 0.092 0.161 0.195 
268 OmyAC19ROGR    (2)    1 :  0.163 0.209 0.395 0.144 0.089 
269 OmyAC19ROGR    (1)    1 :  0.097 0.619 0.060 0.140 0.085 
270 OmyAC19ROGR    (1)    1 :  0.267 0.128 0.519 0.035 0.051 
271 OmyAC19ROGR    (1)    1 :  0.079 0.466 0.071 0.274 0.109 
272 OmyAC19ROGR    (0)    1 :  0.387 0.208 0.037 0.192 0.176 
273 OmyAC19ROGR    (0)    1 :  0.083 0.553 0.081 0.046 0.237 
274 OmyAC19ROGR    (1)    1 :  0.061 0.089 0.037 0.779 0.035 
275 OmyAC19ROGR    (1)    1 :  0.160 0.132 0.236 0.126 0.346 
276 OmyAC19ROGR    (1)    1 :  0.186 0.237 0.062 0.050 0.465 
277 OmyAC19ROGR    (1)    1 :  0.256 0.472 0.044 0.072 0.157 
278 OmyAC19ROGR    (1)    1 :  0.262 0.122 0.053 0.328 0.234 
279 OmyAC19ROGR    (0)    1 :  0.122 0.141 0.052 0.199 0.486 
280 OmyAC19ROGR    (1)    1 :  0.222 0.219 0.366 0.132 0.061 
281 OmyAC19ROGR    (1)    1 :  0.119 0.645 0.041 0.052 0.143 
282 OmyAC19ROGR    (1)    1 :  0.209 0.283 0.131 0.186 0.191 
283 OmyAC19ROGR    (1)    1 :  0.241 0.316 0.064 0.059 0.321 
284 OmyAC19ROGR    (0)    1 :  0.576 0.135 0.139 0.031 0.118 
285 OmyAC19ROGR    (1)    1 :  0.134 0.194 0.265 0.057 0.350 
286 OmyAC19ROGR    (1)    1 :  0.171 0.224 0.151 0.025 0.428 
287 OmyAC19ROGR    (1)    1 :  0.012 0.015 0.009 0.952 0.013 
288 OmyAC19ROGR    (1)    1 :  0.046 0.065 0.051 0.726 0.113 
289 OmyAC19ROGR    (1)    1 :  0.133 0.418 0.055 0.118 0.277 
290 OmyAC19ROGR    (1)    1 :  0.020 0.018 0.020 0.919 0.023 
291 OmyAC19ROGR    (1)    1 :  0.165 0.091 0.217 0.432 0.095 
292 OmyAC19ROGR    (1)    1 :  0.125 0.463 0.062 0.235 0.115 
293 OmyAC19ROGR    (1)    1 :  0.089 0.155 0.628 0.037 0.091 
294 OmyAC19ROGR    (1)    1 :  0.264 0.136 0.043 0.192 0.365 
295 OmyAC19ROGR    (0)    1 :  0.243 0.390 0.134 0.029 0.204 
296 OmyAC19ROGR    (0)    1 :  0.186 0.082 0.106 0.031 0.595 
297 OmyAC19ROGR    (1)    1 :  0.055 0.064 0.029 0.794 0.058 
298 OmyAC19ROGR    (0)    1 :  0.364 0.069 0.043 0.021 0.502 
299 OmyAC19ROGR    (1)    1 :  0.097 0.057 0.285 0.210 0.351 
300 OmyAC19ROGR    (1)    1 :  0.207 0.429 0.087 0.046 0.232 
301 OmyAC19ROGR    (0)    1 :  0.035 0.036 0.021 0.881 0.027 
302 OmyAC19ROGR    (1)    1 :  0.177 0.080 0.045 0.462 0.236 
303 OmyAC19ROGR    (1)    1 :  0.079 0.588 0.041 0.115 0.177 
304 OmyAC19ROGR    (1)    1 :  0.097 0.130 0.078 0.146 0.549 
305 OmyAC19ROGR    (1)    1 :  0.188 0.280 0.089 0.030 0.413 
306 OmyAC19ROGR    (1)    1 :  0.175 0.123 0.019 0.624 0.060 
307 OmyAC19ROGR    (2)    1 :  0.238 0.312 0.212 0.022 0.215 
308 OmyAC19ROGR    (0)    1 :  0.255 0.255 0.059 0.133 0.299 
309 OmyAC19ROGR    (2)    1 :  0.027 0.022 0.018 0.907 0.026 
310 OmyAC19ROGR    (0)    1 :  0.117 0.231 0.064 0.435 0.154 
311 OmyAC19ROGR    (0)    1 :  0.056 0.081 0.055 0.481 0.327 
312 OmyAC19ROGR    (0)    1 :  0.106 0.150 0.578 0.042 0.125 
313 OmyAC19ROGR    (1)    1 :  0.280 0.075 0.138 0.017 0.489 
314 OmyAC19ROGR    (0)    1 :  0.087 0.141 0.618 0.050 0.103 
315 OmyAC19ROGR    (1)    1 :  0.257 0.481 0.079 0.060 0.124 
316 OmyAC19ROGR    (1)    1 :  0.333 0.170 0.073 0.041 0.383 
317 OmyAC19ROGR    (1)    1 :  0.040 0.618 0.221 0.037 0.083 
318 OmyAC19ROGR    (1)    1 :  0.208 0.224 0.438 0.035 0.095 
319 OmyAC19ROGR    (1)    1 :  0.134 0.349 0.127 0.019 0.370 
320 OmyAC19ROGR    (0)    1 :  0.631 0.042 0.071 0.014 0.242 
321 OmyAC19ROGR    (1)    1 :  0.359 0.242 0.078 0.031 0.291 
322 OmyAC19ROGR    (0)    1 :  0.140 0.386 0.045 0.319 0.110 
323 OmyAC19ROGR    (1)    1 :  0.476 0.124 0.022 0.025 0.352 
324 OmyAC19ROGR    (1)    1 :  0.716 0.073 0.114 0.023 0.074 
325 OmyAC19ROGR    (1)    1 :  0.151 0.362 0.037 0.380 0.070 
326 OmyAC19ROGR    (1)    1 :  0.490 0.232 0.052 0.058 0.169 
327 OmyAC19ROGR    (1)    1 :  0.584 0.054 0.115 0.034 0.212 
328 OmyJC18ROGR    (1)    2 :  0.131 0.070 0.631 0.048 0.121 
329 OmyJC18ROGR    (0)    2 :  0.398 0.390 0.052 0.050 0.110 
330 OmyJC18ROGR    (0)    2 :  0.676 0.157 0.024 0.064 0.080 
331 OmyJC18ROGR    (1)    2 :  0.103 0.051 0.059 0.664 0.123 
332 OmyJC18ROGR    (1)    2 :  0.050 0.101 0.048 0.705 0.096 
333 OmyJC18ROGR    (1)    2 :  0.029 0.081 0.026 0.821 0.041 
334 OmyJC18ROGR    (1)    2 :  0.422 0.177 0.180 0.169 0.053 
335 OmyJC18ROGR    (0)    2 :  0.211 0.109 0.469 0.028 0.184 
336 OmyJC18ROGR    (1)    2 :  0.030 0.044 0.028 0.863 0.034 
337 OmyJC18ROGR    (1)    2 :  0.287 0.383 0.047 0.040 0.243 
338 OmyJC18ROGR    (1)    2 :  0.035 0.028 0.015 0.858 0.064 
339 OmyJC18ROGR    (1)    2 :  0.139 0.719 0.036 0.035 0.071 
340 OmyJC18ROGR    (0)    2 :  0.130 0.079 0.512 0.142 0.137 
341 OmyJC18ROGR    (1)    2 :  0.122 0.130 0.226 0.015 0.507 
342 OmyJC18ROGR    (2)    2 :  0.161 0.130 0.089 0.362 0.258 
343 OmyJC18ROGR    (2)    2 :  0.165 0.149 0.204 0.332 0.149 
344 OmyJC18ROGR    (3)    2 :  0.053 0.195 0.111 0.455 0.186 
345 OmyJC18ROGR    (2)    2 :  0.096 0.057 0.090 0.669 0.088 
346 OmyJC18ROGR    (4)    2 :  0.841 0.076 0.021 0.016 0.047 
347 OmyJC18ROGR    (3)    2 :  0.133 0.358 0.040 0.042 0.428 
348 OmyJC18ROGR    (1)    2 :  0.206 0.451 0.065 0.148 0.129 
349 OmyJC18ROGR    (1)    2 :  0.144 0.129 0.048 0.028 0.652 
350 OmyJC18ROGR    (1)    2 :  0.191 0.128 0.032 0.047 0.603 
351 OmyJC18ROGR    (0)    2 :  0.034 0.110 0.032 0.720 0.104 
352 OmyJC18ROGR    (4)    2 :  0.164 0.065 0.076 0.374 0.321 
353 OmyJC18ROGR    (2)    2 :  0.330 0.219 0.134 0.175 0.142 
354 OmyJC18ROGR    (1)    2 :  0.180 0.633 0.042 0.062 0.082 
355 OmyJC18ROGR    (2)    2 :  0.385 0.428 0.060 0.039 0.088 
356 OmyJC18ROGR    (1)    2 :  0.211 0.092 0.471 0.040 0.187 
357 OmyJC18ROGR    (2)    2 :  0.036 0.044 0.236 0.640 0.043 
358 OmyJC18ROGR    (2)    2 :  0.174 0.289 0.322 0.019 0.195 
359 OmyJC18ROGR    (3)    2 :  0.098 0.292 0.081 0.074 0.455 
360 OmyJC18ROGR    (0)    2 :  0.143 0.362 0.348 0.051 0.096 
361 OmyJC18ROGR    (1)    2 :  0.779 0.071 0.039 0.019 0.093 
362 OmyJC18ROGR    (1)    2 :  0.420 0.148 0.074 0.165 0.192 
363 OmyJC18ROGR    (2)    2 :  0.184 0.325 0.175 0.211 0.106 
364 OmyJC18ROGR    (3)    2 :  0.108 0.123 0.062 0.018 0.689 
365 OmyJC18ROGR    (4)    2 :  0.362 0.357 0.034 0.034 0.213 
366 OmyJC18ROGR    (4)    2 :  0.176 0.149 0.351 0.040 0.284 
367 OmyJC18ROGR    (3)    2 :  0.097 0.065 0.030 0.759 0.050 
368 OmyJC18ROGR    (3)    2 :  0.137 0.212 0.067 0.368 0.216 
369 OmyJC18ROGR    (2)    2 :  0.148 0.459 0.265 0.062 0.065 
370 OmyJC18ROGR    (3)    2 :  0.343 0.262 0.092 0.049 0.255 
371 OmyJC18ROGR    (1)    2 :  0.250 0.414 0.114 0.033 0.188 
372 OmyJC18ROGR    (3)    2 :  0.157 0.212 0.110 0.093 0.428 
373 OmyJC18ROGR    (5)    2 :  0.181 0.133 0.514 0.100 0.073 
374 OmyJC18ROGR    (5)    2 :  0.052 0.079 0.750 0.022 0.096 
375 OmyJC18ROGR    (3)    2 :  0.354 0.347 0.047 0.098 0.155 
376 OmyJC18ROGR    (3)    2 :  0.028 0.035 0.023 0.878 0.036 
377 OmyJC18ROGR    (4)    2 :  0.133 0.158 0.411 0.216 0.082 
378 OmyJC18ROGR    (0)    2 :  0.080 0.201 0.193 0.067 0.458 
379 OmyJC18ROGR    (5)    2 :  0.231 0.093 0.129 0.091 0.456 
380 OmyJC18ROGR    (4)    2 :  0.212 0.439 0.158 0.121 0.071 
381 OmyJC18ROGR    (1)    2 :  0.130 0.471 0.093 0.051 0.255 
382 OmyJC18ROGR    (1)    2 :  0.220 0.226 0.122 0.032 0.399 
383 OmyJC18ROGR    (3)    2 :  0.173 0.280 0.065 0.430 0.051 
384 OmyJC18ROGR    (2)    2 :  0.137 0.042 0.025 0.151 0.646 
385 OmyJC18ROGR    (4)    2 :  0.614 0.176 0.028 0.047 0.135 
386 OmyJC18ROGR    (2)    2 :  0.190 0.105 0.037 0.350 0.318 
387 OmyJC18ROGR    (1)    2 :  0.143 0.121 0.263 0.289 0.184 
388 OmyJC18ROGR    (6)    2 :  0.078 0.490 0.296 0.054 0.082 
389 OmyJC18ROGR    (1)    2 :  0.267 0.326 0.050 0.135 0.221 
390 OmyJC18ROGR    (1)    2 :  0.356 0.155 0.075 0.063 0.351 
391 OmyJC18ROGR    (3)    2 :  0.033 0.033 0.056 0.852 0.026 
392 OmyJC18ROGR    (2)    2 :  0.258 0.213 0.282 0.036 0.212 
393 OmyJC18ROGR    (4)    2 :  0.082 0.054 0.748 0.076 0.040 
394 OmyJC18ROGR    (3)    2 :  0.068 0.079 0.031 0.753 0.069 
395 OmyJC18ROGR    (7)    2 :  0.108 0.270 0.343 0.199 0.081 
396 OmyJC18ROGR    (4)    2 :  0.083 0.060 0.183 0.558 0.116 
397 OmyJC18ROGR    (1)    2 :  0.350 0.281 0.112 0.057 0.200 
398 OmyJC18ROGR    (3)    2 :  0.460 0.170 0.111 0.189 0.071 
399 OmyJC18ROGR    (2)    2 :  0.130 0.249 0.241 0.308 0.071 
400 OmyJC18ROGR    (0)    2 :  0.440 0.146 0.081 0.054 0.278 
401 OmyJC18ROGR    (6)    2 :  0.127 0.098 0.656 0.064 0.055 
402 OmyJC18ROGR    (5)    2 :  0.152 0.202 0.402 0.206 0.038 
403 OmyJC18ROGR    (1)    2 :  0.177 0.320 0.231 0.143 0.128 
404 OmyJC18ROGR    (2)    2 :  0.172 0.532 0.035 0.106 0.155 
405 OmyJC18ROGR    (3)    2 :  0.340 0.097 0.096 0.035 0.432 
406 OmyJC18ROGR    (2)    2 :  0.377 0.295 0.047 0.043 0.238 
407 OmyJC18ROGR    (2)    2 :  0.074 0.047 0.235 0.092 0.552 
408 OmyJC18ROGR    (2)    2 :  0.118 0.045 0.253 0.099 0.485 
409 OmyJC18ROGR    (1)    2 :  0.366 0.167 0.286 0.035 0.145 
410 OmyJC18ROGR    (1)    2 :  0.544 0.081 0.058 0.024 0.293 
411 OmyJC18ROGR    (1)    2 :  0.297 0.552 0.064 0.034 0.054 
412 OmyJC18ROGR    (0)    2 :  0.277 0.171 0.038 0.024 0.490 
413 OmyJC18ROGR    (1)    2 :  0.801 0.080 0.025 0.032 0.062 
414 OmyJC18ROGR    (2)    2 :  0.127 0.454 0.059 0.025 0.334 
415 OmyJC18ROGR    (2)    2 :  0.501 0.310 0.128 0.016 0.046 
416 OmyJC18ROGR    (3)    2 :  0.264 0.482 0.045 0.068 0.140 
417 OmyJC18ROGR    (1)    2 :  0.363 0.072 0.339 0.052 0.175 
418 OmyJC18ROGR    (0)    2 :  0.150 0.053 0.731 0.036 0.029 
419 OmyJC18ROGR    (1)    2 :  0.322 0.219 0.312 0.025 0.123 
420 OmyJC18ROGR    (0)    2 :  0.716 0.175 0.033 0.029 0.047 
421 OmyJC18ROGR    (1)    2 :  0.205 0.198 0.058 0.063 0.475 
422 OmyJC18ROGR    (6)    2 :  0.069 0.796 0.047 0.037 0.051 
423 OmyJC18ROGR    (2)    2 :  0.592 0.164 0.101 0.050 0.093 
424 OmyJC18ROGR    (1)    2 :  0.421 0.067 0.185 0.224 0.103 
425 OmyJC18ROGR    (1)    2 :  0.289 0.210 0.042 0.292 0.166 
426 OmyJC18ROGR    (3)    2 :  0.461 0.121 0.152 0.035 0.231 
427 OmyJC18ROGR    (2)    2 :  0.086 0.117 0.023 0.592 0.182 
428 OmyJC18ROGR    (6)    2 :  0.790 0.051 0.039 0.020 0.101 
429 OmyJC18ROGR    (1)    2 :  0.178 0.424 0.024 0.168 0.206 
430 OmyJC18ROGR    (1)    2 :  0.100 0.602 0.118 0.103 0.076 
431 OmyJC18ROGR    (0)    2 :  0.554 0.199 0.044 0.053 0.151 
432 OmyJC18ROGR    (2)    2 :  0.053 0.067 0.047 0.769 0.064 
433 OmyJC18ROGR    (2)    2 :  0.067 0.200 0.581 0.087 0.064 
434 OmyJC18ROGR    (2)    2 :  0.144 0.656 0.045 0.097 0.060 
435 OmyJC18ROGR    (8)    2 :  0.498 0.066 0.138 0.077 0.221 
436 OmyJC18ROGR    (2)    2 :  0.572 0.139 0.107 0.031 0.151 
437 OmyJC18ROGR    (4)    2 :  0.335 0.250 0.207 0.033 0.175 
438 OmyJC18ROGR    (1)    2 :  0.060 0.080 0.769 0.060 0.030 
439 OmyJC18ROGR    (2)    2 :  0.084 0.250 0.096 0.487 0.084 
440 OmyJC18ROGR    (0)    2 :  0.043 0.060 0.763 0.107 0.028 
441 OmyJC18ROGR    (1)    2 :  0.055 0.077 0.034 0.026 0.808 
442 OmyJC18ROGR    (6)    2 :  0.081 0.306 0.133 0.106 0.374 
443 OmyJC18ROGR    (1)    2 :  0.273 0.162 0.041 0.022 0.502 
444 OmyJC18ROGR    (6)    2 :  0.335 0.142 0.354 0.047 0.122 
445 OmyJC18ROGR    (2)    2 :  0.390 0.175 0.202 0.075 0.158 
446 OmyJC18ROGR    (3)    2 :  0.162 0.084 0.291 0.278 0.185 
447 OmyJC18ROGR    (2)    2 :  0.124 0.289 0.098 0.099 0.391 
448 OmyJC18ROGR    (3)    2 :  0.102 0.656 0.043 0.051 0.147 
449 OmyJC18ROGR    (1)    2 :  0.263 0.125 0.087 0.031 0.494 
450 OmyJC18ROGR    (4)    2 :  0.497 0.056 0.209 0.186 0.052 
451 OmyJC18ROGR    (3)    2 :  0.145 0.367 0.079 0.043 0.366 
452 OmyJC18ROGR    (1)    2 :  0.153 0.513 0.033 0.071 0.230 
453 OmyJC18ROGR    (1)    2 :  0.377 0.126 0.023 0.032 0.442 
454 OmyJC18ROGR    (4)    2 :  0.131 0.105 0.392 0.045 0.327 
455 OmyJC18ROGR    (4)    2 :  0.096 0.114 0.127 0.430 0.233 
456 OmyJC18ROGR    (5)    2 :  0.490 0.217 0.077 0.126 0.091 
457 OmyJC18ROGR    (3)    2 :  0.153 0.410 0.347 0.028 0.062 
458 OmyJC18ROGR    (1)    2 :  0.446 0.087 0.159 0.052 0.256 
459 OmyJC18ROGR    (1)    2 :  0.045 0.031 0.023 0.862 0.039 
460 OmyJC18ROGR    (2)    2 :  0.432 0.092 0.044 0.039 0.392 
461 OmyJC18ROGR    (1)    2 :  0.038 0.091 0.086 0.733 0.052 
462 OmyJC18ROGR    (1)    2 :  0.282 0.231 0.273 0.021 0.193 
463 OmyJC18ROGR    (4)    2 :  0.148 0.201 0.064 0.050 0.537 
464 OmyJC18ROGR    (6)    2 :  0.415 0.134 0.256 0.025 0.170 
465 OmyJC18ROGR    (3)    2 :  0.319 0.073 0.476 0.042 0.090 
466 OmyJC18ROGR    (3)    2 :  0.246 0.108 0.307 0.088 0.251 
467 OmyJC18ROGR    (2)    2 :  0.039 0.823 0.036 0.050 0.053 
468 OmyJC18ROGR    (2)    2 :  0.660 0.061 0.107 0.018 0.154 
469 OmyJC18ROGR    (1)    2 :  0.034 0.022 0.015 0.912 0.017 
470 OmyJC18ROGR    (0)    2 :  0.051 0.116 0.518 0.226 0.088 
471 OmyJC18ROGR    (2)    2 :  0.383 0.398 0.076 0.072 0.072 
472 OmyJC18ROGR    (2)    2 :  0.887 0.038 0.022 0.009 0.045 
473 OmyJC18ROGR    (1)    2 :  0.394 0.181 0.086 0.076 0.263 
474 OmyJC18ROGR    (3)    2 :  0.716 0.092 0.059 0.050 0.082 
475 OmyJC18ROGR    (1)    2 :  0.105 0.322 0.353 0.080 0.140 
476 OmyJC18ROGR    (2)    2 :  0.210 0.348 0.109 0.031 0.301 
477 OmyJC18ROGR    (0)    2 :  0.134 0.501 0.228 0.069 0.067 
478 OmyJC18ROGR    (1)    2 :  0.295 0.199 0.060 0.069 0.377 
479 OmyJC18ROGR    (1)    2 :  0.231 0.428 0.204 0.047 0.089 
480 OmyJC18ROGR    (1)    2 :  0.224 0.330 0.044 0.073 0.330 
481 OmyJC18ROGR    (1)    2 :  0.268 0.225 0.076 0.041 0.390 
482 OmyJC18ROGR    (1)    2 :  0.132 0.384 0.346 0.032 0.105 
483 OmyJC18ROGR    (0)    2 :  0.217 0.110 0.191 0.033 0.449 
484 OmyJC18ROGR    (0)    2 :  0.058 0.252 0.045 0.060 0.584 
485 OmyJC18ROGR    (0)    2 :  0.105 0.386 0.366 0.025 0.118 
486 OmyJC18ROGR    (0)    2 :  0.354 0.152 0.145 0.047 0.302 
487 OmyJC18ROGR    (1)    2 :  0.044 0.392 0.473 0.024 0.067 
488 OmyJC18ROGR    (1)    2 :  0.224 0.309 0.270 0.062 0.136 
489 OmyJC18ROGR    (1)    2 :  0.126 0.218 0.048 0.043 0.565 
490 OmyJC18ROGR    (0)    2 :  0.404 0.125 0.031 0.018 0.421 
491 OmyJC18ROGR    (0)    2 :  0.087 0.052 0.607 0.058 0.196 
492 OmyJC18ROGR    (5)    2 :  0.036 0.052 0.100 0.785 0.026 
493 OmyJC18ROGR    (1)    2 :  0.049 0.602 0.134 0.162 0.053 
494 OmyJC18ROGR    (3)    2 :  0.590 0.172 0.110 0.035 0.092 
495 OmyJC18ROGR    (1)    2 :  0.238 0.378 0.161 0.088 0.136 
496 OmyJC18ROGR    (1)    2 :  0.557 0.215 0.029 0.109 0.091 
497 OmyJC18ROGR    (1)    2 :  0.262 0.408 0.203 0.020 0.107 
498 OmyJC18ROGR    (1)    2 :  0.122 0.122 0.277 0.066 0.413 
499 OmyJC18ROGR    (1)    2 :  0.267 0.125 0.221 0.037 0.351 
500 OmyJC18ROGR    (1)    2 :  0.486 0.216 0.030 0.098 0.169 
501 OmyJC18ROGR    (2)    2 :  0.389 0.114 0.404 0.031 0.062 
502 OmyJC18ROGR    (1)    2 :  0.071 0.179 0.385 0.211 0.154 
503 OmyJC18ROGR    (2)    2 :  0.198 0.080 0.199 0.090 0.433 
504 OmyJC18ROGR    (2)    2 :  0.074 0.283 0.501 0.066 0.077 
505 OmyJC18ROGR    (2)    2 :  0.687 0.052 0.068 0.067 0.126 
506 OmyJC18ROGR    (3)    2 :  0.642 0.125 0.093 0.052 0.087 
507 OmyJC18ROGR    (1)    2 :  0.356 0.398 0.048 0.093 0.106 
508 OmyJC18ROGR    (7)    2 :  0.427 0.349 0.098 0.037 0.089 
509 OmyJC18ROGR    (1)    2 :  0.111 0.532 0.164 0.141 0.051 
510 OmyJC18ROGR    (1)    2 :  0.015 0.015 0.019 0.932 0.019 
511 OmyJC18ROGR    (2)    2 :  0.171 0.061 0.520 0.153 0.096 
512 OmyJC18ROGR    (1)    2 :  0.226 0.077 0.514 0.023 0.160 
513 OmyJC18ROGR    (3)    2 :  0.160 0.679 0.036 0.027 0.098 
514 OmyJC18ROGR    (1)    2 :  0.047 0.033 0.858 0.024 0.038 
515 OmyJC18ROGR    (5)    2 :  0.261 0.374 0.075 0.035 0.256 
516 OmyJC18ROGR    (3)    2 :  0.097 0.086 0.428 0.325 0.063 
517 OmyJC18ROGR    (1)    2 :  0.090 0.107 0.360 0.021 0.422 
518 OmyJC18ROGR    (1)    2 :  0.073 0.114 0.214 0.504 0.095 
519 OmyJC18ROGR    (0)    2 :  0.473 0.183 0.213 0.082 0.049 
520 OmyJC18ROGR    (0)    2 :  0.100 0.155 0.180 0.034 0.531 
521 OmyJC18ROGR    (2)    2 :  0.332 0.381 0.095 0.079 0.113 
522 OmyJC18ROGR    (2)    2 :  0.345 0.183 0.074 0.315 0.083 
523 OmyJC18ROGR    (1)    2 :  0.095 0.180 0.340 0.282 0.103 
524 OmyJC18ROGR    (3)    2 :  0.465 0.180 0.104 0.122 0.129 
525 OmyJC18ROGR    (1)    2 :  0.042 0.742 0.113 0.034 0.070 
526 OmyJC18ROGR    (7)    2 :  0.282 0.152 0.061 0.019 0.486 
527 OmyJC18ROGR    (4)    2 :  0.490 0.118 0.061 0.083 0.248 
528 OmyJC18ROGR    (1)    2 :  0.268 0.134 0.245 0.023 0.330 
529 OmyJC18ROGR    (2)    2 :  0.623 0.059 0.054 0.027 0.238 
530 OmyJC18ROGR    (1)    2 :  0.293 0.116 0.404 0.058 0.130 
531 OmyJC18ROGR    (2)    2 :  0.200 0.147 0.082 0.035 0.537 
532 OmyJC18ROGR    (2)    2 :  0.573 0.130 0.123 0.016 0.157 
533 OmyJC18ROGR    (5)    2 :  0.026 0.030 0.039 0.874 0.030 
534 OmyJC18ROGR    (2)    2 :  0.481 0.105 0.137 0.100 0.178 
535 OmyJC18ROGR    (3)    2 :  0.161 0.146 0.348 0.051 0.293 
536 OmyJC18ROGR    (0)    2 :  0.390 0.276 0.056 0.103 0.175 
537 OmyJC18ROGR    (3)    2 :  0.110 0.405 0.064 0.207 0.214 
538 OmyJC18ROGR    (1)    2 :  0.247 0.525 0.105 0.031 0.093 
539 OmyJC18ROGR    (1)    2 :  0.321 0.228 0.300 0.051 0.100 
540 OmyJC18ROGR    (1)    2 :  0.347 0.178 0.102 0.051 0.321 
541 OmyJC18ROGR    (5)    2 :  0.191 0.214 0.318 0.015 0.263 
542 OmyJC18ROGR    (4)    2 :  0.160 0.309 0.076 0.093 0.362 
543 OmyJC18ROGR    (2)    2 :  0.304 0.189 0.338 0.021 0.147 
544 OmyJC18ROGR    (2)    2 :  0.153 0.589 0.177 0.043 0.038 
545 OmyJC18ROGR    (2)    2 :  0.104 0.155 0.140 0.236 0.365 
546 OmyJC18ROGR    (1)    2 :  0.299 0.136 0.311 0.040 0.213 
547 OmyJC18ROGR    (1)    2 :  0.275 0.229 0.229 0.062 0.205 
548 OmyJC18ROGR    (1)    2 :  0.097 0.061 0.041 0.737 0.063 
549 OmyJC18ROGR    (1)    2 :  0.051 0.139 0.139 0.249 0.422 
550 OmyJC18ROGR    (2)    2 :  0.192 0.148 0.048 0.259 0.352 
551 OmyJC18ROGR    (4)    2 :  0.236 0.127 0.052 0.121 0.464 
552 OmyJC18ROGR    (6)    2 :  0.257 0.345 0.017 0.029 0.352 
553 OmyJC18ROGR    (3)    2 :  0.058 0.082 0.804 0.019 0.037 
554 OmyJC18ROGR    (1)    2 :  0.114 0.253 0.478 0.020 0.135 
555 OmyJC18ROGR    (4)    2 :  0.184 0.075 0.386 0.030 0.325 
556 OmyJC18ROGR    (2)    2 :  0.247 0.233 0.167 0.080 0.272 
557 OmyJC18ROGR    (0)    2 :  0.191 0.538 0.103 0.030 0.138 
558 OmyJC18ROGR    (2)    2 :  0.160 0.415 0.237 0.052 0.136 
559 OmyJC18ROGR    (3)    2 :  0.084 0.300 0.058 0.273 0.285 
560 OmyJC18ROGR    (6)    2 :  0.122 0.132 0.454 0.031 0.261 
561 OmyJC18ROGR    (1)    2 :  0.145 0.442 0.025 0.138 0.249 
562 OmyJC18ROGR    (2)    2 :  0.108 0.183 0.590 0.049 0.069 
563 OmyJC18ROGR    (2)    2 :  0.042 0.307 0.188 0.272 0.192 
564 OmyJC18ROGR    (1)    2 :  0.362 0.064 0.109 0.343 0.123 
565 OmyJC18ROGR    (1)    2 :  0.199 0.632 0.024 0.046 0.099 
566 OmyJC18ROGR    (1)    2 :  0.513 0.242 0.118 0.026 0.101 
567 OmyJC18ROGR    (1)    2 :  0.215 0.083 0.038 0.038 0.626 
568 OmyJC18ROGR    (1)    2 :  0.091 0.087 0.071 0.022 0.729 
569 OmyJC18ROGR    (3)    2 :  0.337 0.109 0.110 0.035 0.409 
570 OmyJC18ROGR    (1)    2 :  0.180 0.198 0.219 0.277 0.126 
571 OmyJC18ROGR    (2)    2 :  0.076 0.159 0.110 0.573 0.083 
572 OmyJC18ROGR    (5)    2 :  0.055 0.421 0.362 0.118 0.045 
573 OmyJC18ROGR    (5)    2 :  0.034 0.074 0.075 0.122 0.694 
574 OmyJC18ROGR    (1)    2 :  0.078 0.048 0.040 0.123 0.711 
575 OmyJC18ROGR    (2)    2 :  0.140 0.217 0.241 0.029 0.373 
576 OmyJC18ROGR    (0)    2 :  0.065 0.072 0.541 0.016 0.306 
577 OmyJC18ROGR    (1)    2 :  0.115 0.195 0.070 0.289 0.331 
578 OmyJC18ROGR    (1)    2 :  0.072 0.143 0.018 0.022 0.745 
579 OmyJC18ROGR    (2)    2 :  0.060 0.630 0.160 0.046 0.104 
580 OmyJC18ROGR    (1)    2 :  0.115 0.426 0.279 0.014 0.167 
581 OmyJC18ROGR    (1)    2 :  0.069 0.274 0.461 0.109 0.088 
582 OmyJC18ROGR    (0)    2 :  0.602 0.175 0.036 0.081 0.106 
583 OmyJC18ROGR    (1)    2 :  0.091 0.182 0.285 0.052 0.389 
584 OmyJC18ROGR    (2)    2 :  0.072 0.049 0.228 0.281 0.369 
585 OmyJC18ROGR    (1)    2 :  0.184 0.057 0.025 0.175 0.559 
586 OmyJC18ROGR    (0)    2 :  0.079 0.076 0.086 0.550 0.209 
587 OmyJC18ROGR    (1)    2 :  0.528 0.185 0.176 0.028 0.083 
588 OmyJC18ROGR    (0)    2 :  0.049 0.169 0.086 0.396 0.300 
589 OmyJC18ROGR    (2)    2 :  0.054 0.046 0.830 0.032 0.038 
590 OmyJC18ROGR    (2)    2 :  0.189 0.489 0.132 0.123 0.067 
591 OmyJC18ROGR    (1)    2 :  0.064 0.103 0.130 0.364 0.338 
592 OmyJC18ROGR    (1)    2 :  0.244 0.419 0.146 0.040 0.151 
593 OmyJC18ROGR    (1)    2 :  0.363 0.083 0.045 0.262 0.247 
594 OmyJC18ROGR    (3)    2 :  0.454 0.183 0.096 0.035 0.232 
595 OmyJC18ROGR    (1)    2 :  0.040 0.034 0.063 0.071 0.791 
596 OmyJC18ROGR    (1)    2 :  0.475 0.219 0.053 0.079 0.174 
597 OmyJC18ROGR    (1)    2 :  0.561 0.068 0.045 0.062 0.264 
598 OmyJC18ROGR    (1)    2 :  0.089 0.135 0.063 0.579 0.133 
599 OmyJC18ROGR    (1)    2 :  0.123 0.125 0.310 0.069 0.373 
600 OmyJC18ROGR    (2)    2 :  0.104 0.356 0.339 0.039 0.161 
601 OmyJC18ROGR    (7)    2 :  0.035 0.172 0.702 0.014 0.078 
602 OmyJC18ROGR    (3)    2 :  0.807 0.056 0.030 0.057 0.050 
603 OmyJC18ROGR    (1)    2 :  0.279 0.193 0.289 0.042 0.197 
604 OmyJC18ROGR    (1)    2 :  0.148 0.116 0.170 0.038 0.528 
605 OmyJC18ROGR    (1)    2 :  0.236 0.056 0.567 0.036 0.105 
606 OmyJC18ROGR    (1)    2 :  0.123 0.049 0.039 0.388 0.401 
