pop	clust1	clust2	clust3
fall	0.3798	0.0511	0.5691
fall	0.2309	0.2319	0.5372
fall	0.2620	0.1886	0.5494
fall	0.5197	0.0861	0.3943
fall	0.0422	0.9261	0.0317
fall	0.3801	0.4341	0.1859
fall	0.3089	0.3750	0.3160
fall	0.4555	0.0574	0.4871
fall	0.2315	0.3719	0.3966
fall	0.1859	0.5699	0.2442
fall	0.3977	0.2626	0.3398
fall	0.5076	0.2976	0.1947
fall	0.3934	0.1077	0.4988
fall	0.3581	0.5650	0.0769
fall	0.3411	0.5569	0.1020
fall	0.3471	0.2779	0.3750
fall	0.6896	0.2394	0.0710
fall	0.2548	0.0866	0.6586
fall	0.3975	0.1751	0.4274
fall	0.5472	0.3569	0.0959
fall	0.3215	0.3841	0.2943
fall	0.1866	0.1858	0.6276
fall	0.2851	0.3880	0.3269
fall	0.1086	0.0529	0.8385
fall	0.4301	0.3664	0.2034
fall	0.2461	0.2694	0.4845
fall	0.6860	0.1577	0.1563
fall	0.0722	0.0819	0.8459
fall	0.3826	0.1873	0.4301
fall	0.1636	0.7044	0.1321
fall	0.4478	0.1264	0.4258
fall	0.3112	0.2761	0.4127
fall	0.2240	0.2573	0.5187
fall	0.2305	0.6423	0.1273
fall	0.2343	0.2284	0.5373
fall	0.3571	0.3899	0.2530
fall	0.2301	0.2475	0.5224
fall	0.0899	0.5660	0.3441
fall	0.4091	0.3718	0.2191
fall	0.4857	0.4086	0.1057
fall	0.6705	0.1107	0.2187
fall	0.1152	0.8283	0.0565
fall	0.3986	0.1513	0.4501
fall	0.4316	0.1728	0.3956
fall	0.1705	0.4503	0.3792
fall	0.3133	0.1749	0.5118
fall	0.1274	0.1829	0.6897
fall	0.4982	0.1406	0.3612
fall	0.3586	0.1196	0.5218
fall	0.8000	0.0882	0.1117
fall	0.1256	0.7503	0.1240
fall	0.0686	0.8527	0.0787
fall	0.1726	0.0989	0.7285
fall	0.2034	0.1829	0.6137
fall	0.5678	0.2594	0.1728
fall	0.1958	0.2214	0.5828
fall	0.1979	0.0749	0.7272
fall	0.1312	0.7601	0.1087
fall	0.2781	0.0864	0.6355
fall	0.4349	0.3154	0.2497
fall	0.2459	0.1714	0.5827
fall	0.5187	0.1445	0.3368
fall	0.1738	0.3382	0.4880
fall	0.6051	0.1779	0.2170
fall	0.4887	0.1799	0.3314
fall	0.4035	0.4719	0.1246
fall	0.3270	0.1192	0.5538
fall	0.2090	0.1539	0.6372
fall	0.1000	0.3749	0.5251
fall	0.3337	0.1185	0.5478
fall	0.5020	0.1198	0.3781
fall	0.5494	0.0808	0.3698
fall	0.1309	0.4168	0.4523
fall	0.8084	0.0925	0.0991
fall	0.2595	0.2451	0.4954
fall	0.1478	0.1290	0.7232
fall	0.0550	0.9042	0.0408
fall	0.4980	0.1375	0.3646
fall	0.2758	0.1808	0.5434
fall	0.1171	0.7445	0.1384
fall	0.2238	0.5701	0.2060
fall	0.1932	0.0633	0.7435
fall	0.2558	0.1502	0.5940
fall	0.3714	0.4111	0.2175
fall	0.4231	0.1102	0.4668
fall	0.7176	0.2075	0.0749
fall	0.3049	0.1222	0.5729
half	0.0822	0.8610	0.0568
half	0.6030	0.1919	0.2050
half	0.0616	0.8795	0.0589
half	0.4509	0.0475	0.5017
half	0.1756	0.1370	0.6874
half	0.1230	0.0509	0.8261
half	0.4991	0.3761	0.1248
half	0.4396	0.4093	0.1510
half	0.4949	0.2296	0.2755
half	0.0713	0.2518	0.6769
half	0.5542	0.1344	0.3114
half	0.1628	0.2255	0.6117
half	0.4508	0.1449	0.4044
half	0.1391	0.5851	0.2758
half	0.6644	0.1970	0.1386
half	0.2293	0.3720	0.3987
half	0.1730	0.1013	0.7258
half	0.1301	0.3266	0.5433
half	0.0386	0.8924	0.0691
half	0.4926	0.2465	0.2610
half	0.2887	0.1614	0.5499
half	0.4697	0.4239	0.1064
half	0.1409	0.3247	0.5344
half	0.1511	0.1817	0.6672
half	0.6088	0.2405	0.1507
half	0.2406	0.6370	0.1224
half	0.4032	0.1749	0.4220
half	0.1773	0.1518	0.6708
half	0.4692	0.2661	0.2647
half	0.3804	0.4198	0.1999
half	0.4775	0.0981	0.4245
half	0.5835	0.1842	0.2323
half	0.1490	0.0453	0.8057
half	0.6659	0.1694	0.1647
half	0.3609	0.1760	0.4631
half	0.4113	0.0713	0.5174
half	0.5048	0.2824	0.2128
half	0.1672	0.2197	0.6131
half	0.1655	0.7121	0.1224
half	0.6167	0.1731	0.2102
half	0.1027	0.1028	0.7945
half	0.2432	0.4282	0.3285
half	0.7313	0.1565	0.1121
half	0.2578	0.2371	0.5050
half	0.1720	0.1382	0.6899
half	0.5339	0.1104	0.3557
half	0.5041	0.2232	0.2728
half	0.0698	0.0594	0.8708
half	0.5738	0.1144	0.3118
half	0.4887	0.3709	0.1404
half	0.1821	0.7483	0.0696
half	0.5941	0.0900	0.3159
half	0.5414	0.2542	0.2044
half	0.1892	0.5135	0.2972
half	0.2330	0.4557	0.3113
half	0.1237	0.1675	0.7088
half	0.6116	0.0592	0.3292
half	0.7283	0.0974	0.1743
half	0.1932	0.1534	0.6534
half	0.5264	0.1695	0.3041
half	0.5051	0.0647	0.4302
half	0.2444	0.2009	0.5548
half	0.1858	0.1578	0.6564
half	0.3438	0.2537	0.4024
half	0.4841	0.1765	0.3394
half	0.0816	0.1029	0.8155
half	0.6593	0.1936	0.1471
half	0.4023	0.2124	0.3852
half	0.4157	0.2646	0.3198
half	0.3215	0.1946	0.4838
half	0.5184	0.0748	0.4068
half	0.7394	0.1385	0.1221
half	0.3654	0.1692	0.4654
half	0.2549	0.1096	0.6354
half	0.3684	0.2051	0.4265
half	0.1739	0.1325	0.6936
half	0.7216	0.0830	0.1954
half	0.4815	0.0692	0.4494
half	0.6595	0.1657	0.1748
half	0.3346	0.2336	0.4319
half	0.5611	0.1896	0.2493
half	0.0514	0.9122	0.0364
half	0.1162	0.1500	0.7338
half	0.6860	0.0999	0.2141
half	0.1307	0.5103	0.3590
half	0.0532	0.8975	0.0493
half	0.5486	0.1369	0.3145
half	0.6243	0.0980	0.2777
half	0.1991	0.1382	0.6627
half	0.1339	0.0422	0.8239
half	0.8028	0.1240	0.0732
half	0.2254	0.0685	0.7061
half	0.0742	0.8153	0.1105
half	0.6060	0.1478	0.2462
half	0.4272	0.3620	0.2108
half	0.5392	0.1196	0.3412
half	0.1913	0.6332	0.1756
half	0.7103	0.0463	0.2434
half	0.1470	0.2206	0.6324
half	0.7423	0.0879	0.1698
half	0.4737	0.1705	0.3558
half	0.1895	0.3044	0.5061
half	0.1718	0.1443	0.6839
half	0.1652	0.1051	0.7297
half	0.8040	0.1162	0.0798
half	0.4317	0.2896	0.2787
half	0.7868	0.0605	0.1527
half	0.1242	0.8142	0.0616
half	0.7432	0.1144	0.1424
half	0.2248	0.1638	0.6114
half	0.1067	0.8001	0.0932
half	0.6672	0.1030	0.2299
half	0.1723	0.1455	0.6822
half	0.6605	0.0861	0.2534
half	0.1621	0.0411	0.7968
half	0.4177	0.1280	0.4544
half	0.5195	0.1525	0.3280
half	0.4598	0.2510	0.2892
half	0.0793	0.8382	0.0825
half	0.4489	0.3736	0.1775
half	0.6677	0.1238	0.2085
half	0.1284	0.6162	0.2554
half	0.0640	0.8952	0.0408
half	0.3950	0.3438	0.2612
half	0.1453	0.3600	0.4947
half	0.4397	0.1092	0.4511
half	0.6157	0.1790	0.2054
half	0.6526	0.1011	0.2463
half	0.1000	0.8403	0.0597
half	0.2891	0.5092	0.2017
half	0.1845	0.0944	0.7211
half	0.6372	0.2683	0.0945
half	0.5314	0.0487	0.4199
half	0.2762	0.4790	0.2448
half	0.4161	0.1196	0.4643
half	0.5578	0.1785	0.2637
half	0.7703	0.0756	0.1541
half	0.0449	0.9144	0.0407
half	0.4917	0.3747	0.1336
half	0.0510	0.8646	0.0844
half	0.7801	0.1182	0.1017
half	0.3765	0.1093	0.5141
half	0.2049	0.3795	0.4156
half	0.6523	0.2070	0.1408
half	0.4170	0.1416	0.4414
half	0.5322	0.2540	0.2137
half	0.0501	0.8909	0.0590
half	0.2084	0.6145	0.1771
half	0.4449	0.0926	0.4624
half	0.4477	0.2186	0.3336
half	0.5599	0.2914	0.1487
half	0.5813	0.2540	0.1647
half	0.5485	0.1503	0.3012
half	0.1924	0.2156	0.5920
half	0.4407	0.0778	0.4815
half	0.2718	0.1322	0.5960
half	0.2726	0.1630	0.5644
half	0.0365	0.9246	0.0389
half	0.1426	0.3127	0.5447
half	0.1712	0.5869	0.2419
half	0.1664	0.6262	0.2074
half	0.6023	0.2047	0.1931
half	0.3536	0.2692	0.3772
half	0.4931	0.2003	0.3067
half	0.0880	0.1010	0.8110
half	0.5466	0.2190	0.2344
half	0.2513	0.1669	0.5818
half	0.1663	0.0927	0.7409
half	0.1552	0.4402	0.4046
half	0.5072	0.2398	0.2530
fall	0.3000	0.3720	0.3280
fall	0.2194	0.6135	0.1671
fall	0.5993	0.0931	0.3076
fall	0.6946	0.1697	0.1357
fall	0.3737	0.2919	0.3343
fall	0.2286	0.1085	0.6629
fall	0.5285	0.2149	0.2566
fall	0.6064	0.1380	0.2557
fall	0.7683	0.0621	0.1696
fall	0.3994	0.3412	0.2594
fall	0.1748	0.2790	0.5462
fall	0.3679	0.3754	0.2568
fall	0.2210	0.1093	0.6698
fall	0.2618	0.5385	0.1997
fall	0.4888	0.3896	0.1217
fall	0.3987	0.1286	0.4727
fall	0.1107	0.8122	0.0771
fall	0.2972	0.2901	0.4126
fall	0.6143	0.1909	0.1948
fall	0.6055	0.2356	0.1590
fall	0.3913	0.4739	0.1349
fall	0.5046	0.3625	0.1329
fall	0.2494	0.2738	0.4768
fall	0.6181	0.1659	0.2160
fall	0.3134	0.3444	0.3423
fall	0.6381	0.1718	0.1901
fall	0.5184	0.0942	0.3874
fall	0.3790	0.1342	0.4868
fall	0.6014	0.0769	0.3217
fall	0.0332	0.9387	0.0281
fall	0.1202	0.7883	0.0915
fall	0.5527	0.2785	0.1688
fall	0.0436	0.9092	0.0472
fall	0.1433	0.5132	0.3435
fall	0.4174	0.3930	0.1896
fall	0.1610	0.1074	0.7316
fall	0.5007	0.3719	0.1275
fall	0.4845	0.0835	0.4320
fall	0.6832	0.1072	0.2096
fall	0.1093	0.8251	0.0656
fall	0.8045	0.0805	0.1149
fall	0.1965	0.3822	0.4213
fall	0.6021	0.1373	0.2606
fall	0.0700	0.8781	0.0519
fall	0.3306	0.5562	0.1131
fall	0.5300	0.3059	0.1641
fall	0.4304	0.3403	0.2293
fall	0.5623	0.1144	0.3233
fall	0.2226	0.7262	0.0512
fall	0.4374	0.0785	0.4841
fall	0.5594	0.2746	0.1660
fall	0.0495	0.8942	0.0563
fall	0.2919	0.5486	0.1595
fall	0.2539	0.6195	0.1266
fall	0.2198	0.1190	0.6612
fall	0.5844	0.0670	0.3487
fall	0.1635	0.1332	0.7033
fall	0.4310	0.2092	0.3598
fall	0.6343	0.1135	0.2522
fall	0.2715	0.1409	0.5876
fall	0.2414	0.0946	0.6640
fall	0.4828	0.0647	0.4525
fall	0.6755	0.0506	0.2739
fall	0.7081	0.0942	0.1978
fall	0.3496	0.4871	0.1632
fall	0.8218	0.0893	0.0889
fall	0.5332	0.0935	0.3733
fall	0.2753	0.5579	0.1668
fall	0.6844	0.1659	0.1497
fall	0.5846	0.1238	0.2916
half	0.2748	0.1179	0.6073
half	0.5547	0.2153	0.2300
half	0.7411	0.1752	0.0837
half	0.1695	0.6840	0.1465
half	0.1054	0.7591	0.1355
half	0.0892	0.8387	0.0721
half	0.3244	0.3369	0.3386
half	0.2594	0.0793	0.6613
half	0.0693	0.8737	0.0570
half	0.7143	0.1237	0.1620
half	0.0931	0.8607	0.0462
half	0.6467	0.1716	0.1817
half	0.2231	0.2709	0.5059
half	0.4041	0.0610	0.5349
half	0.3022	0.5126	0.1852
half	0.1613	0.4286	0.4101
half	0.1745	0.5820	0.2435
half	0.1157	0.7259	0.1584
half	0.8142	0.0829	0.1029
half	0.7170	0.1466	0.1363
half	0.4173	0.3685	0.2142
half	0.7049	0.1201	0.1750
half	0.7143	0.1492	0.1365
half	0.1640	0.7552	0.0808
half	0.2293	0.5736	0.1971
half	0.2651	0.3675	0.3673
half	0.5129	0.2612	0.2258
half	0.5799	0.1300	0.2901
half	0.3154	0.1037	0.5809
half	0.0694	0.6962	0.2344
half	0.3564	0.0656	0.5780
half	0.4935	0.2353	0.2712
half	0.2529	0.1481	0.5990
half	0.7506	0.0624	0.1870
half	0.4387	0.3636	0.1977
half	0.2602	0.3821	0.3576
half	0.7371	0.0671	0.1958
half	0.7446	0.1223	0.1332
half	0.3228	0.1190	0.5582
half	0.1120	0.8114	0.0766
half	0.3367	0.4976	0.1657
half	0.2233	0.2081	0.5685
half	0.4971	0.1809	0.3220
half	0.4684	0.1250	0.4066
half	0.4815	0.2336	0.2849
half	0.1691	0.2140	0.6170
half	0.1477	0.0650	0.7873
half	0.5998	0.2504	0.1498
half	0.0701	0.8807	0.0492
half	0.1424	0.3340	0.5237
half	0.4261	0.2094	0.3645
half	0.3733	0.2811	0.3455
half	0.2061	0.3244	0.4695
half	0.5219	0.1526	0.3255
half	0.4413	0.1233	0.4354
half	0.2371	0.5850	0.1779
half	0.5749	0.3420	0.0831
half	0.7519	0.1469	0.1011
half	0.4410	0.4674	0.0916
half	0.2114	0.4092	0.3795
half	0.2137	0.1690	0.6173
half	0.4933	0.3187	0.1880
half	0.6043	0.1815	0.2141
half	0.0642	0.8406	0.0952
half	0.4874	0.1017	0.4109
half	0.0982	0.1760	0.7259
half	0.1509	0.7761	0.0730
half	0.1301	0.3498	0.5201
half	0.1399	0.5787	0.2814
half	0.5581	0.1675	0.2744
half	0.3032	0.3643	0.3326
half	0.1915	0.4460	0.3624
half	0.5717	0.1647	0.2636
half	0.1257	0.1616	0.7127
half	0.1141	0.3517	0.5342
half	0.3129	0.2926	0.3945
half	0.5954	0.2901	0.1145
half	0.6645	0.1140	0.2215
half	0.7392	0.1206	0.1401
half	0.2656	0.2910	0.4434
half	0.2928	0.2703	0.4369
half	0.3730	0.1193	0.5077
half	0.6821	0.1023	0.2156
half	0.4777	0.1488	0.3735
half	0.8119	0.0667	0.1214
half	0.7814	0.1158	0.1028
half	0.7696	0.0832	0.1472
half	0.3229	0.0708	0.6063
half	0.6051	0.2123	0.1826
half	0.3676	0.1540	0.4784
half	0.1021	0.1023	0.7955
half	0.2900	0.0901	0.6199
half	0.7672	0.1024	0.1304
half	0.6926	0.1528	0.1547
half	0.3582	0.1828	0.4589
half	0.5491	0.1593	0.2916
half	0.2360	0.3799	0.3841
half	0.3518	0.4569	0.1913
half	0.5046	0.1151	0.3803
half	0.2542	0.6778	0.0680
half	0.7588	0.0709	0.1703
half	0.5556	0.3564	0.0880
half	0.2907	0.2992	0.4100
half	0.6694	0.1748	0.1557
half	0.0979	0.7913	0.1107
half	0.1422	0.1839	0.6739
half	0.4736	0.3145	0.2119
half	0.5537	0.1865	0.2598
half	0.5754	0.1084	0.3162
half	0.4455	0.1064	0.4481
half	0.0852	0.1604	0.7544
half	0.2180	0.5971	0.1848
half	0.0752	0.2486	0.6761
half	0.7759	0.0984	0.1257
half	0.3478	0.2868	0.3653
half	0.8321	0.0622	0.1057
half	0.3208	0.1262	0.5530
half	0.3093	0.1977	0.4929
half	0.1311	0.3996	0.4694
half	0.5048	0.2449	0.2504
half	0.5696	0.1943	0.2362
half	0.7473	0.1018	0.1509
half	0.2081	0.3614	0.4304
half	0.6342	0.1432	0.2227
half	0.7155	0.1820	0.1025
half	0.8142	0.0780	0.1078
half	0.2810	0.1536	0.5654
half	0.1840	0.5565	0.2595
half	0.4835	0.2969	0.2196
half	0.1930	0.0855	0.7214
half	0.4963	0.1564	0.3473
half	0.0851	0.8600	0.0549
half	0.6688	0.1409	0.1903
half	0.0784	0.7654	0.1562
half	0.4176	0.0555	0.5269
half	0.6067	0.1618	0.2315
half	0.4950	0.0797	0.4253
half	0.2042	0.1020	0.6937
half	0.3882	0.1996	0.4121
half	0.4502	0.2580	0.2918
half	0.6672	0.0596	0.2731
half	0.0509	0.9047	0.0444
half	0.1612	0.3652	0.4735
half	0.4040	0.2628	0.3333
half	0.8878	0.0309	0.0813
half	0.5618	0.2226	0.2156
half	0.5559	0.1939	0.2502
half	0.2294	0.2302	0.5404
half	0.5944	0.1311	0.2745
half	0.2332	0.2275	0.5393
half	0.5549	0.2216	0.2236
half	0.4244	0.1484	0.4272
half	0.4979	0.2569	0.2451
half	0.6513	0.1274	0.2213
half	0.2101	0.1160	0.6738
half	0.4561	0.1123	0.4316
half	0.6232	0.2033	0.1734
half	0.2294	0.0894	0.6812
half	0.4617	0.1530	0.3852
half	0.1212	0.1021	0.7767
half	0.2712	0.1922	0.5366
half	0.6747	0.1548	0.1705
half	0.8286	0.0622	0.1093
half	0.2222	0.1562	0.6216
half	0.0701	0.7827	0.1472
half	0.1781	0.4211	0.4007
half	0.5102	0.1311	0.3587
half	0.2515	0.2370	0.5116
half	0.5340	0.3174	0.1486
half	0.3890	0.0620	0.5490
half	0.3597	0.1926	0.4477
half	0.4344	0.1194	0.4463
half	0.6825	0.2164	0.1011
half	0.2068	0.0783	0.7149
half	0.1217	0.3543	0.5240
half	0.3359	0.2554	0.4088
half	0.2158	0.1832	0.6010
half	0.5498	0.2115	0.2387
half	0.4943	0.1983	0.3074
half	0.5809	0.2588	0.1603
half	0.5366	0.1274	0.3360
half	0.2530	0.3068	0.4401
half	0.0393	0.9201	0.0406
half	0.1827	0.2793	0.5380
half	0.2251	0.0845	0.6904
half	0.6801	0.1030	0.2169
half	0.0977	0.0786	0.8237
half	0.6503	0.1078	0.2419
half	0.0932	0.4123	0.4945
half	0.3401	0.0674	0.5924
half	0.2019	0.5996	0.1985
half	0.2532	0.2498	0.4969
half	0.4988	0.1273	0.3739
half	0.3769	0.2690	0.3541
half	0.2574	0.5172	0.2254
half	0.1519	0.4314	0.4166
half	0.4194	0.3043	0.2762
half	0.3197	0.1584	0.5219
half	0.7648	0.0598	0.1754
half	0.6127	0.2216	0.1657
half	0.5967	0.0761	0.3272
half	0.7572	0.0989	0.1439
half	0.1902	0.1756	0.6342
half	0.6597	0.1040	0.2363
half	0.6145	0.0646	0.3209
half	0.0556	0.8613	0.0831
half	0.3874	0.2597	0.3529
half	0.3061	0.1676	0.5263
half	0.4905	0.2831	0.2264
half	0.3016	0.4298	0.2685
half	0.4866	0.1120	0.4014
half	0.3285	0.1575	0.5140
half	0.6090	0.1439	0.2471
half	0.3938	0.0467	0.5595
half	0.3945	0.2759	0.3297
half	0.3015	0.0569	0.6416
half	0.2148	0.1720	0.6132
half	0.2319	0.4642	0.3038
half	0.3335	0.1300	0.5365
half	0.3082	0.1702	0.5215
half	0.1295	0.7822	0.0883
half	0.2383	0.4433	0.3184
half	0.3585	0.4397	0.2018
half	0.5683	0.2840	0.1477
half	0.8280	0.1068	0.0652
half	0.0924	0.0855	0.8221
half	0.2731	0.0617	0.6652
half	0.2798	0.0975	0.6227
half	0.3947	0.2194	0.3859
half	0.5247	0.1175	0.3578
half	0.2793	0.1576	0.5631
half	0.3465	0.4534	0.2001
half	0.2849	0.0951	0.6200
half	0.5745	0.3217	0.1038
half	0.1768	0.1452	0.6780
half	0.1981	0.4429	0.3590
half	0.2715	0.5016	0.2269
half	0.7288	0.1549	0.1163
half	0.6572	0.0848	0.2580
half	0.7563	0.1097	0.1340
half	0.6800	0.0833	0.2367
half	0.5993	0.1247	0.2760
half	0.1855	0.4039	0.4106
half	0.1929	0.6293	0.1778
half	0.1057	0.2751	0.6192
half	0.3411	0.3349	0.3240
half	0.5312	0.3391	0.1297
half	0.4243	0.0987	0.4770
half	0.1805	0.0636	0.7559
half	0.3621	0.4459	0.1921
half	0.8528	0.0757	0.0715
half	0.2291	0.1861	0.5848
half	0.3110	0.0555	0.6335
half	0.1388	0.2515	0.6097
half	0.6361	0.2151	0.1488
half	0.3306	0.1647	0.5048
half	0.2710	0.4449	0.2841
half	0.5534	0.3802	0.0664
half	0.1794	0.6583	0.1623
half	0.4664	0.1021	0.4315
half	0.2020	0.5992	0.1988
half	0.0892	0.0971	0.8137
half	0.2530	0.3090	0.4380
half	0.2327	0.5214	0.2459
half	0.3832	0.1375	0.4794
half	0.5174	0.3704	0.1122
half	0.6024	0.1180	0.2796
half	0.4918	0.2358	0.2725
half	0.5249	0.2315	0.2436
half	0.6598	0.2097	0.1305
half	0.1893	0.6663	0.1444
half	0.2368	0.1869	0.5762
half	0.2406	0.1207	0.6387
half	0.1973	0.0524	0.7503
half	0.6292	0.2175	0.1533
half	0.3528	0.1392	0.5080
half	0.4335	0.1471	0.4194
half	0.3178	0.1016	0.5806
half	0.3347	0.5505	0.1148
half	0.4876	0.1454	0.3671
half	0.2839	0.1379	0.5782
half	0.0856	0.1254	0.7890
half	0.2618	0.3205	0.4178
half	0.3248	0.1576	0.5176
half	0.5199	0.2715	0.2086
half	0.1414	0.6489	0.2097
half	0.0842	0.3783	0.5375
half	0.6511	0.1132	0.2357
half	0.6824	0.1096	0.2080
half	0.3459	0.0912	0.5629
half	0.5838	0.2973	0.1189
half	0.6639	0.2223	0.1138
half	0.3184	0.4131	0.2685
half	0.2236	0.3352	0.4412
half	0.4157	0.0459	0.5384
half	0.3736	0.4469	0.1796
half	0.4449	0.2047	0.3503
half	0.7974	0.1214	0.0812
half	0.6160	0.0718	0.3122
half	0.7060	0.0876	0.2064
half	0.2929	0.5841	0.1231
half	0.0649	0.8951	0.0400
half	0.6830	0.2061	0.1109
half	0.1229	0.4176	0.4594
half	0.5306	0.1818	0.2876
half	0.5039	0.4180	0.0781
half	0.4043	0.0609	0.5348
half	0.8846	0.0554	0.0600
half	0.5576	0.1737	0.2687
half	0.0954	0.0884	0.8162
half	0.6227	0.2768	0.1005
half	0.2218	0.1516	0.6266
half	0.4275	0.2710	0.3016
half	0.4169	0.2265	0.3566
half	0.2302	0.5144	0.2554
half	0.8649	0.0469	0.0882
half	0.7912	0.0826	0.1262
half	0.4412	0.3705	0.1883
winter	0.5074	0.1707	0.3219
half	0.5600	0.2198	0.2201
winter	0.6701	0.0615	0.2684
winter	0.8909	0.0498	0.0593
winter	0.7247	0.1780	0.0972
half	0.5228	0.1241	0.3531
winter	0.6253	0.1314	0.2433
summer	0.2608	0.1079	0.6313
half	0.7359	0.0848	0.1792
summer	0.1817	0.2885	0.5298
summer	0.1124	0.0980	0.7896
summer	0.0639	0.0553	0.8808
summer	0.0581	0.1122	0.8297
summer	0.0823	0.0688	0.8489
winter	0.6268	0.2821	0.0911
half	0.4589	0.1983	0.3427
winter	0.6083	0.1574	0.2343
winter	0.7495	0.1081	0.1424
winter	0.4853	0.1972	0.3175
winter	0.6648	0.2449	0.0903
half	0.1368	0.6802	0.1830
winter	0.7706	0.1290	0.1004
summer	0.1733	0.4296	0.3971
summer	0.0726	0.0887	0.8387
summer	0.1273	0.0592	0.8135
summer	0.2332	0.1424	0.6244
summer	0.1423	0.1025	0.7553
summer	0.2960	0.1137	0.5903
winter	0.6308	0.0919	0.2773
winter	0.5756	0.1614	0.2630
winter	0.4673	0.0627	0.4700
winter	0.5185	0.3405	0.1410
winter	0.6183	0.1500	0.2317
half	0.3638	0.3929	0.2432
winter	0.4189	0.3289	0.2521
summer	0.1248	0.2257	0.6495
half	0.1665	0.2259	0.6076
summer	0.2631	0.0940	0.6429
summer	0.0612	0.2241	0.7147
summer	0.0736	0.0916	0.8348
summer	0.0642	0.0607	0.8751
winter	0.6081	0.1706	0.2213
winter	0.7271	0.0787	0.1942
winter	0.5372	0.1651	0.2977
winter	0.7148	0.1568	0.1284
half	0.1705	0.1743	0.6551
winter	0.5863	0.1599	0.2538
half	0.4644	0.1825	0.3531
summer	0.3740	0.1155	0.5105
summer	0.1292	0.0370	0.8337
summer	0.1151	0.2740	0.6109
summer	0.0681	0.1024	0.8295
summer	0.1193	0.1121	0.7686
winter	0.4586	0.2127	0.3287
half	0.3017	0.5095	0.1888
winter	0.5559	0.1352	0.3089
winter	0.6655	0.0975	0.2370
winter	0.6858	0.2011	0.1131
winter	0.7384	0.1313	0.1303
half	0.5897	0.2678	0.1425
winter	0.7356	0.1141	0.1503
half	0.1294	0.8204	0.0502
summer	0.0795	0.0447	0.8758
half	0.0646	0.8111	0.1243
summer	0.2061	0.1173	0.6766
summer	0.1298	0.1217	0.7485
summer	0.1031	0.1679	0.7290
summer	0.0726	0.0557	0.8717
winter	0.2099	0.1988	0.5912
half	0.5079	0.0875	0.4046
winter	0.7927	0.0922	0.1151
winter	0.5147	0.1751	0.3102
winter	0.7638	0.0983	0.1379
winter	0.4583	0.2171	0.3246
half	0.4746	0.2756	0.2498
half	0.4169	0.2330	0.3501
summer	0.1467	0.1766	0.6768
summer	0.0700	0.1363	0.7937
summer	0.0957	0.0284	0.8759
summer	0.0807	0.0573	0.8620
summer	0.0663	0.0518	0.8819
half	0.6866	0.0809	0.2325
winter	0.7499	0.1123	0.1378
winter	0.6056	0.1887	0.2056
winter	0.3882	0.1773	0.4345
winter	0.6503	0.1974	0.1523
summer	0.1407	0.3021	0.5572
summer	0.1004	0.0899	0.8097
summer	0.0871	0.0591	0.8538
summer	0.1177	0.0939	0.7883
summer	0.0718	0.0330	0.8952
half	0.1175	0.5551	0.3274
winter	0.7688	0.0981	0.1331
winter	0.4833	0.0959	0.4207
winter	0.5862	0.1559	0.2579
half	0.3442	0.3221	0.3336
half	0.6490	0.1051	0.2459
summer	0.1815	0.0961	0.7224
summer	0.0670	0.1019	0.8311
summer	0.0674	0.0295	0.9031
summer	0.2527	0.0537	0.6936
summer	0.0911	0.0677	0.8412
half	0.1997	0.6407	0.1597
half	0.2756	0.5760	0.1484
half	0.1236	0.1488	0.7276
half	0.0579	0.8485	0.0936
half	0.1476	0.1016	0.7508
half	0.6542	0.2208	0.1250
half	0.1614	0.1874	0.6512
half	0.6729	0.2357	0.0913
half	0.0591	0.8690	0.0719
half	0.0736	0.7056	0.2208
half	0.0984	0.8430	0.0586
half	0.7258	0.1511	0.1231
half	0.5229	0.1711	0.3059
half	0.5305	0.1069	0.3626
half	0.6287	0.2231	0.1481
half	0.1782	0.5459	0.2759
half	0.2135	0.5192	0.2673
half	0.3416	0.2736	0.3848
half	0.1231	0.5438	0.3331
half	0.6678	0.0994	0.2329
half	0.0548	0.8839	0.0613
half	0.7982	0.1075	0.0943
half	0.8286	0.1237	0.0477
half	0.4253	0.3040	0.2708
half	0.5016	0.2139	0.2845
half	0.1780	0.2022	0.6199
half	0.4283	0.3316	0.2401
half	0.3923	0.3724	0.2353
half	0.7417	0.0550	0.2033
half	0.2063	0.0861	0.7076
half	0.2766	0.1281	0.5953
half	0.0657	0.8843	0.0500
half	0.5469	0.1175	0.3356
half	0.3816	0.2566	0.3618
half	0.1275	0.0760	0.7965
half	0.5713	0.2818	0.1469
half	0.3075	0.5122	0.1803
half	0.1248	0.5477	0.3275
half	0.7833	0.0928	0.1239
half	0.6814	0.2448	0.0738
half	0.5961	0.0848	0.3191
half	0.2010	0.1237	0.6752
half	0.3526	0.5560	0.0914
half	0.0501	0.9106	0.0393
half	0.7321	0.0732	0.1947
half	0.1191	0.0819	0.7990
half	0.0836	0.0944	0.8220
half	0.0668	0.8415	0.0917
half	0.4436	0.1960	0.3604
half	0.4378	0.2972	0.2650
half	0.1261	0.2312	0.6427
half	0.1018	0.6340	0.2642
half	0.3194	0.5945	0.0861
half	0.0999	0.8309	0.0692
half	0.1705	0.1196	0.7098
half	0.0945	0.0753	0.8302
half	0.6845	0.0867	0.2288
half	0.7204	0.1727	0.1069
half	0.7183	0.1503	0.1313
half	0.3430	0.4891	0.1679
half	0.1052	0.8181	0.0767
half	0.5162	0.4163	0.0675
half	0.0616	0.8575	0.0809
half	0.0583	0.8865	0.0552
half	0.4700	0.2230	0.3071
half	0.0812	0.7912	0.1276
half	0.0479	0.8575	0.0946
half	0.4230	0.1636	0.4134
half	0.1181	0.3292	0.5527
half	0.5234	0.2758	0.2008
half	0.0691	0.8131	0.1179
half	0.0591	0.3989	0.5420
half	0.4178	0.3506	0.2316
half	0.0535	0.8998	0.0467
half	0.5363	0.3260	0.1377
half	0.2813	0.6079	0.1108
half	0.1281	0.7631	0.1088
half	0.7168	0.0378	0.2454
half	0.1007	0.8275	0.0718
half	0.2572	0.2690	0.4737
half	0.4687	0.1010	0.4304
half	0.1491	0.5805	0.2704
half	0.7477	0.1032	0.1491
half	0.0638	0.7868	0.1494
half	0.5455	0.1261	0.3284
half	0.6365	0.0766	0.2869
half	0.5237	0.1574	0.3189
half	0.1666	0.4931	0.3403
half	0.0955	0.6745	0.2300
half	0.3667	0.3681	0.2653
half	0.0813	0.1042	0.8145
half	0.5906	0.0903	0.3191
half	0.5632	0.2673	0.1695
half	0.1825	0.6209	0.1965
half	0.0737	0.8677	0.0586
half	0.0584	0.8910	0.0506
half	0.1872	0.5684	0.2443
half	0.5417	0.2042	0.2541
half	0.3762	0.2066	0.4171
half	0.5560	0.1212	0.3228
half	0.0679	0.8947	0.0374
half	0.3435	0.1086	0.5479
half	0.5142	0.1582	0.3276
half	0.5151	0.2079	0.2770
half	0.1637	0.4994	0.3370
half	0.1064	0.6201	0.2735
half	0.1451	0.5749	0.2800
half	0.6635	0.1550	0.1815
half	0.4109	0.2675	0.3216
half	0.7398	0.0968	0.1633
half	0.1970	0.1405	0.6625
half	0.1104	0.7859	0.1037
half	0.0523	0.9075	0.0402
half	0.0647	0.8618	0.0735
half	0.1540	0.2086	0.6374
half	0.0485	0.8599	0.0916
half	0.1225	0.7486	0.1289
half	0.0572	0.1191	0.8237
half	0.5889	0.3374	0.0737
half	0.2421	0.1040	0.6539
half	0.5653	0.1289	0.3058
half	0.2520	0.1327	0.6153
half	0.0951	0.7923	0.1126
half	0.0837	0.1892	0.7271
half	0.1408	0.2420	0.6172
half	0.0649	0.8829	0.0522
half	0.6902	0.1615	0.1483
half	0.1435	0.2531	0.6034
half	0.1515	0.1921	0.6564
half	0.3324	0.5352	0.1324
half	0.3381	0.3605	0.3014
half	0.0445	0.9154	0.0401
half	0.2542	0.3903	0.3554
half	0.1165	0.7712	0.1122
half	0.5505	0.1678	0.2817
