pop	clust1	clust2	clust3	clust4
fall	0.1953	0.0254	0.3942	0.3852
fall	0.1433	0.1243	0.3850	0.3475
fall	0.0922	0.0842	0.2855	0.5381
fall	0.3876	0.0385	0.2055	0.3685
fall	0.0208	0.9359	0.0184	0.0250
fall	0.1648	0.2799	0.0760	0.4794
fall	0.3259	0.2635	0.2128	0.1978
fall	0.4290	0.0248	0.2446	0.3016
fall	0.0819	0.2315	0.2348	0.4518
fall	0.1660	0.5332	0.1735	0.1273
fall	0.2545	0.1575	0.2324	0.3556
fall	0.1890	0.1793	0.0880	0.5437
fall	0.5089	0.0490	0.2576	0.1845
fall	0.3111	0.4999	0.0393	0.1497
fall	0.3558	0.4763	0.0539	0.1140
fall	0.3897	0.1564	0.2116	0.2423
fall	0.4149	0.1418	0.0304	0.4129
fall	0.3460	0.0380	0.4303	0.1857
fall	0.5230	0.0822	0.2075	0.1873
fall	0.4578	0.2578	0.0421	0.2423
fall	0.2782	0.2883	0.1721	0.2614
fall	0.1573	0.1016	0.4511	0.2900
fall	0.1292	0.2335	0.1767	0.4607
fall	0.0531	0.0256	0.8347	0.0865
fall	0.4011	0.2686	0.1211	0.2092
fall	0.1784	0.1652	0.4006	0.2558
fall	0.5745	0.0770	0.0819	0.2666
fall	0.0344	0.0359	0.8767	0.0530
fall	0.2925	0.0930	0.2393	0.3752
fall	0.0923	0.6784	0.0799	0.1494
fall	0.3459	0.0606	0.2622	0.3313
fall	0.3135	0.1702	0.2956	0.2208
fall	0.1624	0.1762	0.4252	0.2362
fall	0.2417	0.5894	0.0755	0.0934
fall	0.2227	0.1367	0.3946	0.2461
fall	0.1530	0.2502	0.1189	0.4779
fall	0.1791	0.1491	0.5349	0.1368
fall	0.0598	0.5258	0.3467	0.0678
fall	0.3143	0.2317	0.0975	0.3565
fall	0.3108	0.3217	0.0561	0.3114
fall	0.5152	0.0490	0.1258	0.3100
fall	0.0703	0.8253	0.0311	0.0732
fall	0.1429	0.0663	0.2344	0.5565
fall	0.1257	0.0708	0.1509	0.6526
fall	0.1095	0.3895	0.3418	0.1592
fall	0.2242	0.0900	0.4627	0.2231
fall	0.0818	0.0959	0.7349	0.0874
fall	0.1983	0.0695	0.1959	0.5363
fall	0.2980	0.0606	0.4046	0.2368
fall	0.6928	0.0404	0.0456	0.2212
fall	0.0929	0.7412	0.0779	0.0881
fall	0.0411	0.8643	0.0503	0.0443
fall	0.0944	0.0476	0.7020	0.1559
fall	0.1316	0.1071	0.5757	0.1856
fall	0.4446	0.1446	0.0919	0.3190
fall	0.1969	0.1245	0.5624	0.1161
fall	0.1453	0.0343	0.6880	0.1324
fall	0.0901	0.7360	0.0699	0.1040
fall	0.1811	0.0405	0.5763	0.2022
fall	0.3271	0.1851	0.1237	0.3641
fall	0.2199	0.0920	0.5554	0.1327
fall	0.1804	0.0650	0.1526	0.6020
fall	0.1275	0.2619	0.4614	0.1491
fall	0.3118	0.0943	0.1462	0.4477
fall	0.4963	0.0926	0.1725	0.2386
fall	0.4332	0.3410	0.0645	0.1613
fall	0.3592	0.0589	0.4324	0.1496
fall	0.1125	0.0776	0.5486	0.2612
fall	0.0948	0.2765	0.5542	0.0745
fall	0.2019	0.0595	0.3323	0.4063
fall	0.3963	0.0522	0.1594	0.3921
fall	0.2566	0.0355	0.2085	0.4994
fall	0.0924	0.3404	0.4243	0.1429
fall	0.3438	0.0478	0.0491	0.5594
fall	0.2969	0.1531	0.4098	0.1401
fall	0.0921	0.0645	0.7159	0.1275
fall	0.0329	0.9153	0.0234	0.0285
fall	0.2937	0.0625	0.1712	0.4726
fall	0.2695	0.0937	0.2959	0.3409
fall	0.0775	0.7430	0.1009	0.0786
fall	0.1573	0.4881	0.1242	0.2304
fall	0.1071	0.0317	0.6256	0.2356
fall	0.2934	0.0731	0.4518	0.1817
fall	0.2390	0.2537	0.0933	0.4140
fall	0.3612	0.0521	0.2631	0.3236
fall	0.4944	0.1203	0.0366	0.3487
fall	0.1554	0.0524	0.4044	0.3879
half	0.0670	0.8582	0.0308	0.0440
half	0.4901	0.1010	0.1131	0.2958
half	0.0380	0.8858	0.0321	0.0441
half	0.2853	0.0219	0.3635	0.3293
half	0.1336	0.0691	0.6772	0.1200
half	0.0682	0.0256	0.8207	0.0855
half	0.3272	0.2467	0.0611	0.3650
half	0.2026	0.2777	0.0574	0.4624
half	0.5114	0.1263	0.1345	0.2279
half	0.0364	0.1643	0.7427	0.0567
half	0.4209	0.0659	0.1604	0.3529
half	0.1801	0.1381	0.5351	0.1467
half	0.2402	0.0605	0.1471	0.5522
half	0.1111	0.5506	0.2075	0.1309
half	0.6288	0.0962	0.0703	0.2047
half	0.1829	0.2672	0.2894	0.2605
half	0.1391	0.0500	0.6452	0.1656
half	0.0801	0.2354	0.5816	0.1028
half	0.0208	0.9103	0.0423	0.0266
half	0.5180	0.1402	0.1572	0.1846
half	0.3018	0.0835	0.4024	0.2123
half	0.3925	0.2922	0.0457	0.2696
half	0.0904	0.2218	0.5536	0.1342
half	0.1582	0.0970	0.5860	0.1588
half	0.3686	0.1366	0.0800	0.4147
half	0.2111	0.5691	0.0659	0.1540
half	0.2749	0.0736	0.1641	0.4874
half	0.0615	0.0784	0.4874	0.3727
half	0.2977	0.1475	0.1281	0.4267
half	0.3255	0.2892	0.0936	0.2917
half	0.3847	0.0480	0.2822	0.2851
half	0.5480	0.0879	0.0910	0.2732
half	0.0799	0.0209	0.8283	0.0710
half	0.3682	0.0803	0.0643	0.4873
half	0.2550	0.0920	0.2944	0.3585
half	0.3456	0.0336	0.3281	0.2926
half	0.1543	0.1476	0.0765	0.6216
half	0.0752	0.1291	0.5781	0.2176
half	0.1024	0.6847	0.0741	0.1388
half	0.7389	0.0799	0.0845	0.0967
half	0.0854	0.0498	0.7951	0.0698
half	0.2137	0.3361	0.2019	0.2483
half	0.1479	0.0761	0.0489	0.7272
half	0.1740	0.1289	0.3093	0.3877
half	0.1642	0.0731	0.6004	0.1622
half	0.2692	0.0465	0.1263	0.5580
half	0.5480	0.1063	0.1218	0.2240
half	0.0413	0.0283	0.8880	0.0425
half	0.4434	0.0547	0.1696	0.3322
half	0.3284	0.2774	0.0727	0.3215
half	0.0918	0.7152	0.0401	0.1529
half	0.2466	0.0360	0.1110	0.6065
half	0.5056	0.1465	0.1012	0.2467
half	0.2060	0.4446	0.1999	0.1495
half	0.1985	0.3695	0.2596	0.1725
half	0.0600	0.0895	0.7060	0.1444
half	0.2280	0.0225	0.0957	0.6538
half	0.2235	0.0388	0.0655	0.6722
half	0.1120	0.0821	0.6612	0.1447
half	0.5679	0.0736	0.1670	0.1914
half	0.4150	0.0303	0.2420	0.3128
half	0.2746	0.1108	0.4444	0.1702
half	0.1912	0.0868	0.6028	0.1193
half	0.3367	0.1483	0.2454	0.2695
half	0.2965	0.0849	0.1964	0.4222
half	0.0574	0.0476	0.8515	0.0435
half	0.3890	0.0896	0.0690	0.4524
half	0.2544	0.1260	0.3012	0.3184
half	0.3677	0.1654	0.2239	0.2430
half	0.1779	0.1006	0.3202	0.4013
half	0.4188	0.0340	0.2279	0.3193
half	0.4900	0.0625	0.0618	0.3858
half	0.4483	0.0825	0.3168	0.1525
half	0.2364	0.0531	0.5031	0.2074
half	0.3829	0.1066	0.2823	0.2282
half	0.1241	0.0616	0.6440	0.1702
half	0.4788	0.0374	0.0975	0.3863
half	0.2469	0.0318	0.2466	0.4748
half	0.2846	0.0746	0.0770	0.5638
half	0.2077	0.1370	0.3648	0.2905
half	0.3800	0.1077	0.1270	0.3853
half	0.0321	0.9222	0.0178	0.0279
half	0.0864	0.0794	0.7146	0.1196
half	0.4216	0.0455	0.1291	0.4038
half	0.1206	0.4505	0.3450	0.0839
half	0.0325	0.9053	0.0284	0.0339
half	0.1600	0.0543	0.1334	0.6524
half	0.4161	0.0441	0.1253	0.4145
half	0.2118	0.0655	0.6447	0.0780
half	0.0679	0.0202	0.8110	0.1009
half	0.5235	0.0600	0.0358	0.3808
half	0.1705	0.0329	0.5510	0.2456
half	0.0506	0.8160	0.0795	0.0539
half	0.3765	0.0620	0.1158	0.4456
half	0.3336	0.2202	0.1010	0.3451
half	0.3235	0.0518	0.1406	0.4841
half	0.1794	0.5917	0.1201	0.1088
half	0.3099	0.0192	0.1181	0.5528
half	0.0973	0.1373	0.5873	0.1781
half	0.1599	0.0359	0.0774	0.7268
half	0.2717	0.0976	0.1861	0.4445
half	0.1711	0.2059	0.4083	0.2147
half	0.1408	0.0714	0.6796	0.1082
half	0.0896	0.0526	0.6836	0.1742
half	0.7785	0.0500	0.0387	0.1327
half	0.3573	0.1646	0.1726	0.3055
half	0.7899	0.0249	0.0657	0.1195
half	0.0862	0.8112	0.0326	0.0699
half	0.1429	0.0429	0.0469	0.7674
half	0.1859	0.0846	0.5213	0.2082
half	0.0915	0.7812	0.0684	0.0590
half	0.3487	0.0459	0.0990	0.5064
half	0.0856	0.0734	0.7027	0.1384
half	0.4964	0.0369	0.1068	0.3599
half	0.0953	0.0189	0.8169	0.0690
half	0.2799	0.0578	0.2010	0.4613
half	0.3825	0.0781	0.2188	0.3206
half	0.1531	0.1366	0.1407	0.5695
half	0.0510	0.8444	0.0484	0.0562
half	0.2354	0.2809	0.1063	0.3775
half	0.5274	0.0555	0.1008	0.3163
half	0.0946	0.5737	0.2006	0.1310
half	0.0325	0.9089	0.0209	0.0378
half	0.3133	0.2153	0.1353	0.3361
half	0.1544	0.2764	0.4396	0.1296
half	0.1516	0.0440	0.1450	0.6594
half	0.3007	0.0766	0.0896	0.5330
half	0.7563	0.0416	0.1012	0.1009
half	0.0539	0.8396	0.0336	0.0729
half	0.2378	0.4265	0.1203	0.2154
half	0.1032	0.0454	0.6211	0.2303
half	0.5075	0.1533	0.0498	0.2895
half	0.4778	0.0214	0.2005	0.3004
half	0.0970	0.3120	0.0935	0.4976
half	0.3575	0.0586	0.3173	0.2666
half	0.3027	0.0894	0.1297	0.4782
half	0.6205	0.0360	0.0919	0.2516
half	0.0286	0.9219	0.0230	0.0265
half	0.3153	0.2634	0.0681	0.3531
half	0.0295	0.8834	0.0521	0.0350
half	0.4061	0.0665	0.0532	0.4741
half	0.1533	0.0455	0.2044	0.5969
half	0.1438	0.2674	0.2730	0.3158
half	0.2971	0.0971	0.0671	0.5387
half	0.2142	0.0649	0.2346	0.4864
half	0.4085	0.1402	0.1249	0.3265
half	0.0315	0.9044	0.0326	0.0315
half	0.2338	0.5601	0.1134	0.0927
half	0.4267	0.0411	0.3248	0.2073
half	0.4247	0.1241	0.2167	0.2345
half	0.4391	0.1693	0.0695	0.3221
half	0.6552	0.1343	0.0793	0.1313
half	0.1673	0.0658	0.1155	0.6514
half	0.1838	0.1186	0.5643	0.1332
half	0.6330	0.0296	0.2324	0.1050
half	0.2047	0.0717	0.4724	0.2511
half	0.1587	0.0911	0.4004	0.3498
half	0.0226	0.9315	0.0236	0.0222
half	0.0927	0.2122	0.5907	0.1044
half	0.1266	0.5402	0.1680	0.1651
half	0.1057	0.5938	0.1189	0.1816
half	0.2348	0.0920	0.0827	0.5904
half	0.3295	0.1618	0.2107	0.2981
half	0.2255	0.0901	0.1196	0.5648
half	0.0479	0.0476	0.8159	0.0886
half	0.4744	0.1080	0.0944	0.3233
half	0.1837	0.0847	0.5376	0.1939
half	0.0697	0.0442	0.6220	0.2641
half	0.1009	0.3615	0.3857	0.1520
half	0.1579	0.1079	0.1016	0.6326
fall	0.2155	0.2854	0.2179	0.2812
fall	0.2218	0.5377	0.1204	0.1201
fall	0.6612	0.0428	0.1358	0.1602
fall	0.3961	0.0823	0.0705	0.4511
fall	0.2762	0.1776	0.2306	0.3155
fall	0.1747	0.0569	0.5584	0.2100
fall	0.3208	0.1021	0.1257	0.4514
fall	0.4403	0.0705	0.1605	0.3287
fall	0.1866	0.0262	0.0676	0.7195
fall	0.2770	0.2192	0.1585	0.3453
fall	0.1296	0.1842	0.5187	0.1675
fall	0.3100	0.2419	0.1126	0.3355
fall	0.0815	0.0513	0.5802	0.2870
fall	0.2150	0.4394	0.1135	0.2321
fall	0.2920	0.2497	0.0541	0.4042
fall	0.4309	0.0617	0.2237	0.2836
fall	0.0660	0.7873	0.0482	0.0985
fall	0.3214	0.1776	0.2969	0.2041
fall	0.6017	0.0870	0.0965	0.2148
fall	0.3696	0.1265	0.0703	0.4336
fall	0.2919	0.3687	0.0736	0.2658
fall	0.5402	0.2348	0.0627	0.1622
fall	0.1231	0.1595	0.4071	0.3103
fall	0.3919	0.0796	0.1017	0.4268
fall	0.2070	0.2531	0.1980	0.3419
fall	0.4703	0.0827	0.1042	0.3427
fall	0.2514	0.0430	0.2175	0.4881
fall	0.3786	0.0706	0.3748	0.1760
fall	0.5095	0.0363	0.2036	0.2506
fall	0.0174	0.9509	0.0155	0.0162
fall	0.0943	0.7764	0.0570	0.0722
fall	0.4856	0.1615	0.0701	0.2828
fall	0.0250	0.9219	0.0271	0.0260
fall	0.1176	0.4681	0.2492	0.1651
fall	0.2893	0.2886	0.0899	0.3322
fall	0.1149	0.0515	0.6946	0.1390
fall	0.4188	0.2584	0.0649	0.2579
fall	0.3925	0.0396	0.2516	0.3163
fall	0.5860	0.0525	0.1334	0.2281
fall	0.0736	0.8013	0.0380	0.0871
fall	0.5784	0.0364	0.0609	0.3243
fall	0.2376	0.2819	0.3671	0.1134
fall	0.4364	0.0631	0.1376	0.3628
fall	0.0419	0.8789	0.0299	0.0494
fall	0.2681	0.4851	0.0733	0.1736
fall	0.4486	0.1876	0.0800	0.2837
fall	0.5386	0.2019	0.1200	0.1395
fall	0.4984	0.0480	0.1417	0.3118
fall	0.0993	0.6704	0.0280	0.2023
fall	0.2706	0.0371	0.3213	0.3710
fall	0.3812	0.1593	0.0832	0.3762
fall	0.0324	0.9051	0.0296	0.0329
fall	0.2213	0.4842	0.1024	0.1922
fall	0.2757	0.5476	0.0669	0.1098
fall	0.1499	0.0550	0.6437	0.1515
fall	0.4176	0.0288	0.1671	0.3865
fall	0.1250	0.0672	0.6800	0.1278
fall	0.2298	0.0976	0.1544	0.5182
fall	0.4253	0.0519	0.1153	0.4076
fall	0.2539	0.0726	0.4768	0.1967
fall	0.1612	0.0451	0.5426	0.2511
fall	0.4342	0.0306	0.1965	0.3388
fall	0.4991	0.0234	0.1309	0.3466
fall	0.4441	0.0441	0.1079	0.4040
fall	0.2523	0.3859	0.0918	0.2700
fall	0.5647	0.0412	0.0414	0.3527
fall	0.1971	0.0398	0.2170	0.5461
fall	0.1435	0.4696	0.0810	0.3060
fall	0.3023	0.0789	0.0668	0.5521
fall	0.3858	0.0582	0.2029	0.3532
half	0.1604	0.0590	0.6313	0.1494
half	0.2410	0.0980	0.0985	0.5625
half	0.2490	0.0881	0.0380	0.6249
half	0.1317	0.6620	0.0943	0.1120
half	0.0998	0.7456	0.0866	0.0680
half	0.0624	0.8417	0.0380	0.0579
half	0.1510	0.2384	0.2346	0.3760
half	0.1939	0.0358	0.5444	0.2259
half	0.0426	0.8809	0.0315	0.0450
half	0.4787	0.0518	0.0684	0.4012
half	0.0594	0.8677	0.0251	0.0478
half	0.3248	0.0741	0.0723	0.5289
half	0.1584	0.1739	0.5196	0.1481
half	0.4463	0.0249	0.3326	0.1962
half	0.2478	0.4380	0.1172	0.1970
half	0.1387	0.3705	0.3198	0.1710
half	0.2132	0.5111	0.1593	0.1163
half	0.0761	0.6909	0.1137	0.1192
half	0.1822	0.0394	0.0402	0.7382
half	0.5915	0.0701	0.0645	0.2739
half	0.2145	0.2314	0.1096	0.4445
half	0.6288	0.0503	0.0798	0.2412
half	0.6238	0.0664	0.0554	0.2545
half	0.1594	0.7307	0.0430	0.0669
half	0.1897	0.4793	0.1180	0.2130
half	0.1502	0.2379	0.2281	0.3838
half	0.2423	0.1183	0.0824	0.5570
half	0.1949	0.0546	0.1042	0.6463
half	0.2092	0.0569	0.5024	0.2315
half	0.0503	0.6815	0.2182	0.0500
half	0.2706	0.0279	0.4591	0.2424
half	0.5056	0.1232	0.1407	0.2305
half	0.1636	0.0768	0.4953	0.2643
half	0.3017	0.0261	0.0885	0.5837
half	0.2682	0.2420	0.1056	0.3841
half	0.1861	0.2864	0.2710	0.2565
half	0.7253	0.0290	0.0795	0.1662
half	0.3683	0.0561	0.0539	0.5217
half	0.2661	0.0552	0.4585	0.2202
half	0.0735	0.7959	0.0459	0.0846
half	0.2921	0.4129	0.0933	0.2018
half	0.1239	0.1047	0.4157	0.3557
half	0.2659	0.0832	0.1290	0.5219
half	0.3128	0.0585	0.2157	0.4131
half	0.4778	0.1344	0.1753	0.2125
half	0.1269	0.1275	0.5936	0.1520
half	0.1082	0.0296	0.7885	0.0736
half	0.3299	0.1361	0.0735	0.4605
half	0.0454	0.8832	0.0297	0.0417
half	0.1104	0.2492	0.5071	0.1332
half	0.4569	0.1101	0.2323	0.2007
half	0.3774	0.1583	0.2092	0.2551
half	0.1522	0.2081	0.2861	0.3535
half	0.4946	0.0723	0.1806	0.2525
half	0.4193	0.0571	0.2086	0.3149
half	0.1320	0.4874	0.1012	0.2793
half	0.5527	0.2409	0.0423	0.1641
half	0.2700	0.0657	0.0424	0.6219
half	0.3762	0.3848	0.0511	0.1879
half	0.1993	0.3397	0.3423	0.1186
half	0.1955	0.0879	0.4621	0.2545
half	0.3470	0.1781	0.0820	0.3929
half	0.4950	0.0969	0.1177	0.2904
half	0.0420	0.8537	0.0609	0.0434
half	0.2634	0.0501	0.2981	0.3884
half	0.0549	0.0940	0.7576	0.0935
half	0.1011	0.7588	0.0390	0.1010
half	0.0948	0.2580	0.4934	0.1539
half	0.1145	0.5596	0.2390	0.0870
half	0.3638	0.0819	0.1774	0.3769
half	0.1593	0.2507	0.2029	0.3871
half	0.1264	0.3772	0.3016	0.1948
half	0.3627	0.0770	0.1271	0.4332
half	0.0740	0.0875	0.7230	0.1155
half	0.0680	0.2629	0.4979	0.1712
half	0.2246	0.1900	0.2876	0.2978
half	0.3977	0.1736	0.0614	0.3673
half	0.5024	0.0520	0.1249	0.3207
half	0.4104	0.0574	0.0613	0.4710
half	0.3913	0.1602	0.3318	0.1167
half	0.3223	0.1533	0.3608	0.1636
half	0.2085	0.0544	0.3328	0.4043
half	0.3401	0.0416	0.0931	0.5252
half	0.1649	0.0569	0.1207	0.6575
half	0.7216	0.0304	0.0595	0.1885
half	0.2646	0.0575	0.0501	0.6278
half	0.5686	0.0370	0.0704	0.3240
half	0.0999	0.0281	0.2205	0.6515
half	0.3357	0.1007	0.0887	0.4749
half	0.2273	0.0725	0.4195	0.2807
half	0.0507	0.0529	0.7810	0.1154
half	0.1876	0.0403	0.4171	0.3550
half	0.1573	0.0459	0.0446	0.7522
half	0.5381	0.0770	0.0942	0.2907
half	0.1974	0.0824	0.1812	0.5391
half	0.1905	0.0752	0.1367	0.5976
half	0.1449	0.2830	0.2698	0.3023
half	0.1954	0.3269	0.0871	0.3906
half	0.2908	0.0500	0.2274	0.4318
half	0.2535	0.6210	0.0314	0.0941
half	0.2172	0.0284	0.0574	0.6970
half	0.3304	0.2311	0.0384	0.4001
half	0.2384	0.1940	0.2406	0.3270
half	0.2779	0.0776	0.0704	0.5741
half	0.0719	0.7990	0.0644	0.0647
half	0.1019	0.1064	0.6842	0.1075
half	0.2579	0.1709	0.0941	0.4771
half	0.3523	0.1111	0.1816	0.3550
half	0.2149	0.0501	0.1696	0.5654
half	0.2362	0.0486	0.2642	0.4511
half	0.0444	0.0873	0.7863	0.0820
half	0.1673	0.5593	0.1143	0.1592
half	0.0420	0.1419	0.7541	0.0620
half	0.7680	0.0387	0.0576	0.1356
half	0.3796	0.1662	0.2291	0.2250
half	0.6700	0.0300	0.0551	0.2449
half	0.1635	0.0618	0.4267	0.3480
half	0.1553	0.1063	0.2913	0.4472
half	0.1299	0.3312	0.3757	0.1632
half	0.4360	0.1390	0.1508	0.2743
half	0.5131	0.0893	0.1030	0.2947
half	0.5620	0.0450	0.0974	0.2957
half	0.0914	0.2494	0.2782	0.3810
half	0.4348	0.0675	0.1206	0.3771
half	0.4849	0.0959	0.0511	0.3681
half	0.5082	0.0339	0.0440	0.4139
half	0.2904	0.0773	0.4704	0.1620
half	0.2113	0.4818	0.1906	0.1163
half	0.1805	0.1782	0.1140	0.5273
half	0.1396	0.0414	0.5409	0.2782
half	0.3265	0.0775	0.2311	0.3650
half	0.0505	0.8656	0.0300	0.0539
half	0.4582	0.0607	0.0770	0.4041
half	0.0650	0.7609	0.1070	0.0670
half	0.2888	0.0247	0.3678	0.3187
half	0.5880	0.0770	0.1065	0.2284
half	0.2601	0.0371	0.3173	0.3855
half	0.1274	0.0514	0.5861	0.2352
half	0.3020	0.1121	0.3113	0.2746
half	0.2903	0.1226	0.1120	0.4751
half	0.3102	0.0272	0.1415	0.5211
half	0.0290	0.9117	0.0253	0.0340
half	0.1328	0.2789	0.5047	0.0835
half	0.1687	0.1210	0.1268	0.5835
half	0.2152	0.0145	0.0404	0.7299
half	0.3353	0.1161	0.1088	0.4397
half	0.1904	0.0860	0.0979	0.6257
half	0.2226	0.1312	0.4678	0.1783
half	0.4109	0.0567	0.1346	0.3978
half	0.1470	0.1250	0.3937	0.3343
half	0.4703	0.1121	0.1144	0.3032
half	0.1918	0.0728	0.2590	0.4765
half	0.3680	0.1286	0.0947	0.4087
half	0.4543	0.0612	0.1086	0.3759
half	0.1496	0.0563	0.5465	0.2476
half	0.4179	0.0505	0.2345	0.2971
half	0.6934	0.0980	0.0735	0.1351
half	0.1999	0.0446	0.5395	0.2159
half	0.3189	0.0700	0.2207	0.3904
half	0.0964	0.0495	0.7456	0.1085
half	0.1767	0.1025	0.4221	0.2987
half	0.6289	0.0680	0.0663	0.2368
half	0.5463	0.0305	0.0484	0.3748
half	0.1901	0.0794	0.6155	0.1150
half	0.0478	0.7857	0.1140	0.0525
half	0.1547	0.3141	0.2913	0.2399
half	0.2850	0.0580	0.2030	0.4540
half	0.1846	0.1375	0.2764	0.4015
half	0.1943	0.1492	0.0471	0.6094
half	0.1795	0.0286	0.2956	0.4963
half	0.3705	0.0954	0.3503	0.1838
half	0.3509	0.0590	0.2895	0.3006
half	0.3225	0.1300	0.0554	0.4921
half	0.1138	0.0379	0.5357	0.3126
half	0.1167	0.2624	0.5198	0.1011
half	0.3438	0.1451	0.2810	0.2301
half	0.1337	0.0960	0.5823	0.1880
half	0.3340	0.1174	0.1429	0.4057
half	0.1573	0.0853	0.1413	0.6161
half	0.1814	0.1334	0.0653	0.6200
half	0.1640	0.0501	0.1246	0.6612
half	0.1793	0.2127	0.3513	0.2567
half	0.0270	0.9308	0.0225	0.0197
half	0.1231	0.1754	0.5694	0.1321
half	0.1702	0.0398	0.5879	0.2021
half	0.3453	0.0447	0.0725	0.5375
half	0.0529	0.0375	0.8548	0.0548
half	0.2959	0.0476	0.1079	0.5486
half	0.0688	0.3418	0.4926	0.0969
half	0.3509	0.0290	0.4399	0.1803
half	0.1589	0.5396	0.1845	0.1170
half	0.1116	0.1364	0.3252	0.4268
half	0.6096	0.0544	0.2054	0.1306
half	0.1908	0.1294	0.1596	0.5202
half	0.1448	0.4099	0.1230	0.3223
half	0.1268	0.3495	0.3904	0.1334
half	0.2280	0.1811	0.1518	0.4390
half	0.3634	0.0745	0.3193	0.2428
half	0.4383	0.0270	0.0831	0.4516
half	0.4206	0.1247	0.0976	0.3570
half	0.4873	0.0343	0.2625	0.2160
half	0.4455	0.0448	0.0805	0.4292
half	0.1235	0.0970	0.5034	0.2762
half	0.6541	0.0489	0.1210	0.1760
half	0.2557	0.0295	0.1652	0.5496
half	0.0377	0.8824	0.0487	0.0311
half	0.2573	0.1468	0.2023	0.3936
half	0.2765	0.0807	0.4264	0.2164
half	0.2864	0.1621	0.0839	0.4676
half	0.3371	0.2998	0.1355	0.2276
half	0.2791	0.0516	0.2206	0.4486
half	0.2052	0.0807	0.4144	0.2996
half	0.4151	0.0693	0.1440	0.3717
half	0.3691	0.0221	0.3939	0.2149
half	0.4250	0.1420	0.1375	0.2955
half	0.2249	0.0259	0.4456	0.3037
half	0.1015	0.0751	0.3906	0.4328
half	0.2507	0.3517	0.2308	0.1668
half	0.2602	0.0627	0.3685	0.3086
half	0.2392	0.0940	0.3638	0.3029
half	0.0891	0.7629	0.0509	0.0971
half	0.3542	0.3202	0.2148	0.1109
half	0.3492	0.3125	0.0995	0.2388
half	0.5157	0.1719	0.0791	0.2333
half	0.5957	0.0486	0.0279	0.3278
half	0.0479	0.0395	0.8401	0.0725
half	0.1826	0.0292	0.5482	0.2400
half	0.2623	0.0446	0.4674	0.2256
half	0.3117	0.1123	0.2497	0.3263
half	0.3180	0.0530	0.1815	0.4475
half	0.2149	0.0898	0.4265	0.2688
half	0.3856	0.3413	0.1098	0.1633
half	0.2838	0.0456	0.5499	0.1206
half	0.4160	0.2143	0.0440	0.3257
half	0.1064	0.0781	0.6345	0.1810
half	0.2563	0.3542	0.2890	0.1005
half	0.1730	0.4013	0.1523	0.2734
half	0.2876	0.0734	0.0469	0.5921
half	0.2147	0.0370	0.1486	0.5997
half	0.6908	0.0528	0.0654	0.1911
half	0.6680	0.0345	0.1052	0.1923
half	0.4218	0.0587	0.1501	0.3694
half	0.1670	0.3110	0.3138	0.2082
half	0.1319	0.5873	0.1297	0.1512
half	0.0885	0.1852	0.5867	0.1395
half	0.5243	0.1998	0.1878	0.0881
half	0.6084	0.1961	0.0631	0.1325
half	0.3374	0.0426	0.3327	0.2873
half	0.1928	0.0305	0.6689	0.1078
half	0.3770	0.3382	0.0984	0.1865
half	0.8474	0.0300	0.0302	0.0924
half	0.2317	0.0914	0.4439	0.2330
half	0.2705	0.0251	0.4091	0.2953
half	0.1110	0.1583	0.5945	0.1362
half	0.2116	0.1081	0.0601	0.6202
half	0.3831	0.0810	0.3425	0.1933
half	0.3429	0.3332	0.2383	0.0856
half	0.5113	0.2627	0.0336	0.1924
half	0.1758	0.6179	0.1100	0.0964
half	0.1660	0.0411	0.2171	0.5758
half	0.2580	0.4994	0.1344	0.1081
half	0.0505	0.0451	0.8358	0.0686
half	0.1255	0.1910	0.2477	0.4358
half	0.2543	0.4351	0.1715	0.1391
half	0.2571	0.0594	0.2869	0.3966
half	0.2919	0.2999	0.0622	0.3459
half	0.3035	0.0537	0.1516	0.4911
half	0.6436	0.1244	0.1223	0.1098
half	0.2127	0.1056	0.0995	0.5822
half	0.4331	0.1107	0.0675	0.3887
half	0.1550	0.6143	0.0880	0.1426
half	0.2785	0.1035	0.4518	0.1662
half	0.2086	0.0590	0.5269	0.2055
half	0.1423	0.0226	0.7620	0.0731
half	0.1565	0.0978	0.0609	0.6848
half	0.2553	0.0678	0.3956	0.2814
half	0.4494	0.0659	0.2472	0.2376
half	0.1810	0.0484	0.5596	0.2109
half	0.3215	0.4564	0.0629	0.1592
half	0.2400	0.0759	0.2178	0.4664
half	0.2344	0.0708	0.3918	0.3031
half	0.0620	0.0625	0.8198	0.0557
half	0.1491	0.2231	0.3374	0.2904
half	0.2018	0.0757	0.2929	0.4296
half	0.4148	0.1605	0.1077	0.3169
half	0.1072	0.6064	0.1529	0.1335
half	0.0527	0.2902	0.5694	0.0876
half	0.3653	0.0496	0.0903	0.4948
half	0.1959	0.0494	0.0741	0.6806
half	0.1729	0.0391	0.3239	0.4641
half	0.4338	0.1675	0.0527	0.3460
half	0.6408	0.1160	0.0612	0.1820
half	0.2629	0.3137	0.1589	0.2645
half	0.1798	0.2245	0.3670	0.2287
half	0.1824	0.0191	0.2818	0.5167
half	0.4532	0.3250	0.0716	0.1502
half	0.4829	0.1092	0.2262	0.1816
half	0.7544	0.0501	0.0377	0.1578
half	0.1532	0.0299	0.1243	0.6926
half	0.3349	0.0401	0.0792	0.5458
half	0.2190	0.5357	0.0679	0.1775
half	0.0362	0.9017	0.0197	0.0424
half	0.7596	0.0984	0.0495	0.0925
half	0.1594	0.3195	0.4361	0.0850
half	0.2980	0.0837	0.1529	0.4654
half	0.3577	0.3355	0.0379	0.2689
half	0.3992	0.0279	0.3386	0.2342
half	0.8231	0.0245	0.0244	0.1281
half	0.5521	0.0812	0.1175	0.2492
half	0.0629	0.0422	0.8389	0.0560
half	0.5859	0.1506	0.0484	0.2151
half	0.2572	0.0757	0.4969	0.1701
half	0.1521	0.1476	0.1274	0.5729
half	0.2956	0.1321	0.2424	0.3299
half	0.1940	0.4066	0.1684	0.2309
half	0.7427	0.0206	0.0419	0.1948
half	0.6006	0.0370	0.0561	0.3063
half	0.4400	0.2572	0.1045	0.1983
winter	0.2196	0.0809	0.1800	0.5196
half	0.5867	0.1104	0.1166	0.1863
winter	0.2698	0.0292	0.1402	0.5608
winter	0.8209	0.0224	0.0291	0.1276
winter	0.6975	0.0934	0.0489	0.1602
half	0.5513	0.0540	0.2187	0.1761
winter	0.5737	0.0586	0.1292	0.2386
summer	0.2829	0.0546	0.5280	0.1345
half	0.7168	0.0354	0.0882	0.1596
summer	0.1262	0.1879	0.5067	0.1792
summer	0.0823	0.0505	0.7751	0.0921
summer	0.0314	0.0231	0.9043	0.0411
summer	0.0335	0.0556	0.8759	0.0350
summer	0.0404	0.0307	0.8742	0.0547
winter	0.2595	0.1572	0.0370	0.5463
half	0.3451	0.0987	0.2031	0.3531
winter	0.3928	0.0730	0.0966	0.4376
winter	0.6608	0.0493	0.0613	0.2286
winter	0.1164	0.0781	0.1036	0.7019
winter	0.5291	0.1388	0.0426	0.2895
half	0.1039	0.6493	0.1420	0.1049
winter	0.7838	0.0541	0.0433	0.1188
summer	0.1321	0.3344	0.3038	0.2297
summer	0.0498	0.0374	0.8761	0.0368
summer	0.0706	0.0277	0.7901	0.1115
summer	0.2398	0.0721	0.6061	0.0820
summer	0.1030	0.0501	0.7570	0.0900
summer	0.1729	0.0539	0.5127	0.2605
winter	0.4592	0.0434	0.1426	0.3548
winter	0.3183	0.0750	0.1273	0.4794
winter	0.5622	0.0277	0.2361	0.1740
winter	0.3766	0.2233	0.0668	0.3333
winter	0.4003	0.0722	0.1386	0.3889
half	0.2768	0.2753	0.1495	0.2983
winter	0.2951	0.2018	0.1544	0.3487
summer	0.1260	0.1308	0.6633	0.0799
half	0.0969	0.1493	0.5536	0.2002
summer	0.2197	0.0444	0.5261	0.2098
summer	0.0359	0.1206	0.8102	0.0333
summer	0.0475	0.0448	0.8560	0.0518
summer	0.0374	0.0255	0.9041	0.0330
winter	0.1888	0.0730	0.1003	0.6380
winter	0.6342	0.0324	0.0776	0.2559
winter	0.1484	0.0699	0.1178	0.6639
winter	0.3708	0.0718	0.0570	0.5004
half	0.1198	0.0955	0.6649	0.1198
winter	0.4023	0.0695	0.1046	0.4236
half	0.1474	0.0840	0.1369	0.6318
summer	0.3324	0.0541	0.3404	0.2731
summer	0.0745	0.0189	0.8162	0.0904
summer	0.0540	0.1805	0.5844	0.1812
summer	0.0315	0.0473	0.8620	0.0593
summer	0.0583	0.0516	0.8139	0.0762
winter	0.2488	0.1071	0.1657	0.4784
half	0.2623	0.3627	0.1136	0.2614
winter	0.4428	0.0599	0.1553	0.3419
winter	0.4328	0.0456	0.1235	0.3981
winter	0.4941	0.1250	0.0661	0.3148
winter	0.5488	0.0602	0.0535	0.3375
half	0.5709	0.1562	0.0609	0.2121
winter	0.6307	0.0551	0.0657	0.2484
half	0.0750	0.8256	0.0334	0.0660
summer	0.0451	0.0194	0.8955	0.0400
half	0.0424	0.8182	0.0831	0.0564
summer	0.1718	0.0523	0.6118	0.1641
summer	0.0799	0.0639	0.7501	0.1061
summer	0.0709	0.0889	0.7635	0.0767
summer	0.0447	0.0245	0.8884	0.0424
winter	0.1818	0.1054	0.4586	0.2543
half	0.6184	0.0372	0.2158	0.1285
winter	0.2312	0.0386	0.0544	0.6758
winter	0.4771	0.0836	0.1604	0.2788
winter	0.3469	0.0479	0.0670	0.5383
winter	0.3132	0.1141	0.1689	0.4038
half	0.3550	0.1619	0.1482	0.3350
half	0.2614	0.1295	0.2299	0.3792
summer	0.0906	0.0933	0.6846	0.1315
summer	0.0425	0.0645	0.8528	0.0401
summer	0.0608	0.0129	0.8828	0.0435
summer	0.0550	0.0260	0.8771	0.0419
summer	0.0307	0.0230	0.9073	0.0390
half	0.7161	0.0327	0.0921	0.1590
winter	0.1699	0.0502	0.0521	0.7278
winter	0.4906	0.1031	0.1285	0.2778
winter	0.1460	0.0924	0.3379	0.4237
winter	0.6924	0.0884	0.0663	0.1530
summer	0.1056	0.2009	0.5854	0.1081
summer	0.0909	0.0418	0.8253	0.0420
summer	0.0476	0.0279	0.8723	0.0522
summer	0.0969	0.0431	0.8088	0.0511
summer	0.0391	0.0159	0.9032	0.0418
half	0.0878	0.5136	0.2693	0.1294
winter	0.3019	0.0426	0.0615	0.5940
winter	0.2303	0.0462	0.2198	0.5036
winter	0.3230	0.0734	0.1405	0.4632
half	0.3133	0.1952	0.3163	0.1752
half	0.3901	0.0469	0.1368	0.4262
summer	0.1100	0.0468	0.6438	0.1994
summer	0.0345	0.0484	0.8690	0.0481
summer	0.0364	0.0141	0.9063	0.0432
summer	0.3130	0.0244	0.5797	0.0829
summer	0.0640	0.0309	0.8489	0.0562
half	0.1823	0.6020	0.1041	0.1116
half	0.2874	0.4994	0.0877	0.1255
half	0.1028	0.0767	0.7403	0.0801
half	0.0304	0.8616	0.0623	0.0458
half	0.0955	0.0529	0.6936	0.1580
half	0.6134	0.1112	0.0595	0.2159
half	0.1055	0.1127	0.5371	0.2446
half	0.4348	0.1422	0.0525	0.3705
half	0.0399	0.8796	0.0466	0.0339
half	0.0566	0.7008	0.1837	0.0589
half	0.0597	0.8403	0.0325	0.0675
half	0.5646	0.0776	0.0595	0.2982
half	0.3454	0.0843	0.1681	0.4022
half	0.3126	0.0509	0.2628	0.3737
half	0.5031	0.1220	0.0694	0.3055
half	0.1270	0.4992	0.2016	0.1722
half	0.1406	0.4297	0.2298	0.1999
half	0.3156	0.1614	0.2595	0.2635
half	0.1240	0.5026	0.2911	0.0824
half	0.6533	0.0452	0.1095	0.1920
half	0.0368	0.8995	0.0329	0.0309
half	0.5858	0.0505	0.0425	0.3212
half	0.7213	0.0586	0.0220	0.1981
half	0.2109	0.1506	0.1175	0.5210
half	0.3971	0.1037	0.1415	0.3577
half	0.1694	0.1162	0.6375	0.0769
half	0.4604	0.2077	0.1324	0.1995
half	0.2335	0.2666	0.0957	0.4042
half	0.4190	0.0241	0.1037	0.4531
half	0.1760	0.0434	0.6137	0.1670
half	0.2672	0.0557	0.3403	0.3368
half	0.0351	0.8941	0.0279	0.0429
half	0.1367	0.0474	0.1409	0.6751
half	0.4018	0.1468	0.2206	0.2308
half	0.0927	0.0360	0.7651	0.1061
half	0.5688	0.1638	0.0788	0.1887
half	0.2131	0.4258	0.1222	0.2388
half	0.0897	0.4954	0.2473	0.1676
half	0.6746	0.0440	0.0540	0.2274
half	0.4050	0.1314	0.0375	0.4262
half	0.3334	0.0372	0.1827	0.4466
half	0.1943	0.0654	0.6305	0.1098
half	0.2627	0.4599	0.0448	0.2327
half	0.0293	0.9219	0.0210	0.0279
half	0.6564	0.0318	0.1136	0.1982
half	0.0694	0.0400	0.8062	0.0844
half	0.0572	0.0474	0.8197	0.0757
half	0.0444	0.8479	0.0559	0.0519
half	0.4072	0.0911	0.2088	0.2929
half	0.2401	0.1768	0.1563	0.4268
half	0.1305	0.1208	0.6741	0.0746
half	0.0705	0.6038	0.2260	0.0997
half	0.1890	0.5221	0.0405	0.2484
half	0.0508	0.8350	0.0434	0.0709
half	0.0945	0.0561	0.5801	0.2693
half	0.0493	0.0338	0.8532	0.0637
half	0.3527	0.0377	0.1034	0.5062
half	0.5282	0.0781	0.0467	0.3470
half	0.5180	0.0686	0.0561	0.3572
half	0.2860	0.3938	0.1155	0.2048
half	0.0769	0.8138	0.0445	0.0649
half	0.4792	0.3224	0.0338	0.1646
half	0.0433	0.8612	0.0561	0.0394
half	0.0334	0.8950	0.0315	0.0401
half	0.4628	0.1143	0.1466	0.2763
half	0.0496	0.8064	0.0812	0.0627
half	0.0294	0.8759	0.0587	0.0360
half	0.3419	0.0788	0.2532	0.3262
half	0.0588	0.2264	0.6166	0.0983
half	0.1327	0.1493	0.0765	0.6415
half	0.0368	0.8199	0.0845	0.0588
half	0.0382	0.3310	0.5889	0.0419
half	0.1671	0.2092	0.0804	0.5434
half	0.0294	0.9076	0.0246	0.0384
half	0.2984	0.1891	0.0685	0.4440
half	0.1798	0.5624	0.0601	0.1977
half	0.0665	0.7594	0.0763	0.0978
half	0.4459	0.0162	0.1005	0.4374
half	0.0713	0.8114	0.0394	0.0780
half	0.1777	0.1572	0.3355	0.3296
half	0.3182	0.0466	0.2128	0.4224
half	0.1037	0.5337	0.1826	0.1799
half	0.7049	0.0425	0.0679	0.1848
half	0.0388	0.8013	0.1183	0.0416
half	0.2673	0.0612	0.2060	0.4654
half	0.5946	0.0327	0.1376	0.2350
half	0.5389	0.0720	0.1540	0.2351
half	0.1127	0.4223	0.2798	0.1852
half	0.0641	0.6566	0.1921	0.0871
half	0.3612	0.2631	0.1507	0.2251
half	0.0462	0.0537	0.8300	0.0700
half	0.4926	0.0401	0.1589	0.3083
half	0.4403	0.1440	0.0816	0.3340
half	0.0990	0.5406	0.1196	0.2408
half	0.0477	0.8759	0.0336	0.0427
half	0.0329	0.9036	0.0306	0.0329
half	0.1338	0.4910	0.1448	0.2303
half	0.4616	0.1016	0.1554	0.2813
half	0.3324	0.1097	0.2597	0.2983
half	0.1144	0.0463	0.1024	0.7370
half	0.0377	0.8994	0.0219	0.0410
half	0.2705	0.0485	0.5309	0.1501
half	0.4148	0.0719	0.1631	0.3503
half	0.3831	0.1046	0.1429	0.3694
half	0.1325	0.4305	0.2880	0.1490
half	0.0946	0.5917	0.2301	0.0835
half	0.0975	0.5443	0.2196	0.1386
half	0.6005	0.0725	0.0835	0.2435
half	0.2154	0.1484	0.1659	0.4702
half	0.2136	0.0425	0.0595	0.6844
half	0.1793	0.0767	0.5785	0.1654
half	0.0891	0.7685	0.0711	0.0712
half	0.0335	0.9102	0.0240	0.0323
half	0.0401	0.8689	0.0491	0.0419
half	0.0819	0.1185	0.6151	0.1846
half	0.0315	0.8750	0.0557	0.0377
half	0.0958	0.7350	0.0940	0.0753
half	0.0373	0.0567	0.8626	0.0434
half	0.6026	0.2151	0.0330	0.1493
half	0.2251	0.0544	0.5851	0.1355
half	0.3676	0.0584	0.1448	0.4292
half	0.1792	0.0655	0.5849	0.1704
half	0.0661	0.7838	0.0905	0.0596
half	0.0406	0.1084	0.7910	0.0600
half	0.0644	0.1527	0.5428	0.2401
half	0.0386	0.8910	0.0306	0.0397
half	0.6062	0.0715	0.0673	0.2550
half	0.1687	0.1546	0.5347	0.1420
half	0.0915	0.1034	0.6263	0.1788
half	0.1161	0.4588	0.0612	0.3639
half	0.1691	0.2402	0.1365	0.4541
half	0.0253	0.9265	0.0219	0.0264
half	0.2441	0.3001	0.2896	0.1661
half	0.0771	0.7562	0.0715	0.0952
half	0.2619	0.0846	0.1978	0.4557
