1.0000 0.9950 0.9923 0.9944 0.9947 0.9936 0.9919 0.9940 0.9953 0.9943
0.9950 1.0000 0.9930 0.9938 0.9942 0.9929 0.9909 0.9946 0.9951 0.9949
0.9923 0.9930 1.0000 0.9901 0.9906 0.9891 0.9867 0.9945 0.9922 0.9944
0.9944 0.9938 0.9901 1.0000 0.9953 0.9952 0.9940 0.9924 0.9947 0.9926
0.9947 0.9942 0.9906 0.9953 1.0000 0.9952 0.9938 0.9926 0.9952 0.9930
0.9936 0.9929 0.9891 0.9952 0.9952 1.0000 0.9950 0.9913 0.9939 0.9916
0.9919 0.9909 0.9867 0.9940 0.9938 0.9950 1.0000 0.9891 0.9920 0.9894
0.9940 0.9946 0.9945 0.9924 0.9926 0.9913 0.9891 1.0000 0.9938 0.9949
0.9953 0.9951 0.9922 0.9947 0.9952 0.9939 0.9920 0.9938 1.0000 0.9944
0.9943 0.9949 0.9944 0.9926 0.9930 0.9916 0.9894 0.9949 0.9944 1.0000
