%!PS-Adobe-3.0 EPSF-3.0 
% Graphical display of results from structure
% distruct by Noah Rosenberg, version 1.0 Nov 2002 
%                             version 1.1 Jun 2007 
% Command line arguments: distruct/distruct1.1 -K 6 -M 4 -N 882 -p 1597525617/pop -i 1597525617/ind -o 1597525617/out.ps -b 1597525617/labels -c 1597525617/perm -d 1597525617/drawparams 
gsave

% Population Q values from the file: 1597525617/pop
% 6 clusters, 4 populations, 0 individuals
% Pop. code, number of individuals, membership coefficients
% 1	157	0.163	0.184	0.161	0.175	0.173	0.144	
% 2	643	0.171	0.163	0.173	0.168	0.175	0.15	
% 3	40	0.246	0.191	0.259	0.205	0.04	0.059	
% 4	42	0.06	0.095	0.063	0.084	0.036	0.663	


% Individual Q values from the file: 1597525617/ind
% Population code, individual label, membership coefficients
% 1	1	0.1069	0.0126	0.2218	0.2747	0.1734	0.2107	
% 1	2	0.1139	0.0599	0.1101	0.2252	0.392	0.0988	
% 1	3	0.0601	0.0448	0.1005	0.4088	0.2395	0.1464	
% 1	4	0.2136	0.0194	0.0868	0.199	0.161	0.3202	
% 1	5	0.0128	0.9375	0.0103	0.0149	0.0117	0.0128	
% 1	6	0.0686	0.1743	0.0329	0.4255	0.0891	0.2096	
% 1	7	0.3507	0.1697	0.1218	0.1562	0.0911	0.1105	
% 1	8	0.1177	0.0122	0.0646	0.0735	0.575	0.157	
% 1	9	0.0577	0.1498	0.1248	0.3808	0.1396	0.1473	
% 1	10	0.1519	0.4789	0.1025	0.0642	0.1167	0.0858	
% 1	11	0.1432	0.0852	0.0979	0.2365	0.0691	0.368	
% 1	12	0.0763	0.0928	0.0456	0.5971	0.0689	0.1193	
% 1	13	0.2416	0.0233	0.1127	0.0689	0.3456	0.2079	
% 1	14	0.2793	0.4163	0.0192	0.1249	0.0513	0.109	
% 1	15	0.266	0.4028	0.034	0.0977	0.0471	0.1524	
% 1	16	0.1524	0.0869	0.0885	0.1469	0.1155	0.4098	
% 1	17	0.1528	0.0711	0.0141	0.144	0.4922	0.1259	
% 1	18	0.1944	0.0186	0.1446	0.0638	0.405	0.1736	
% 1	19	0.3021	0.0372	0.068	0.0456	0.2684	0.2787	
% 1	20	0.3317	0.1919	0.017	0.2218	0.0711	0.1665	
% 1	21	0.1811	0.163	0.0598	0.0893	0.3601	0.1468	
% 1	22	0.1334	0.0533	0.2566	0.1894	0.1559	0.2115	
% 1	23	0.0729	0.1296	0.0834	0.1949	0.3788	0.1403	
% 1	24	0.0258	0.0153	0.8281	0.0547	0.0323	0.0438	
% 1	25	0.2894	0.1728	0.056	0.0941	0.1939	0.1937	
% 1	26	0.0694	0.0862	0.2303	0.1125	0.4016	0.1	
% 1	27	0.3164	0.0395	0.0385	0.1642	0.0811	0.3602	
% 1	28	0.0227	0.0201	0.8558	0.0444	0.0249	0.0321	
% 1	29	0.1443	0.0437	0.0868	0.2147	0.2407	0.2698	
% 1	30	0.0607	0.6052	0.0367	0.0673	0.1533	0.0768	
% 1	31	0.1317	0.0287	0.1008	0.1937	0.3388	0.2064	
% 1	32	0.1699	0.0749	0.1416	0.0687	0.4113	0.1336	
% 1	33	0.1039	0.1188	0.2816	0.1979	0.1462	0.1517	
% 1	34	0.1539	0.531	0.0357	0.0583	0.0808	0.1403	
% 1	35	0.1394	0.0709	0.1344	0.0974	0.4359	0.122	
% 1	36	0.0958	0.1429	0.0641	0.1836	0.3638	0.1499	
% 1	37	0.1425	0.0808	0.494	0.1001	0.0637	0.119	
% 1	38	0.0417	0.4791	0.3241	0.0351	0.0667	0.0533	
% 1	39	0.1434	0.0807	0.0271	0.0596	0.6303	0.0589	
% 1	40	0.2372	0.235	0.0284	0.3235	0.0704	0.1054	
% 1	41	0.3951	0.0256	0.0709	0.2582	0.0917	0.1586	
% 1	42	0.041	0.7908	0.0169	0.0453	0.0587	0.0473	
% 1	43	0.0884	0.0318	0.1218	0.3658	0.2977	0.0945	
% 1	44	0.051	0.0332	0.0606	0.3589	0.355	0.1413	
% 1	45	0.0643	0.3205	0.2566	0.1589	0.0707	0.129	
% 1	46	0.201	0.0473	0.3375	0.0819	0.16	0.1721	
% 1	47	0.0568	0.0537	0.693	0.0869	0.0422	0.0675	
% 1	48	0.1118	0.0338	0.1025	0.3757	0.2475	0.1286	
% 1	49	0.2296	0.0302	0.235	0.153	0.176	0.1762	
% 1	50	0.4812	0.0194	0.0206	0.1121	0.1978	0.1689	
% 1	51	0.062	0.691	0.0512	0.0617	0.047	0.087	
% 1	52	0.0281	0.8433	0.0299	0.028	0.0388	0.032	
% 1	53	0.0532	0.0251	0.6095	0.1471	0.0858	0.0793	
% 1	54	0.1224	0.0567	0.5112	0.1515	0.0886	0.0695	
% 1	55	0.1572	0.0762	0.0422	0.1079	0.4594	0.1572	
% 1	56	0.1664	0.0659	0.3724	0.0629	0.0947	0.2377	
% 1	57	0.0779	0.018	0.5611	0.067	0.1582	0.1178	
% 1	58	0.0476	0.6866	0.0384	0.057	0.0753	0.0951	
% 1	59	0.1275	0.021	0.5036	0.146	0.0839	0.1179	
% 1	60	0.1776	0.0882	0.048	0.164	0.0763	0.4458	
% 1	61	0.2398	0.0466	0.3489	0.1071	0.096	0.1616	
% 1	62	0.0969	0.0311	0.062	0.3693	0.2661	0.1746	
% 1	63	0.0894	0.1923	0.33	0.147	0.1024	0.1389	
% 1	64	0.189	0.049	0.0745	0.3137	0.112	0.2618	
% 1	65	0.1598	0.0504	0.0659	0.101	0.2941	0.3288	
% 1	66	0.4353	0.2167	0.0268	0.0683	0.1263	0.1267	
% 1	67	0.2718	0.0283	0.2279	0.0778	0.0742	0.3201	
% 1	68	0.0856	0.0377	0.3772	0.192	0.2043	0.1032	
% 1	69	0.069	0.1919	0.4573	0.0492	0.1345	0.0981	
% 1	70	0.0863	0.0267	0.1239	0.1728	0.5031	0.0872	
% 1	71	0.1696	0.0251	0.0708	0.153	0.3717	0.2098	
% 1	72	0.141	0.0174	0.1202	0.3368	0.1167	0.2678	
% 1	73	0.06	0.1922	0.1899	0.0741	0.4139	0.0698	
% 1	74	0.2018	0.0284	0.0289	0.5266	0.0968	0.1176	
% 1	75	0.1816	0.0913	0.2787	0.0661	0.2152	0.1672	
% 1	76	0.0725	0.0335	0.6082	0.0784	0.1425	0.065	
% 1	77	0.0206	0.9082	0.0139	0.0223	0.014	0.021	
% 1	78	0.1023	0.0311	0.0985	0.2073	0.4434	0.1175	
% 1	79	0.1062	0.0375	0.0766	0.0909	0.5397	0.1491	
% 1	80	0.0569	0.7189	0.0699	0.0561	0.039	0.0592	
% 1	81	0.1214	0.3833	0.071	0.2261	0.0799	0.1182	
% 1	82	0.0514	0.0152	0.4948	0.1866	0.1441	0.1078	
% 1	83	0.2433	0.0346	0.1653	0.0964	0.3127	0.1477	
% 1	84	0.1996	0.1455	0.0484	0.21	0.1749	0.2215	
% 1	85	0.1311	0.0213	0.0923	0.0773	0.4868	0.1912	
% 1	86	0.4795	0.0607	0.0185	0.2019	0.0755	0.164	
% 1	87	0.1729	0.0282	0.2302	0.3025	0.1205	0.1457	
% 2	88	0.0483	0.8246	0.0164	0.0234	0.0572	0.03	
% 2	89	0.32	0.0417	0.047	0.0777	0.3535	0.1601	
% 2	90	0.0228	0.8776	0.018	0.0257	0.0263	0.0297	
% 2	91	0.1815	0.0119	0.2979	0.2301	0.1178	0.1608	
% 2	92	0.0986	0.0327	0.4666	0.0779	0.2106	0.1138	
% 2	93	0.036	0.0134	0.7918	0.0333	0.0716	0.0538	
% 2	94	0.145	0.1462	0.0278	0.159	0.3255	0.1965	
% 2	95	0.1053	0.1684	0.0234	0.2064	0.4088	0.0877	
% 2	96	0.2231	0.071	0.0663	0.0882	0.1231	0.4283	
% 2	97	0.0232	0.1157	0.7317	0.029	0.062	0.0384	
% 2	98	0.164	0.0354	0.0892	0.144	0.1466	0.4208	
% 2	99	0.1202	0.0738	0.3092	0.1161	0.0656	0.3152	
% 2	100	0.0574	0.025	0.0476	0.079	0.6675	0.1235	
% 2	101	0.0698	0.4781	0.0998	0.0815	0.1885	0.0823	
% 2	102	0.3469	0.0537	0.032	0.0799	0.1199	0.3676	
% 2	103	0.1596	0.1551	0.1012	0.1252	0.3044	0.1544	
% 2	104	0.0794	0.0268	0.4116	0.1053	0.247	0.1299	
% 2	105	0.0511	0.1757	0.4885	0.1359	0.0227	0.1261	
% 2	106	0.015	0.9078	0.033	0.0176	0.0126	0.0141	
% 2	107	0.2341	0.0657	0.0682	0.0776	0.0418	0.5126	
% 2	108	0.1883	0.0422	0.1743	0.1405	0.12	0.3347	
% 2	109	0.224	0.175	0.022	0.1136	0.1137	0.3518	
% 2	110	0.0698	0.158	0.4339	0.1014	0.1225	0.1145	
% 2	111	0.1112	0.0533	0.3389	0.1175	0.123	0.256	
% 2	112	0.1632	0.0753	0.038	0.175	0.2275	0.321	
% 2	113	0.1626	0.4768	0.0378	0.0736	0.1444	0.1048	
% 2	114	0.1343	0.029	0.0461	0.1247	0.5368	0.1291	
% 2	115	0.0302	0.0427	0.2866	0.5192	0.0597	0.0617	
% 2	116	0.1062	0.0662	0.045	0.1346	0.5077	0.1403	
% 2	117	0.1336	0.1563	0.0389	0.115	0.3704	0.1858	
% 2	118	0.2445	0.0239	0.1167	0.0694	0.4066	0.1389	
% 2	119	0.3463	0.0447	0.0425	0.1254	0.1272	0.3138	
% 2	120	0.0424	0.0117	0.8017	0.0371	0.0498	0.0573	
% 2	121	0.2585	0.0391	0.0264	0.2414	0.2845	0.15	
% 2	122	0.2162	0.0471	0.1598	0.1711	0.2651	0.1407	
% 2	123	0.1917	0.018	0.1935	0.1413	0.198	0.2575	
% 2	124	0.0796	0.091	0.0302	0.5352	0.1235	0.1406	
% 2	125	0.0521	0.0827	0.447	0.189	0.1537	0.0756	
% 2	126	0.0571	0.626	0.0417	0.096	0.0943	0.0849	
% 2	127	0.5098	0.0454	0.0403	0.0556	0.037	0.3119	
% 2	128	0.0744	0.0269	0.6328	0.0388	0.0917	0.1354	
% 2	129	0.1003	0.1548	0.0558	0.0646	0.5347	0.0897	
% 2	130	0.0881	0.0515	0.0229	0.523	0.1967	0.1178	
% 2	131	0.0713	0.0518	0.1016	0.1534	0.4781	0.1438	
% 2	132	0.1396	0.0369	0.4467	0.1184	0.0963	0.1621	
% 2	133	0.1042	0.0216	0.0478	0.1574	0.4748	0.1943	
% 2	134	0.5201	0.0431	0.0413	0.1252	0.0716	0.1987	
% 2	135	0.0217	0.0163	0.8762	0.0241	0.0249	0.0368	
% 2	136	0.2493	0.0302	0.0886	0.1038	0.3229	0.2053	
% 2	137	0.3012	0.1768	0.0383	0.2901	0.0572	0.1363	
% 2	138	0.0471	0.6576	0.0202	0.0727	0.1419	0.0605	
% 2	139	0.0916	0.0161	0.0372	0.2024	0.5504	0.1023	
% 2	140	0.202	0.0832	0.0412	0.0849	0.4473	0.1413	
% 2	141	0.1432	0.3249	0.0949	0.0837	0.2553	0.098	
% 2	142	0.1412	0.2774	0.1619	0.1102	0.1139	0.1954	
% 2	143	0.0422	0.0506	0.5921	0.1154	0.1135	0.0863	
% 2	144	0.0714	0.0113	0.0344	0.2039	0.572	0.1069	
% 2	145	0.1074	0.0196	0.0292	0.4211	0.0753	0.3474	
% 2	146	0.1048	0.0487	0.5032	0.0848	0.1768	0.0818	
% 2	147	0.3567	0.0356	0.0842	0.0817	0.062	0.3798	
% 2	148	0.2097	0.0136	0.1264	0.1942	0.0653	0.3908	
% 2	149	0.2463	0.0559	0.2552	0.0912	0.1422	0.2092	
% 2	150	0.2198	0.0473	0.3582	0.0747	0.1481	0.1519	
% 2	151	0.1794	0.0617	0.083	0.0636	0.5222	0.0901	
% 2	152	0.1837	0.0474	0.1013	0.3088	0.0559	0.3029	
% 2	153	0.0361	0.0255	0.8341	0.0293	0.0258	0.0492	
% 2	154	0.3298	0.0437	0.0318	0.2333	0.1008	0.2607	
% 2	155	0.2446	0.066	0.1677	0.2091	0.1927	0.1199	
% 2	156	0.3243	0.0972	0.1215	0.2399	0.0677	0.1494	
% 2	157	0.0878	0.0554	0.1587	0.3343	0.2155	0.1482	
% 2	158	0.263	0.0165	0.0892	0.0852	0.245	0.301	
% 2	159	0.2931	0.0327	0.0285	0.2312	0.137	0.2776	
% 2	160	0.3526	0.0411	0.1747	0.157	0.0702	0.2044	
% 2	161	0.1414	0.0299	0.3124	0.1989	0.1446	0.1728	
% 2	162	0.2466	0.055	0.1821	0.1379	0.1078	0.2707	
% 2	163	0.1192	0.0368	0.5151	0.1297	0.0501	0.1492	
% 2	164	0.2245	0.0194	0.0484	0.1615	0.1695	0.3766	
% 2	165	0.0986	0.015	0.1471	0.3169	0.125	0.2974	
% 2	166	0.1602	0.0366	0.0386	0.58	0.0867	0.098	
% 2	167	0.1815	0.0793	0.2348	0.2066	0.1228	0.1749	
% 2	168	0.0968	0.0456	0.0447	0.046	0.6398	0.1271	
% 2	169	0.0213	0.919	0.0112	0.0163	0.0133	0.0188	
% 2	170	0.0683	0.0508	0.5619	0.1184	0.0748	0.1258	
% 2	171	0.159	0.0227	0.0899	0.1994	0.2473	0.2817	
% 2	172	0.094	0.345	0.2315	0.0552	0.1293	0.145	
% 2	173	0.0266	0.8878	0.0174	0.0233	0.0182	0.0267	
% 2	174	0.0746	0.0261	0.082	0.5187	0.1418	0.1568	
% 2	175	0.1269	0.0221	0.0516	0.1234	0.544	0.132	
% 2	176	0.198	0.0351	0.4677	0.0311	0.1073	0.1608	
% 2	177	0.044	0.0119	0.7394	0.0991	0.03	0.0757	
% 2	178	0.317	0.0332	0.0193	0.2089	0.0618	0.3598	
% 2	179	0.1208	0.0177	0.3715	0.1379	0.1794	0.1727	
% 2	180	0.0396	0.7912	0.0432	0.032	0.0581	0.0359	
% 2	181	0.2265	0.0295	0.0465	0.2922	0.1328	0.2726	
% 2	182	0.1529	0.1009	0.0417	0.0832	0.5111	0.1101	
% 2	183	0.185	0.0273	0.0706	0.3255	0.1943	0.1973	
% 2	184	0.1146	0.4829	0.0781	0.0418	0.1595	0.1231	
% 2	185	0.0441	0.0079	0.027	0.0329	0.8454	0.0427	
% 2	186	0.0519	0.0793	0.4092	0.071	0.3107	0.0779	
% 2	187	0.0681	0.017	0.0386	0.7005	0.0382	0.1376	
% 2	188	0.0719	0.0448	0.0699	0.1503	0.5165	0.1467	
% 2	189	0.1201	0.1177	0.2235	0.0735	0.2838	0.1815	
% 2	190	0.1206	0.037	0.5124	0.0637	0.072	0.1943	
% 2	191	0.051	0.0299	0.508	0.2323	0.0747	0.1041	
% 2	192	0.5191	0.0256	0.0188	0.0402	0.0502	0.3461	
% 2	193	0.2749	0.0855	0.0795	0.1461	0.1244	0.2895	
% 2	194	0.552	0.0117	0.0347	0.0358	0.0454	0.3205	
% 2	195	0.0442	0.7889	0.0152	0.0508	0.0475	0.0534	
% 2	196	0.0593	0.0207	0.0181	0.7215	0.1074	0.073	
% 2	197	0.191	0.0429	0.3604	0.1654	0.1361	0.1041	
% 2	198	0.0582	0.7275	0.0473	0.0358	0.044	0.0872	
% 2	199	0.1031	0.0213	0.0478	0.1774	0.5383	0.112	
% 2	200	0.0639	0.0399	0.6441	0.085	0.1129	0.0543	
% 2	201	0.247	0.0194	0.0536	0.2482	0.0821	0.3497	
% 2	202	0.0796	0.0107	0.7763	0.0419	0.0315	0.06	
% 2	203	0.1564	0.028	0.0858	0.3531	0.105	0.2716	
% 2	204	0.2058	0.0416	0.1055	0.1953	0.1102	0.3416	
% 2	205	0.0619	0.076	0.0685	0.4624	0.0954	0.2359	
% 2	206	0.0348	0.8089	0.0281	0.0287	0.055	0.0445	
% 2	207	0.1308	0.1812	0.0559	0.2686	0.1086	0.2549	
% 2	208	0.2281	0.0281	0.0483	0.1883	0.2272	0.28	
% 2	209	0.0581	0.4839	0.1117	0.0594	0.2143	0.0725	
% 2	210	0.0216	0.8975	0.0124	0.0308	0.02	0.0178	
% 2	211	0.2298	0.1116	0.0447	0.119	0.3103	0.1846	
% 2	212	0.1393	0.1926	0.298	0.1303	0.0449	0.1949	
% 2	213	0.0666	0.0224	0.0517	0.5111	0.2139	0.1343	
% 2	214	0.12	0.0331	0.0328	0.3963	0.0328	0.3849	
% 2	215	0.6764	0.0182	0.0421	0.0422	0.0831	0.138	
% 2	216	0.0308	0.8024	0.021	0.0597	0.0503	0.0359	
% 2	217	0.1865	0.333	0.067	0.1226	0.071	0.2199	
% 2	218	0.0749	0.0236	0.4287	0.2711	0.0797	0.1221	
% 2	219	0.4601	0.0875	0.0256	0.1809	0.087	0.1589	
% 2	220	0.2384	0.0106	0.0916	0.1094	0.2357	0.3143	
% 2	221	0.055	0.2208	0.0432	0.3938	0.1258	0.1614	
% 2	222	0.2281	0.0287	0.1561	0.2706	0.1227	0.1939	
% 2	223	0.2344	0.0484	0.0644	0.3736	0.0904	0.1887	
% 2	224	0.3847	0.022	0.0717	0.1371	0.1523	0.2322	
% 2	225	0.0183	0.9152	0.0149	0.017	0.0174	0.0171	
% 2	226	0.1327	0.1459	0.0294	0.1122	0.4829	0.0968	
% 2	227	0.0199	0.8744	0.0328	0.0296	0.0218	0.0216	
% 2	228	0.1848	0.0401	0.0308	0.4624	0.0995	0.1824	
% 2	229	0.0586	0.022	0.088	0.2789	0.3746	0.1779	
% 2	230	0.0851	0.1504	0.1144	0.2071	0.1075	0.3354	
% 2	231	0.1737	0.0472	0.0343	0.4107	0.1808	0.1532	
% 2	232	0.1018	0.0335	0.1249	0.198	0.4069	0.1349	
% 2	233	0.1925	0.074	0.0641	0.2005	0.1129	0.3558	
% 2	234	0.0209	0.8922	0.0209	0.0188	0.0269	0.0203	
% 2	235	0.1971	0.4808	0.0689	0.054	0.0639	0.1353	
% 2	236	0.2227	0.0186	0.1497	0.0996	0.0413	0.4682	
% 2	237	0.2971	0.0765	0.1327	0.1274	0.1337	0.2326	
% 2	238	0.1949	0.0826	0.0307	0.1617	0.0309	0.4992	
% 2	239	0.5344	0.054	0.0333	0.036	0.1789	0.1633	
% 2	240	0.1235	0.0331	0.047	0.1968	0.4604	0.1392	
% 2	241	0.1623	0.0609	0.3884	0.0969	0.1839	0.1076	
% 2	242	0.5978	0.0134	0.1061	0.0392	0.0611	0.1823	
% 2	243	0.1225	0.037	0.3021	0.2663	0.122	0.1501	
% 2	244	0.1014	0.0446	0.1939	0.3749	0.1189	0.1664	
% 2	245	0.0163	0.9205	0.0129	0.0138	0.021	0.0154	
% 2	246	0.0746	0.1506	0.5637	0.0647	0.0508	0.0958	
% 2	247	0.0736	0.4685	0.0948	0.1251	0.0831	0.155	
% 2	248	0.0718	0.4519	0.0363	0.0622	0.3206	0.0571	
% 2	249	0.1391	0.0444	0.0373	0.3447	0.1839	0.2504	
% 2	250	0.1725	0.0827	0.0727	0.1436	0.3242	0.2042	
% 2	251	0.1587	0.043	0.058	0.4304	0.1232	0.1867	
% 2	252	0.0357	0.0283	0.7516	0.0771	0.0521	0.0552	
% 2	253	0.1984	0.0487	0.0319	0.0708	0.5313	0.119	
% 2	254	0.1346	0.0435	0.3186	0.253	0.1299	0.1204	
% 2	255	0.0515	0.0229	0.418	0.301	0.1026	0.104	
% 2	256	0.0881	0.2715	0.2776	0.2042	0.0417	0.1169	
% 2	257	0.0994	0.0589	0.0477	0.4084	0.1819	0.2037	
% 1	258	0.1958	0.1812	0.1082	0.236	0.193	0.0858	
% 1	259	0.192	0.4252	0.069	0.058	0.1174	0.1384	
% 1	260	0.48	0.0195	0.0656	0.0595	0.2379	0.1373	
% 1	261	0.1573	0.0379	0.0328	0.2096	0.3812	0.1812	
% 1	262	0.1487	0.1032	0.1533	0.149	0.2697	0.1761	
% 1	263	0.1086	0.0298	0.374	0.2034	0.0469	0.2373	
% 1	264	0.1729	0.0474	0.0483	0.4141	0.0987	0.2185	
% 1	265	0.3549	0.0328	0.0937	0.1901	0.0852	0.2432	
% 1	266	0.0693	0.0149	0.0424	0.6266	0.1166	0.1302	
% 1	267	0.1612	0.1219	0.0647	0.1076	0.2814	0.2632	
% 1	268	0.0989	0.1156	0.314	0.1185	0.1654	0.1875	
% 1	269	0.1057	0.1236	0.0384	0.0841	0.5137	0.1345	
% 1	270	0.0472	0.0268	0.444	0.2505	0.116	0.1155	
% 1	271	0.1045	0.2714	0.049	0.0695	0.3867	0.1189	
% 1	272	0.154	0.166	0.0261	0.3829	0.0973	0.1736	
% 1	273	0.2349	0.0319	0.0671	0.0814	0.4179	0.1668	
% 1	274	0.0427	0.7441	0.0266	0.0572	0.0822	0.0472	
% 1	275	0.2292	0.1078	0.1772	0.1282	0.1281	0.2294	
% 1	276	0.431	0.0407	0.0429	0.1297	0.1265	0.2292	
% 1	277	0.288	0.0638	0.0344	0.2476	0.2405	0.1258	
% 1	278	0.1331	0.2487	0.0347	0.1425	0.0815	0.3595	
% 1	279	0.402	0.1491	0.0383	0.0711	0.1057	0.2338	
% 1	280	0.0806	0.0901	0.3281	0.1476	0.2421	0.1116	
% 1	281	0.1609	0.0383	0.0416	0.0773	0.5159	0.1659	
% 1	282	0.158	0.1601	0.0921	0.1623	0.235	0.1924	
% 1	283	0.2948	0.0413	0.0552	0.1956	0.1836	0.2294	
% 1	284	0.1006	0.0234	0.1086	0.5306	0.082	0.1548	
% 1	285	0.2893	0.0382	0.2176	0.1164	0.1221	0.2164	
% 1	286	0.2738	0.0184	0.1096	0.2007	0.152	0.2454	
% 1	287	0.0121	0.9486	0.0084	0.009	0.0119	0.01	
% 1	288	0.0493	0.7198	0.0399	0.0353	0.0548	0.1008	
% 1	289	0.288	0.0915	0.0392	0.0959	0.2724	0.2129	
% 1	290	0.0167	0.9123	0.0193	0.0182	0.0159	0.0176	
% 1	291	0.0734	0.3871	0.1365	0.1384	0.076	0.1885	
% 1	292	0.14	0.209	0.0531	0.1332	0.3764	0.0882	
% 1	293	0.0635	0.0286	0.5892	0.0812	0.1302	0.1073	
% 1	294	0.3748	0.1592	0.0361	0.1928	0.083	0.154	
% 1	295	0.2875	0.0179	0.1078	0.1863	0.2722	0.1283	
% 1	296	0.3663	0.0279	0.0926	0.1977	0.1022	0.2133	
% 1	297	0.0526	0.7575	0.0207	0.0621	0.0563	0.0509	
% 1	298	0.517	0.0183	0.0356	0.169	0.0547	0.2054	
% 1	299	0.2223	0.1856	0.2484	0.0774	0.0462	0.22	
% 1	300	0.2497	0.0296	0.0589	0.1101	0.3683	0.1834	
% 1	301	0.0249	0.8652	0.0178	0.0333	0.0339	0.0249	
% 1	302	0.1606	0.4126	0.0422	0.1434	0.0542	0.1869	
% 1	303	0.1665	0.1023	0.0371	0.0818	0.4692	0.143	
% 1	304	0.3323	0.1217	0.0609	0.0585	0.1789	0.2477	
% 1	305	0.2456	0.0239	0.0571	0.0951	0.1502	0.4281	
% 1	306	0.0665	0.5587	0.0147	0.2024	0.1105	0.0472	
% 1	307	0.1612	0.0178	0.1489	0.1383	0.3074	0.2265	
% 1	308	0.3155	0.0842	0.0363	0.1596	0.1917	0.2127	
% 1	309	0.0233	0.8887	0.0211	0.0223	0.023	0.0215	
% 1	310	0.1285	0.402	0.048	0.1172	0.1879	0.1164	
% 1	311	0.2573	0.4404	0.031	0.0656	0.0636	0.1422	
% 1	312	0.1027	0.0309	0.4991	0.0909	0.107	0.1694	
% 1	313	0.2428	0.0143	0.0883	0.2123	0.0631	0.3792	
% 1	314	0.1153	0.0402	0.5565	0.0762	0.0989	0.1128	
% 1	315	0.0971	0.0441	0.0638	0.3112	0.2979	0.186	
% 1	316	0.3142	0.0259	0.0504	0.234	0.109	0.2665	
% 1	317	0.0853	0.0281	0.1552	0.0353	0.5919	0.1041	
% 1	318	0.099	0.0244	0.3903	0.1512	0.1951	0.14	
% 1	319	0.2388	0.0153	0.086	0.1233	0.2653	0.2713	
% 1	320	0.1821	0.0108	0.0534	0.3723	0.0367	0.3447	
% 1	321	0.2562	0.0207	0.0464	0.1865	0.2491	0.2411	
% 1	322	0.1389	0.2645	0.0382	0.1325	0.3498	0.0761	
% 1	323	0.2213	0.0221	0.0204	0.4354	0.097	0.2037	
% 1	324	0.1377	0.0181	0.0913	0.6051	0.0501	0.0977	
% 1	325	0.0644	0.3303	0.0292	0.124	0.3562	0.0959	
% 1	326	0.183	0.0445	0.0452	0.3482	0.1602	0.2188	
% 1	327	0.2846	0.0296	0.0868	0.3876	0.0342	0.1772	
% 2	328	0.1055	0.0349	0.5882	0.1275	0.045	0.099	
% 2	329	0.1218	0.0442	0.0453	0.3471	0.2184	0.2232	
% 2	330	0.1681	0.0516	0.0198	0.5467	0.1247	0.0891	
% 2	331	0.085	0.615	0.0554	0.0761	0.0556	0.1129	
% 2	332	0.0964	0.6762	0.0457	0.0387	0.072	0.0711	
% 2	333	0.0414	0.8004	0.0179	0.0239	0.0765	0.04	
% 2	334	0.0811	0.1543	0.1319	0.4447	0.1053	0.0827	
% 2	335	0.1564	0.0173	0.3266	0.1769	0.1146	0.2082	
% 2	336	0.0313	0.847	0.0204	0.029	0.0392	0.033	
% 2	337	0.2719	0.0278	0.0344	0.1758	0.2402	0.25	
% 2	338	0.0459	0.8375	0.0156	0.0292	0.031	0.0408	
% 2	339	0.1194	0.0319	0.0236	0.1814	0.4862	0.1576	
% 2	340	0.1583	0.118	0.4286	0.1193	0.0602	0.1156	
% 2	341	0.3287	0.0117	0.1343	0.1352	0.0751	0.315	
% 2	342	0.2714	0.3101	0.0693	0.1249	0.1205	0.1038	
% 2	343	0.1061	0.2745	0.1468	0.1136	0.1666	0.1924	
% 2	344	0.1666	0.3723	0.0699	0.0524	0.2107	0.128	
% 2	345	0.0624	0.617	0.0736	0.1019	0.0582	0.0869	
% 2	346	0.0643	0.0179	0.02	0.7284	0.0966	0.0728	
% 2	347	0.3274	0.0362	0.0321	0.1339	0.2046	0.2657	
% 2	348	0.147	0.1305	0.0491	0.1565	0.3806	0.1364	
% 2	349	0.4185	0.0249	0.0335	0.0889	0.1418	0.2924	
% 2	350	0.253	0.0283	0.0223	0.0729	0.0584	0.565	
% 2	351	0.1117	0.6818	0.024	0.0309	0.0744	0.0772	
% 2	352	0.1421	0.2886	0.0438	0.1076	0.0482	0.3697	
% 2	353	0.1557	0.1317	0.1069	0.3333	0.1246	0.1479	
% 2	354	0.1061	0.0601	0.0322	0.3179	0.3745	0.1092	
% 2	355	0.0847	0.0258	0.0437	0.3391	0.3807	0.126	
% 2	356	0.1377	0.0303	0.3427	0.1466	0.0778	0.2648	
% 2	357	0.04	0.6435	0.2092	0.036	0.0377	0.0337	
% 2	358	0.2606	0.014	0.2682	0.1347	0.1852	0.1373	
% 2	359	0.4187	0.0572	0.071	0.0757	0.2199	0.1575	
% 2	360	0.0952	0.0368	0.2978	0.1392	0.2802	0.1508	
% 2	361	0.1091	0.0136	0.0381	0.6487	0.0646	0.1259	
% 2	362	0.1827	0.1392	0.0582	0.3566	0.1097	0.1536	
% 2	363	0.1186	0.1612	0.1356	0.1724	0.249	0.1633	
% 2	364	0.5288	0.0162	0.0381	0.0848	0.1247	0.2074	
% 2	365	0.2553	0.0295	0.0276	0.2315	0.243	0.2133	
% 2	366	0.1992	0.0267	0.2531	0.1208	0.1192	0.2809	
% 2	367	0.0452	0.7434	0.0255	0.0799	0.0539	0.0521	
% 2	368	0.1888	0.318	0.0514	0.1037	0.1305	0.2075	
% 2	369	0.099	0.0557	0.2258	0.1217	0.3961	0.1018	
% 2	370	0.1439	0.0419	0.0507	0.2242	0.2609	0.2784	
% 2	371	0.2689	0.0269	0.0751	0.1883	0.2673	0.1735	
% 2	372	0.3771	0.0622	0.0688	0.1456	0.1993	0.147	
% 2	373	0.0895	0.0729	0.4718	0.139	0.1236	0.1032	
% 2	374	0.0629	0.016	0.7546	0.0346	0.0673	0.0647	
% 2	375	0.1412	0.0777	0.0429	0.2191	0.3234	0.1958	
% 2	376	0.0371	0.8632	0.0182	0.0283	0.0217	0.0314	
% 2	377	0.0787	0.1968	0.3302	0.1339	0.1491	0.1113	
% 2	378	0.328	0.0562	0.1525	0.0938	0.1386	0.2309	
% 2	379	0.3104	0.0775	0.0993	0.2176	0.0747	0.2204	
% 2	380	0.1335	0.0907	0.0857	0.2242	0.3712	0.0947	
% 2	381	0.3255	0.0368	0.0716	0.0834	0.3219	0.1608	
% 2	382	0.2146	0.0262	0.0797	0.1739	0.1166	0.389	
% 2	383	0.0819	0.3875	0.0432	0.1845	0.2214	0.0815	
% 2	384	0.3459	0.134	0.0215	0.1046	0.0254	0.3685	
% 2	385	0.1181	0.0354	0.0229	0.5861	0.1035	0.1339	
% 2	386	0.3182	0.2983	0.0291	0.0978	0.0768	0.1798	
% 2	387	0.1944	0.2436	0.2142	0.0971	0.1149	0.1357	
% 2	388	0.0765	0.039	0.2057	0.0689	0.4656	0.1444	
% 2	389	0.1598	0.1008	0.0386	0.2196	0.1993	0.2819	
% 2	390	0.3457	0.0538	0.063	0.1744	0.1273	0.2358	
% 2	391	0.0272	0.8452	0.0385	0.0242	0.0318	0.0331	
% 2	392	0.1837	0.0267	0.2477	0.1884	0.177	0.1765	
% 2	393	0.048	0.0638	0.7011	0.0753	0.0546	0.0572	
% 2	394	0.0536	0.713	0.0187	0.051	0.0517	0.1121	
% 2	395	0.0747	0.1651	0.3137	0.0868	0.2379	0.1219	
% 2	396	0.0675	0.5313	0.1658	0.0772	0.0453	0.1129	
% 2	397	0.1582	0.0391	0.0804	0.2215	0.219	0.2817	
% 2	398	0.1275	0.1646	0.0934	0.3361	0.1442	0.1341	
% 2	399	0.0661	0.2624	0.1961	0.0949	0.2787	0.1018	
% 2	400	0.2022	0.0392	0.072	0.3652	0.0945	0.2268	
% 2	401	0.056	0.0497	0.6429	0.1074	0.0888	0.0552	
% 2	402	0.0642	0.1862	0.2953	0.1707	0.2119	0.0717	
% 2	403	0.1561	0.1059	0.1731	0.1593	0.3058	0.1	
% 2	404	0.1637	0.0848	0.029	0.126	0.437	0.1595	
% 2	405	0.3901	0.0253	0.0677	0.1813	0.0822	0.2534	
% 2	406	0.3014	0.0292	0.0352	0.2429	0.2449	0.1463	
% 2	407	0.3833	0.0811	0.2017	0.0721	0.0474	0.2143	
% 2	408	0.234	0.0801	0.216	0.1307	0.0516	0.2876	
% 2	409	0.1427	0.0269	0.2121	0.2913	0.1451	0.1819	
% 2	410	0.1423	0.0191	0.038	0.3855	0.0758	0.3393	
% 2	411	0.0603	0.0251	0.0437	0.343	0.3843	0.1436	
% 2	412	0.4026	0.0168	0.0291	0.1427	0.1215	0.2874	
% 2	413	0.1318	0.0295	0.0214	0.5149	0.0733	0.229	
% 2	414	0.296	0.0197	0.0432	0.1504	0.3232	0.1675	
% 2	415	0.0545	0.0143	0.1045	0.4504	0.2852	0.0911	
% 2	416	0.1496	0.0525	0.0423	0.2837	0.3065	0.1654	
% 2	417	0.2076	0.0343	0.2678	0.335	0.0582	0.097	
% 2	418	0.0336	0.0331	0.6709	0.1327	0.0659	0.0639	
% 2	419	0.1323	0.0213	0.2225	0.232	0.1859	0.206	
% 2	420	0.0631	0.0247	0.028	0.5804	0.1682	0.1356	
% 2	421	0.4066	0.044	0.051	0.1511	0.132	0.2152	
% 2	422	0.0398	0.0276	0.0392	0.0546	0.7349	0.1039	
% 2	423	0.074	0.0369	0.0846	0.5345	0.1281	0.1419	
% 2	424	0.0939	0.1672	0.118	0.4478	0.0454	0.1278	
% 2	425	0.1004	0.225	0.0365	0.1623	0.1755	0.3004	
% 2	426	0.2233	0.026	0.109	0.3493	0.1267	0.1657	
% 2	427	0.1576	0.5616	0.0152	0.0561	0.1093	0.1001	
% 2	428	0.0631	0.0139	0.023	0.7682	0.0426	0.0892	
% 2	429	0.2541	0.1424	0.0193	0.1827	0.287	0.1144	
% 2	430	0.0777	0.0879	0.0907	0.0663	0.5487	0.1287	
% 2	431	0.1117	0.035	0.0348	0.5559	0.1315	0.1311	
% 2	432	0.0552	0.7479	0.0362	0.037	0.0689	0.0548	
% 2	433	0.1056	0.0623	0.556	0.0586	0.1527	0.0646	
% 2	434	0.1059	0.0741	0.0348	0.1942	0.4278	0.1633	
% 2	435	0.1546	0.0581	0.1081	0.4353	0.0467	0.1972	
% 2	436	0.1061	0.0262	0.0907	0.4689	0.1356	0.1725	
% 2	437	0.229	0.0246	0.1644	0.2357	0.1755	0.1709	
% 2	438	0.0291	0.049	0.7438	0.0731	0.0618	0.0432	
% 2	439	0.1086	0.4474	0.0578	0.0618	0.2404	0.084	
% 2	440	0.0317	0.0975	0.7378	0.0445	0.0549	0.0337	
% 2	441	0.6302	0.0212	0.0295	0.0559	0.0674	0.1958	
% 2	442	0.1593	0.0737	0.0954	0.0569	0.3486	0.266	
% 2	443	0.4587	0.0156	0.0349	0.1364	0.1182	0.2362	
% 2	444	0.0905	0.0361	0.25	0.2697	0.0963	0.2573	
% 2	445	0.117	0.0576	0.1549	0.2652	0.182	0.2232	
% 2	446	0.1166	0.2384	0.1875	0.1754	0.0712	0.2109	
% 2	447	0.26	0.0785	0.0718	0.1056	0.2147	0.2693	
% 2	448	0.1368	0.0365	0.0351	0.0823	0.4896	0.2198	
% 2	449	0.3569	0.0249	0.0706	0.1496	0.0811	0.317	
% 2	450	0.0532	0.1622	0.1689	0.4453	0.0475	0.1229	
% 2	451	0.208	0.0321	0.0735	0.1527	0.2693	0.2645	
% 2	452	0.2868	0.057	0.0281	0.1984	0.3025	0.1272	
% 2	453	0.3347	0.0174	0.02	0.2587	0.0862	0.2829	
% 2	454	0.2662	0.0434	0.304	0.1158	0.0937	0.177	
% 2	455	0.2322	0.3887	0.1116	0.0839	0.0837	0.0998	
% 2	456	0.0766	0.1013	0.0539	0.5408	0.1124	0.115	
% 2	457	0.07	0.0217	0.2477	0.1148	0.4525	0.0933	
% 2	458	0.1238	0.033	0.1064	0.3881	0.0537	0.2951	
% 2	459	0.0324	0.8426	0.0189	0.0391	0.0328	0.0342	
% 2	460	0.2519	0.0291	0.029	0.3541	0.078	0.2578	
% 2	461	0.0555	0.6878	0.066	0.0377	0.1075	0.0456	
% 2	462	0.1635	0.0131	0.1744	0.1402	0.1878	0.3209	
% 2	463	0.3812	0.0407	0.0486	0.1174	0.1811	0.231	
% 2	464	0.2344	0.0188	0.1847	0.253	0.1499	0.1592	
% 2	465	0.0775	0.029	0.4516	0.265	0.0486	0.1284	
% 2	466	0.2333	0.0661	0.2598	0.1552	0.0666	0.2189	
% 2	467	0.1046	0.0379	0.0256	0.0566	0.7004	0.075	
% 2	468	0.1426	0.0142	0.0733	0.5323	0.0738	0.1637	
% 2	469	0.0168	0.9045	0.0173	0.0246	0.0173	0.0194	
% 2	470	0.1318	0.1944	0.437	0.0661	0.0989	0.0718	
% 2	471	0.0558	0.0577	0.0511	0.3612	0.2924	0.1818	
% 2	472	0.0792	0.0078	0.0178	0.7319	0.0576	0.1057	
% 2	473	0.2821	0.055	0.058	0.2555	0.1876	0.1619	
% 2	474	0.0952	0.0401	0.0409	0.578	0.0665	0.1793	
% 2	475	0.146	0.0675	0.2481	0.113	0.2663	0.1591	
% 2	476	0.3049	0.0276	0.0702	0.1737	0.2581	0.1655	
% 2	477	0.0603	0.0512	0.1638	0.1122	0.4402	0.1722	
% 2	478	0.2475	0.056	0.0507	0.2553	0.1167	0.2737	
% 2	479	0.0767	0.0384	0.1489	0.2186	0.3562	0.1612	
% 2	480	0.2167	0.0636	0.0383	0.2472	0.2339	0.2002	
% 2	481	0.1563	0.0313	0.0476	0.2062	0.168	0.3907	
% 2	482	0.1055	0.0285	0.2186	0.0872	0.3077	0.2524	
% 2	483	0.1734	0.0233	0.1131	0.1041	0.1088	0.4772	
% 2	484	0.3328	0.0545	0.034	0.0429	0.1998	0.336	
% 2	485	0.0969	0.021	0.2596	0.112	0.4107	0.0998	
% 2	486	0.2273	0.0373	0.1041	0.2764	0.0831	0.2717	
% 2	487	0.0574	0.0229	0.4394	0.0402	0.3646	0.0755	
% 2	488	0.1133	0.0504	0.2017	0.1741	0.2419	0.2186	
% 2	489	0.5635	0.032	0.0337	0.1175	0.1056	0.1476	
% 2	490	0.3006	0.0147	0.0242	0.3235	0.1095	0.2275	
% 2	491	0.1268	0.0449	0.5117	0.0713	0.0639	0.1815	
% 2	492	0.0321	0.7646	0.076	0.037	0.0553	0.035	
% 2	493	0.0745	0.1497	0.1113	0.0514	0.54	0.073	
% 2	494	0.152	0.0281	0.0768	0.4937	0.1071	0.1422	
% 2	495	0.0958	0.0687	0.1152	0.206	0.3476	0.1667	
% 2	496	0.0816	0.0849	0.0236	0.5321	0.1064	0.1714	
% 2	497	0.0999	0.0144	0.1516	0.335	0.2823	0.1168	
% 2	498	0.1906	0.043	0.194	0.082	0.1097	0.3807	
% 2	499	0.2344	0.0291	0.1484	0.2068	0.1054	0.2759	
% 2	500	0.1617	0.0767	0.0263	0.3989	0.1221	0.2143	
% 2	501	0.0993	0.0197	0.29	0.2166	0.1268	0.2476	
% 2	502	0.116	0.1679	0.3	0.0534	0.1332	0.2295	
% 2	503	0.1788	0.0683	0.1169	0.1292	0.0684	0.4384	
% 2	504	0.0736	0.053	0.5133	0.0891	0.1862	0.0848	
% 2	505	0.1965	0.0503	0.0578	0.5824	0.0315	0.0814	
% 2	506	0.0722	0.0491	0.0846	0.5082	0.0812	0.2047	
% 2	507	0.0827	0.0726	0.0337	0.2858	0.2695	0.2557	
% 2	508	0.076	0.0251	0.0641	0.4279	0.2579	0.149	
% 2	509	0.0847	0.1168	0.1454	0.0954	0.4158	0.1419	
% 2	510	0.0161	0.9268	0.0137	0.0123	0.0152	0.0159	
% 2	511	0.0886	0.1212	0.5022	0.1148	0.0461	0.1271	
% 2	512	0.1203	0.0183	0.3829	0.2103	0.064	0.204	
% 2	513	0.1363	0.0207	0.028	0.1897	0.5057	0.1197	
% 2	514	0.0382	0.0218	0.824	0.0398	0.0249	0.0513	
% 2	515	0.1569	0.025	0.0532	0.2099	0.3221	0.2328	
% 2	516	0.0579	0.2887	0.3657	0.1001	0.0753	0.1123	
% 2	517	0.2209	0.0149	0.2703	0.0777	0.0842	0.332	
% 2	518	0.1087	0.4623	0.1474	0.0736	0.1068	0.1011	
% 2	519	0.0566	0.0746	0.159	0.4139	0.1733	0.1225	
% 2	520	0.5191	0.0254	0.1115	0.0548	0.11	0.1792	
% 2	521	0.1179	0.0567	0.0654	0.275	0.3229	0.1621	
% 2	522	0.1291	0.2935	0.0653	0.2995	0.1106	0.102	
% 2	523	0.1918	0.22	0.2536	0.0926	0.1655	0.0764	
% 2	524	0.1705	0.1	0.0842	0.3828	0.0891	0.1735	
% 2	525	0.0988	0.0271	0.0775	0.0343	0.6692	0.0931	
% 2	526	0.3936	0.0132	0.0434	0.2375	0.1239	0.1884	
% 2	527	0.3265	0.0681	0.0495	0.3546	0.059	0.1422	
% 2	528	0.2992	0.0173	0.1509	0.1433	0.0715	0.3177	
% 2	529	0.1967	0.0232	0.0428	0.3326	0.0612	0.3435	
% 2	530	0.0769	0.0442	0.2831	0.2716	0.1898	0.1344	
% 2	531	0.4641	0.0279	0.0625	0.1317	0.0882	0.2255	
% 2	532	0.1036	0.0139	0.0838	0.4005	0.2006	0.1976	
% 2	533	0.0284	0.861	0.0289	0.0167	0.0393	0.0257	
% 2	534	0.1223	0.0737	0.0806	0.3521	0.0706	0.3008	
% 2	535	0.3064	0.0421	0.2461	0.1209	0.1097	0.1749	
% 2	536	0.2043	0.0887	0.0418	0.2928	0.2093	0.1631	
% 2	537	0.2361	0.1673	0.0483	0.1303	0.2535	0.1645	
% 2	538	0.1153	0.0246	0.1068	0.261	0.3655	0.1268	
% 2	539	0.1342	0.041	0.2704	0.2443	0.1475	0.1626	
% 2	540	0.2696	0.039	0.0692	0.2085	0.1502	0.2635	
% 2	541	0.299	0.0112	0.2193	0.1881	0.1229	0.1595	
% 2	542	0.2971	0.068	0.0558	0.1452	0.2453	0.1886	
% 2	543	0.1315	0.0131	0.2697	0.22	0.1573	0.2084	
% 2	544	0.0489	0.0318	0.1431	0.1549	0.562	0.0593	
% 2	545	0.2387	0.2058	0.1158	0.0819	0.1579	0.2	
% 2	546	0.2081	0.0321	0.2212	0.2238	0.0861	0.2287	
% 2	547	0.1533	0.0438	0.1504	0.2322	0.1748	0.2455	
% 2	548	0.0507	0.7017	0.0289	0.08	0.0687	0.07	
% 2	549	0.285	0.2044	0.0952	0.0444	0.1138	0.2572	
% 2	550	0.2973	0.2078	0.049	0.1628	0.1175	0.1656	
% 2	551	0.2893	0.0951	0.0437	0.1893	0.0961	0.2864	
% 2	552	0.4791	0.0259	0.0144	0.2205	0.1527	0.1074	
% 2	553	0.044	0.0201	0.7853	0.0604	0.0612	0.0289	
% 2	554	0.1085	0.0141	0.4014	0.081	0.2742	0.1208	
% 2	555	0.1457	0.0184	0.2014	0.0838	0.0543	0.4963	
% 2	556	0.2741	0.0558	0.1263	0.1509	0.1671	0.2258	
% 2	557	0.1734	0.0229	0.0647	0.1701	0.4413	0.1277	
% 2	558	0.1274	0.0474	0.1757	0.1224	0.4132	0.1138	
% 2	559	0.4286	0.1899	0.045	0.0636	0.1442	0.1287	
% 2	560	0.242	0.0252	0.3457	0.0849	0.1131	0.1891	
% 2	561	0.2468	0.128	0.0196	0.1079	0.3291	0.1687	
% 2	562	0.0696	0.0414	0.5733	0.0991	0.1345	0.082	
% 2	563	0.2412	0.2293	0.1398	0.0363	0.2309	0.1224	
% 2	564	0.1284	0.2793	0.0751	0.2149	0.0583	0.244	
% 2	565	0.202	0.0348	0.0202	0.2741	0.3706	0.0983	
% 2	566	0.1134	0.0196	0.0963	0.4686	0.2018	0.1004	
% 2	567	0.5301	0.028	0.039	0.1509	0.0534	0.1985	
% 2	568	0.3498	0.0154	0.0421	0.0636	0.0652	0.4639	
% 2	569	0.2197	0.031	0.0791	0.2166	0.0735	0.3801	
% 2	570	0.1217	0.2088	0.1492	0.2033	0.1573	0.1597	
% 2	571	0.0542	0.5309	0.0869	0.0523	0.1821	0.0935	
% 2	572	0.0477	0.0946	0.2828	0.064	0.4384	0.0725	
% 2	573	0.4994	0.1017	0.0739	0.0423	0.0586	0.2241	
% 2	574	0.5908	0.0988	0.0306	0.083	0.0462	0.1507	
% 2	575	0.1857	0.0221	0.1721	0.1018	0.1111	0.4072	
% 2	576	0.153	0.014	0.4418	0.0503	0.0698	0.2711	
% 2	577	0.4073	0.2078	0.0453	0.0882	0.1341	0.1172	
% 2	578	0.6467	0.0167	0.0154	0.0382	0.1307	0.1522	
% 2	579	0.1142	0.0343	0.1127	0.0497	0.573	0.1161	
% 2	580	0.1707	0.0118	0.2134	0.1584	0.3545	0.0914	
% 2	581	0.1179	0.0825	0.3822	0.079	0.2644	0.074	
% 2	582	0.1199	0.0632	0.0321	0.4736	0.1584	0.1528	
% 2	583	0.2302	0.0394	0.1824	0.0767	0.1524	0.3189	
% 2	584	0.3421	0.242	0.171	0.0418	0.0423	0.1609	
% 2	585	0.4018	0.1628	0.0198	0.1466	0.0367	0.2323	
% 2	586	0.1717	0.5349	0.0689	0.0492	0.0684	0.1069	
% 2	587	0.079	0.0206	0.1348	0.4308	0.1307	0.2042	
% 2	588	0.1948	0.3449	0.0749	0.047	0.1545	0.1838	
% 2	589	0.0411	0.0261	0.7794	0.0556	0.0448	0.053	
% 2	590	0.0637	0.0851	0.0927	0.1462	0.4578	0.1545	
% 2	591	0.1702	0.3338	0.1018	0.0635	0.103	0.2277	
% 2	592	0.2327	0.0263	0.1054	0.1751	0.2983	0.1621	
% 2	593	0.1222	0.2132	0.0362	0.3646	0.1032	0.1606	
% 2	594	0.2711	0.0274	0.0709	0.3485	0.1396	0.1425	
% 2	595	0.3875	0.0642	0.0543	0.045	0.0344	0.4146	
% 2	596	0.1215	0.057	0.0434	0.3296	0.1633	0.2851	
% 2	597	0.3911	0.0534	0.0338	0.3025	0.0525	0.1667	
% 2	598	0.1305	0.5444	0.0553	0.0739	0.105	0.0909	
% 2	599	0.2679	0.0571	0.2136	0.1127	0.0839	0.2647	
% 2	600	0.1731	0.0308	0.2702	0.1037	0.2589	0.1633	
% 2	601	0.0801	0.0122	0.678	0.0329	0.1434	0.0533	
% 2	602	0.0441	0.0441	0.0257	0.7423	0.0461	0.0976	
% 2	603	0.1846	0.0324	0.2242	0.1649	0.1354	0.2585	
% 2	604	0.2294	0.0273	0.1128	0.0831	0.048	0.4994	
% 2	605	0.0905	0.026	0.5465	0.1862	0.0421	0.1087	
% 2	606	0.3395	0.3261	0.0304	0.0981	0.0481	0.1577	
% 2	607	0.1151	0.033	0.0932	0.5483	0.0703	0.1401	
% 2	608	0.1601	0.0331	0.174	0.3615	0.1282	0.1431	
% 2	609	0.0467	0.0374	0.7309	0.0343	0.0732	0.0774	
% 2	610	0.0749	0.1344	0.2233	0.373	0.0807	0.1137	
% 2	611	0.165	0.0389	0.1271	0.262	0.228	0.179	
% 2	612	0.3086	0.0957	0.0612	0.1572	0.0653	0.3119	
% 2	613	0.066	0.5517	0.0997	0.0966	0.0801	0.1059	
% 2	614	0.0524	0.2178	0.4651	0.0468	0.1366	0.0812	
% 2	615	0.1502	0.0232	0.0411	0.167	0.2291	0.3893	
% 2	616	0.1146	0.0247	0.0336	0.6033	0.1005	0.1234	
% 2	617	0.1064	0.0194	0.2318	0.3308	0.176	0.1355	
% 2	618	0.3558	0.0924	0.0236	0.1731	0.147	0.2081	
% 2	619	0.4788	0.0589	0.0338	0.0923	0.0842	0.252	
% 2	620	0.1472	0.1906	0.0781	0.1722	0.0413	0.3707	
% 2	621	0.1375	0.1334	0.2178	0.1658	0.1473	0.1981	
% 2	622	0.06	0.0098	0.1407	0.188	0.4866	0.115	
% 2	623	0.3227	0.2019	0.0316	0.0584	0.1163	0.2691	
% 2	624	0.3192	0.0517	0.1009	0.0628	0.3468	0.1186	
% 2	625	0.6525	0.0234	0.0173	0.0551	0.0534	0.1982	
% 2	626	0.0613	0.0134	0.0564	0.743	0.0506	0.0752	
% 2	627	0.1354	0.0218	0.0444	0.3031	0.3401	0.1552	
% 2	628	0.0973	0.4535	0.0387	0.1117	0.1385	0.1603	
% 2	629	0.0214	0.8907	0.0124	0.0314	0.0206	0.0234	
% 2	630	0.5622	0.0519	0.0206	0.0312	0.0555	0.2786	
% 2	631	0.2124	0.1984	0.2694	0.0539	0.0639	0.202	
% 2	632	0.1353	0.0416	0.0861	0.2683	0.0615	0.4072	
% 2	633	0.2228	0.2531	0.0206	0.237	0.1367	0.13	
% 2	634	0.1644	0.0136	0.1628	0.13	0.0754	0.4538	
% 2	635	0.6773	0.0124	0.0136	0.0708	0.0808	0.1451	
% 2	636	0.3832	0.0345	0.0516	0.1067	0.1294	0.2947	
% 2	637	0.0391	0.0267	0.792	0.0343	0.0502	0.0577	
% 2	638	0.288	0.0835	0.0241	0.1365	0.1231	0.3448	
% 2	639	0.1292	0.0339	0.1778	0.0464	0.4979	0.1148	
% 2	640	0.0548	0.0721	0.0431	0.6408	0.0546	0.1347	
% 2	641	0.193	0.0698	0.1175	0.1699	0.0951	0.3547	
% 2	642	0.1686	0.2878	0.0856	0.198	0.1175	0.1425	
% 2	643	0.5214	0.0121	0.022	0.0994	0.1158	0.2293	
% 2	644	0.219	0.0172	0.024	0.1208	0.0661	0.5529	
% 2	645	0.2499	0.1609	0.04	0.087	0.0536	0.4087	
% 3	646	0.1088	0.0447	0.0874	0.2871	0.1651	0.3069	
% 2	647	0.3546	0.0619	0.077	0.1026	0.1189	0.285	
% 3	648	0.1252	0.0143	0.0675	0.536	0.1061	0.1508	
% 3	649	0.7	0.0108	0.0168	0.0904	0.0418	0.1403	
% 3	650	0.5731	0.0526	0.0263	0.0879	0.0797	0.1804	
% 2	651	0.2907	0.027	0.1274	0.0793	0.1492	0.3264	
% 3	652	0.255	0.0304	0.0574	0.0933	0.1329	0.4309	
% 4	653	0.3323	0.0285	0.3085	0.0622	0.1	0.1685	
% 2	654	0.3991	0.0172	0.0461	0.0811	0.0563	0.4001	
% 4	655	0.077	0.1139	0.2985	0.1678	0.0904	0.2524	
% 4	656	0.0577	0.0252	0.6915	0.0666	0.0833	0.0757	
% 4	657	0.016	0.0126	0.8972	0.0244	0.0276	0.0222	
% 4	658	0.0201	0.0322	0.8755	0.0194	0.027	0.0257	
% 4	659	0.0281	0.0192	0.8674	0.0319	0.0247	0.0287	
% 3	660	0.1393	0.0911	0.0172	0.3991	0.1835	0.1697	
% 2	661	0.1515	0.042	0.1096	0.321	0.0782	0.2976	
% 3	662	0.1106	0.0282	0.0359	0.115	0.5845	0.1257	
% 3	663	0.3778	0.0269	0.0332	0.0951	0.2764	0.1906	
% 3	664	0.0768	0.0438	0.0641	0.4434	0.1771	0.1948	
% 3	665	0.4728	0.0766	0.0237	0.1655	0.059	0.2025	
% 2	666	0.0725	0.5878	0.1082	0.0515	0.1024	0.0775	
% 3	667	0.5002	0.0278	0.0209	0.0617	0.0983	0.2911	
% 4	668	0.1087	0.238	0.1668	0.2081	0.1438	0.1346	
% 4	669	0.0342	0.0206	0.8726	0.0201	0.0226	0.0299	
% 4	670	0.0593	0.0147	0.6596	0.0752	0.1364	0.0548	
% 4	671	0.3304	0.0342	0.4486	0.045	0.0502	0.0916	
% 4	672	0.0523	0.0293	0.6447	0.0501	0.1306	0.0929	
% 4	673	0.1015	0.0298	0.332	0.255	0.1532	0.1285	
% 3	674	0.1753	0.0207	0.0685	0.1298	0.1884	0.4173	
% 3	675	0.2121	0.0357	0.062	0.3004	0.0625	0.3273	
% 3	676	0.398	0.0134	0.0988	0.0762	0.1203	0.2931	
% 3	677	0.1952	0.1356	0.0371	0.2402	0.1104	0.2815	
% 3	678	0.3653	0.0385	0.0675	0.1784	0.1624	0.1879	
% 2	679	0.1418	0.1793	0.0695	0.164	0.0683	0.3771	
% 3	680	0.1549	0.0977	0.076	0.0866	0.4663	0.1185	
% 4	681	0.119	0.0828	0.4754	0.0442	0.1746	0.1039	
% 2	682	0.0586	0.0976	0.411	0.2377	0.0775	0.1177	
% 4	683	0.147	0.0222	0.2527	0.0672	0.3596	0.1513	
% 4	684	0.0256	0.0773	0.8127	0.0168	0.0318	0.0359	
% 4	685	0.0349	0.0259	0.7828	0.028	0.0969	0.0316	
% 4	686	0.0195	0.0157	0.8945	0.0224	0.0258	0.0221	
% 3	687	0.0698	0.0366	0.0496	0.559	0.0667	0.2184	
% 3	688	0.4674	0.0152	0.0358	0.1328	0.1228	0.226	
% 3	689	0.0934	0.0357	0.0694	0.3698	0.3225	0.1093	
% 3	690	0.1557	0.0336	0.0306	0.4927	0.0935	0.194	
% 2	691	0.0798	0.0609	0.6264	0.0789	0.062	0.0921	
% 3	692	0.1465	0.034	0.0429	0.0951	0.4791	0.2025	
% 2	693	0.0701	0.0397	0.0704	0.1972	0.4727	0.1499	
% 4	694	0.0986	0.0201	0.0837	0.0647	0.6305	0.1026	
% 4	695	0.042	0.01	0.8146	0.0528	0.0415	0.0391	
% 4	696	0.0468	0.1204	0.4447	0.2283	0.0968	0.063	
% 4	697	0.0192	0.027	0.844	0.0395	0.0385	0.0318	
% 4	698	0.036	0.0284	0.7884	0.0424	0.0726	0.0321	
% 3	699	0.1185	0.0551	0.0873	0.2615	0.1002	0.3773	
% 2	700	0.206	0.2281	0.0601	0.1495	0.1354	0.2209	
% 3	701	0.2364	0.0277	0.0767	0.1677	0.0973	0.3942	
% 3	702	0.2015	0.0217	0.0451	0.1571	0.0699	0.5048	
% 3	703	0.3351	0.0759	0.0392	0.2535	0.1009	0.1955	
% 3	704	0.2594	0.0333	0.0269	0.1811	0.1662	0.3331	
% 2	705	0.4317	0.0971	0.0278	0.0818	0.1433	0.2184	
% 3	706	0.2671	0.0306	0.0298	0.1202	0.1792	0.3733	
% 2	707	0.0538	0.791	0.02	0.0496	0.0197	0.0659	
% 4	708	0.0281	0.0114	0.8685	0.022	0.0429	0.0271	
% 2	709	0.0309	0.7878	0.0484	0.0399	0.0566	0.0364	
% 4	710	0.2676	0.0249	0.3186	0.1115	0.1556	0.1218	
% 4	711	0.0632	0.0373	0.6444	0.0628	0.1402	0.0521	
% 4	712	0.056	0.0517	0.6946	0.0523	0.0608	0.0847	
% 4	713	0.0279	0.0142	0.8827	0.0245	0.0227	0.028	
% 3	714	0.1039	0.0576	0.2034	0.2483	0.2097	0.1771	
% 2	715	0.5482	0.0165	0.0626	0.0415	0.1177	0.2135	
% 3	716	0.0883	0.0195	0.0259	0.6783	0.1002	0.0879	
% 3	717	0.2109	0.0398	0.0717	0.1224	0.1485	0.4067	
% 3	718	0.1399	0.0245	0.0281	0.2188	0.4604	0.1284	
% 3	719	0.179	0.062	0.1058	0.2303	0.2007	0.2222	
% 2	720	0.278	0.0956	0.0786	0.2688	0.1335	0.1456	
% 2	721	0.1462	0.0773	0.149	0.3703	0.0615	0.1959	
% 4	722	0.0548	0.0526	0.5944	0.0529	0.1604	0.0849	
% 4	723	0.0237	0.037	0.8636	0.0215	0.0231	0.0311	
% 4	724	0.0323	0.0062	0.8944	0.0248	0.0197	0.0226	
% 4	725	0.0369	0.0133	0.8553	0.0234	0.0331	0.0379	
% 4	726	0.0149	0.0122	0.9047	0.0276	0.0218	0.0189	
% 2	727	0.456	0.0151	0.0348	0.0365	0.3492	0.1085	
% 3	728	0.0722	0.0273	0.0257	0.6692	0.0767	0.1289	
% 3	729	0.3158	0.06	0.0695	0.159	0.1904	0.2053	
% 3	730	0.076	0.0501	0.2942	0.2609	0.1788	0.1401	
% 3	731	0.4898	0.0441	0.0287	0.0607	0.0362	0.3405	
% 4	732	0.1245	0.1315	0.465	0.1164	0.0654	0.0972	
% 4	733	0.0692	0.0199	0.7993	0.0222	0.0292	0.0601	
% 4	734	0.0256	0.015	0.8766	0.027	0.0256	0.0303	
% 4	735	0.1055	0.024	0.7428	0.0242	0.0477	0.0558	
% 4	736	0.0233	0.0084	0.894	0.019	0.0327	0.0226	
% 2	737	0.0699	0.4362	0.1702	0.0932	0.1396	0.0909	
% 3	738	0.2005	0.0194	0.0304	0.6063	0.0454	0.0979	
% 3	739	0.1303	0.0227	0.1082	0.2902	0.2975	0.1511	
% 3	740	0.1659	0.0379	0.0905	0.1909	0.3074	0.2074	
% 2	741	0.2585	0.0986	0.1643	0.0642	0.0337	0.3807	
% 2	742	0.2707	0.0236	0.0828	0.1723	0.1753	0.2754	
% 4	743	0.0727	0.0239	0.5161	0.1337	0.1428	0.1109	
% 4	744	0.0218	0.0269	0.8628	0.0317	0.0288	0.0281	
% 4	745	0.0204	0.007	0.9065	0.0258	0.019	0.0213	
% 4	746	0.4375	0.0112	0.3292	0.0434	0.0678	0.1109	
% 4	747	0.0548	0.0172	0.811	0.0365	0.0396	0.041	
% 2	748	0.1113	0.5398	0.0575	0.0881	0.0521	0.1511	
% 2	749	0.2067	0.3955	0.0492	0.0614	0.0837	0.2035	
% 2	750	0.0877	0.0422	0.5681	0.0355	0.2092	0.0572	
% 2	751	0.0225	0.8434	0.0458	0.0429	0.0194	0.026	
% 2	752	0.0471	0.0256	0.2664	0.0514	0.5409	0.0686	
% 2	753	0.335	0.0574	0.0277	0.1146	0.0844	0.3809	
% 2	754	0.0654	0.0655	0.3364	0.1757	0.2714	0.0855	
% 2	755	0.2424	0.0813	0.0252	0.3747	0.0541	0.2223	
% 2	756	0.0237	0.8658	0.0298	0.024	0.0263	0.0304	
% 2	757	0.0455	0.6738	0.132	0.0405	0.0578	0.0503	
% 2	758	0.0393	0.8085	0.0151	0.0476	0.0403	0.0491	
% 2	759	0.2514	0.0424	0.0292	0.1668	0.1292	0.381	
% 2	760	0.1326	0.0401	0.0791	0.4436	0.1143	0.1903	
% 2	761	0.1691	0.0258	0.1979	0.3022	0.13	0.1751	
% 2	762	0.3089	0.0679	0.0366	0.2005	0.1157	0.2704	
% 2	763	0.0782	0.4276	0.1156	0.0848	0.1839	0.1099	
% 2	764	0.1028	0.3386	0.1467	0.1634	0.1595	0.089	
% 2	765	0.2686	0.0865	0.1279	0.128	0.1645	0.2246	
% 2	766	0.099	0.4316	0.1717	0.0382	0.1186	0.1409	
% 2	767	0.3591	0.0248	0.063	0.0782	0.2787	0.1962	
% 2	768	0.0249	0.8767	0.0197	0.0194	0.0314	0.0279	
% 2	769	0.1554	0.0281	0.0208	0.0823	0.4999	0.2135	
% 2	770	0.3598	0.0219	0.0109	0.0241	0.5327	0.0507	
% 2	771	0.1181	0.0792	0.0439	0.3426	0.0841	0.332	
% 2	772	0.1814	0.0457	0.0588	0.1768	0.0651	0.4723	
% 2	773	0.1512	0.0667	0.523	0.0644	0.0621	0.1326	
% 2	774	0.2798	0.1139	0.0631	0.0768	0.1072	0.3591	
% 2	775	0.095	0.178	0.043	0.1738	0.2202	0.2901	
% 2	776	0.2255	0.0114	0.05	0.2987	0.046	0.3684	
% 2	777	0.1178	0.0226	0.2881	0.0842	0.2791	0.2082	
% 2	778	0.203	0.0265	0.1607	0.1567	0.1256	0.3273	
% 2	779	0.0211	0.8759	0.018	0.0421	0.0193	0.0235	
% 2	780	0.0465	0.0228	0.0578	0.7353	0.0553	0.0823	
% 2	781	0.3123	0.0641	0.0905	0.0635	0.3029	0.1666	
