%!PS-Adobe-3.0 EPSF-3.0 
% Graphical display of results from structure
% distruct by Noah Rosenberg, version 1.0 Nov 2002 
%                             version 1.1 Jun 2007 
% Command line arguments: distruct/distruct1.1 -K 3 -M 4 -N 882 -p 1597525617/pop -i 1597525617/ind -o 1597525617/out.ps -b 1597525617/labels -c 1597525617/perm -d 1597525617/drawparams 
gsave

% Population Q values from the file: 1597525617/pop
% 3 clusters, 4 populations, 0 individuals
% Pop. code, number of individuals, membership coefficients
% 1	157	0.363	0.307	0.33	
% 2	643	0.368	0.303	0.329	
% 3	40	0.593	0.169	0.238	
% 4	42	0.138	0.125	0.736	


% Individual Q values from the file: 1597525617/ind
% Population code, individual label, membership coefficients
% 1	1	0.3798	0.0511	0.5691	
% 1	2	0.2309	0.2319	0.5372	
% 1	3	0.262	0.1886	0.5494	
% 1	4	0.5197	0.0861	0.3943	
% 1	5	0.0422	0.9261	0.0317	
% 1	6	0.3801	0.4341	0.1859	
% 1	7	0.3089	0.375	0.316	
% 1	8	0.4555	0.0574	0.4871	
% 1	9	0.2315	0.3719	0.3966	
% 1	10	0.1859	0.5699	0.2442	
% 1	11	0.3977	0.2626	0.3398	
% 1	12	0.5076	0.2976	0.1947	
% 1	13	0.3934	0.1077	0.4988	
% 1	14	0.3581	0.565	0.0769	
% 1	15	0.3411	0.5569	0.102	
% 1	16	0.3471	0.2779	0.375	
% 1	17	0.6896	0.2394	0.071	
% 1	18	0.2548	0.0866	0.6586	
% 1	19	0.3975	0.1751	0.4274	
% 1	20	0.5472	0.3569	0.0959	
% 1	21	0.3215	0.3841	0.2943	
% 1	22	0.1866	0.1858	0.6276	
% 1	23	0.2851	0.388	0.3269	
% 1	24	0.1086	0.0529	0.8385	
% 1	25	0.4301	0.3664	0.2034	
% 1	26	0.2461	0.2694	0.4845	
% 1	27	0.686	0.1577	0.1563	
% 1	28	0.0722	0.0819	0.8459	
% 1	29	0.3826	0.1873	0.4301	
% 1	30	0.1636	0.7044	0.1321	
% 1	31	0.4478	0.1264	0.4258	
% 1	32	0.3112	0.2761	0.4127	
% 1	33	0.224	0.2573	0.5187	
% 1	34	0.2305	0.6423	0.1273	
% 1	35	0.2343	0.2284	0.5373	
% 1	36	0.3571	0.3899	0.253	
% 1	37	0.2301	0.2475	0.5224	
% 1	38	0.0899	0.566	0.3441	
% 1	39	0.4091	0.3718	0.2191	
% 1	40	0.4857	0.4086	0.1057	
% 1	41	0.6705	0.1107	0.2187	
% 1	42	0.1152	0.8283	0.0565	
% 1	43	0.3986	0.1513	0.4501	
% 1	44	0.4316	0.1728	0.3956	
% 1	45	0.1705	0.4503	0.3792	
% 1	46	0.3133	0.1749	0.5118	
% 1	47	0.1274	0.1829	0.6897	
% 1	48	0.4982	0.1406	0.3612	
% 1	49	0.3586	0.1196	0.5218	
% 1	50	0.8	0.0882	0.1117	
% 1	51	0.1256	0.7503	0.124	
% 1	52	0.0686	0.8527	0.0787	
% 1	53	0.1726	0.0989	0.7285	
% 1	54	0.2034	0.1829	0.6137	
% 1	55	0.5678	0.2594	0.1728	
% 1	56	0.1958	0.2214	0.5828	
% 1	57	0.1979	0.0749	0.7272	
% 1	58	0.1312	0.7601	0.1087	
% 1	59	0.2781	0.0864	0.6355	
% 1	60	0.4349	0.3154	0.2497	
% 1	61	0.2459	0.1714	0.5827	
% 1	62	0.5187	0.1445	0.3368	
% 1	63	0.1738	0.3382	0.488	
% 1	64	0.6051	0.1779	0.217	
% 1	65	0.4887	0.1799	0.3314	
% 1	66	0.4035	0.4719	0.1246	
% 1	67	0.327	0.1192	0.5538	
% 1	68	0.209	0.1539	0.6372	
% 1	69	0.1	0.3749	0.5251	
% 1	70	0.3337	0.1185	0.5478	
% 1	71	0.502	0.1198	0.3781	
% 1	72	0.5494	0.0808	0.3698	
% 1	73	0.1309	0.4168	0.4523	
% 1	74	0.8084	0.0925	0.0991	
% 1	75	0.2595	0.2451	0.4954	
% 1	76	0.1478	0.129	0.7232	
% 1	77	0.055	0.9042	0.0408	
% 1	78	0.498	0.1375	0.3646	
% 1	79	0.2758	0.1808	0.5434	
% 1	80	0.1171	0.7445	0.1384	
% 1	81	0.2238	0.5701	0.206	
% 1	82	0.1932	0.0633	0.7435	
% 1	83	0.2558	0.1502	0.594	
% 1	84	0.3714	0.4111	0.2175	
% 1	85	0.4231	0.1102	0.4668	
% 1	86	0.7176	0.2075	0.0749	
% 1	87	0.3049	0.1222	0.5729	
% 2	88	0.0822	0.861	0.0568	
% 2	89	0.603	0.1919	0.205	
% 2	90	0.0616	0.8795	0.0589	
% 2	91	0.4509	0.0475	0.5017	
% 2	92	0.1756	0.137	0.6874	
% 2	93	0.123	0.0509	0.8261	
% 2	94	0.4991	0.3761	0.1248	
% 2	95	0.4396	0.4093	0.151	
% 2	96	0.4949	0.2296	0.2755	
% 2	97	0.0713	0.2518	0.6769	
% 2	98	0.5542	0.1344	0.3114	
% 2	99	0.1628	0.2255	0.6117	
% 2	100	0.4508	0.1449	0.4044	
% 2	101	0.1391	0.5851	0.2758	
% 2	102	0.6644	0.197	0.1386	
% 2	103	0.2293	0.372	0.3987	
% 2	104	0.173	0.1013	0.7258	
% 2	105	0.1301	0.3266	0.5433	
% 2	106	0.0386	0.8924	0.0691	
% 2	107	0.4926	0.2465	0.261	
% 2	108	0.2887	0.1614	0.5499	
% 2	109	0.4697	0.4239	0.1064	
% 2	110	0.1409	0.3247	0.5344	
% 2	111	0.1511	0.1817	0.6672	
% 2	112	0.6088	0.2405	0.1507	
% 2	113	0.2406	0.637	0.1224	
% 2	114	0.4032	0.1749	0.422	
% 2	115	0.1773	0.1518	0.6708	
% 2	116	0.4692	0.2661	0.2647	
% 2	117	0.3804	0.4198	0.1999	
% 2	118	0.4775	0.0981	0.4245	
% 2	119	0.5835	0.1842	0.2323	
% 2	120	0.149	0.0453	0.8057	
% 2	121	0.6659	0.1694	0.1647	
% 2	122	0.3609	0.176	0.4631	
% 2	123	0.4113	0.0713	0.5174	
% 2	124	0.5048	0.2824	0.2128	
% 2	125	0.1672	0.2197	0.6131	
% 2	126	0.1655	0.7121	0.1224	
% 2	127	0.6167	0.1731	0.2102	
% 2	128	0.1027	0.1028	0.7945	
% 2	129	0.2432	0.4282	0.3285	
% 2	130	0.7313	0.1565	0.1121	
% 2	131	0.2578	0.2371	0.505	
% 2	132	0.172	0.1382	0.6899	
% 2	133	0.5339	0.1104	0.3557	
% 2	134	0.5041	0.2232	0.2728	
% 2	135	0.0698	0.0594	0.8708	
% 2	136	0.5738	0.1144	0.3118	
% 2	137	0.4887	0.3709	0.1404	
% 2	138	0.1821	0.7483	0.0696	
% 2	139	0.5941	0.09	0.3159	
% 2	140	0.5414	0.2542	0.2044	
% 2	141	0.1892	0.5135	0.2972	
% 2	142	0.233	0.4557	0.3113	
% 2	143	0.1237	0.1675	0.7088	
% 2	144	0.6116	0.0592	0.3292	
% 2	145	0.7283	0.0974	0.1743	
% 2	146	0.1932	0.1534	0.6534	
% 2	147	0.5264	0.1695	0.3041	
% 2	148	0.5051	0.0647	0.4302	
% 2	149	0.2444	0.2009	0.5548	
% 2	150	0.1858	0.1578	0.6564	
% 2	151	0.3438	0.2537	0.4024	
% 2	152	0.4841	0.1765	0.3394	
% 2	153	0.0816	0.1029	0.8155	
% 2	154	0.6593	0.1936	0.1471	
% 2	155	0.4023	0.2124	0.3852	
% 2	156	0.4157	0.2646	0.3198	
% 2	157	0.3215	0.1946	0.4838	
% 2	158	0.5184	0.0748	0.4068	
% 2	159	0.7394	0.1385	0.1221	
% 2	160	0.3654	0.1692	0.4654	
% 2	161	0.2549	0.1096	0.6354	
% 2	162	0.3684	0.2051	0.4265	
% 2	163	0.1739	0.1325	0.6936	
% 2	164	0.7216	0.083	0.1954	
% 2	165	0.4815	0.0692	0.4494	
% 2	166	0.6595	0.1657	0.1748	
% 2	167	0.3346	0.2336	0.4319	
% 2	168	0.5611	0.1896	0.2493	
% 2	169	0.0514	0.9122	0.0364	
% 2	170	0.1162	0.15	0.7338	
% 2	171	0.686	0.0999	0.2141	
% 2	172	0.1307	0.5103	0.359	
% 2	173	0.0532	0.8975	0.0493	
% 2	174	0.5486	0.1369	0.3145	
% 2	175	0.6243	0.098	0.2777	
% 2	176	0.1991	0.1382	0.6627	
% 2	177	0.1339	0.0422	0.8239	
% 2	178	0.8028	0.124	0.0732	
% 2	179	0.2254	0.0685	0.7061	
% 2	180	0.0742	0.8153	0.1105	
% 2	181	0.606	0.1478	0.2462	
% 2	182	0.4272	0.362	0.2108	
% 2	183	0.5392	0.1196	0.3412	
% 2	184	0.1913	0.6332	0.1756	
% 2	185	0.7103	0.0463	0.2434	
% 2	186	0.147	0.2206	0.6324	
% 2	187	0.7423	0.0879	0.1698	
% 2	188	0.4737	0.1705	0.3558	
% 2	189	0.1895	0.3044	0.5061	
% 2	190	0.1718	0.1443	0.6839	
% 2	191	0.1652	0.1051	0.7297	
% 2	192	0.804	0.1162	0.0798	
% 2	193	0.4317	0.2896	0.2787	
% 2	194	0.7868	0.0605	0.1527	
% 2	195	0.1242	0.8142	0.0616	
% 2	196	0.7432	0.1144	0.1424	
% 2	197	0.2248	0.1638	0.6114	
% 2	198	0.1067	0.8001	0.0932	
% 2	199	0.6672	0.103	0.2299	
% 2	200	0.1723	0.1455	0.6822	
% 2	201	0.6605	0.0861	0.2534	
% 2	202	0.1621	0.0411	0.7968	
% 2	203	0.4177	0.128	0.4544	
% 2	204	0.5195	0.1525	0.328	
% 2	205	0.4598	0.251	0.2892	
% 2	206	0.0793	0.8382	0.0825	
% 2	207	0.4489	0.3736	0.1775	
% 2	208	0.6677	0.1238	0.2085	
% 2	209	0.1284	0.6162	0.2554	
% 2	210	0.064	0.8952	0.0408	
% 2	211	0.395	0.3438	0.2612	
% 2	212	0.1453	0.36	0.4947	
% 2	213	0.4397	0.1092	0.4511	
% 2	214	0.6157	0.179	0.2054	
% 2	215	0.6526	0.1011	0.2463	
% 2	216	0.1	0.8403	0.0597	
% 2	217	0.2891	0.5092	0.2017	
% 2	218	0.1845	0.0944	0.7211	
% 2	219	0.6372	0.2683	0.0945	
% 2	220	0.5314	0.0487	0.4199	
% 2	221	0.2762	0.479	0.2448	
% 2	222	0.4161	0.1196	0.4643	
% 2	223	0.5578	0.1785	0.2637	
% 2	224	0.7703	0.0756	0.1541	
% 2	225	0.0449	0.9144	0.0407	
% 2	226	0.4917	0.3747	0.1336	
% 2	227	0.051	0.8646	0.0844	
% 2	228	0.7801	0.1182	0.1017	
% 2	229	0.3765	0.1093	0.5141	
% 2	230	0.2049	0.3795	0.4156	
% 2	231	0.6523	0.207	0.1408	
% 2	232	0.417	0.1416	0.4414	
% 2	233	0.5322	0.254	0.2137	
% 2	234	0.0501	0.8909	0.059	
% 2	235	0.2084	0.6145	0.1771	
% 2	236	0.4449	0.0926	0.4624	
% 2	237	0.4477	0.2186	0.3336	
% 2	238	0.5599	0.2914	0.1487	
% 2	239	0.5813	0.254	0.1647	
% 2	240	0.5485	0.1503	0.3012	
% 2	241	0.1924	0.2156	0.592	
% 2	242	0.4407	0.0778	0.4815	
% 2	243	0.2718	0.1322	0.596	
% 2	244	0.2726	0.163	0.5644	
% 2	245	0.0365	0.9246	0.0389	
% 2	246	0.1426	0.3127	0.5447	
% 2	247	0.1712	0.5869	0.2419	
% 2	248	0.1664	0.6262	0.2074	
% 2	249	0.6023	0.2047	0.1931	
% 2	250	0.3536	0.2692	0.3772	
% 2	251	0.4931	0.2003	0.3067	
% 2	252	0.088	0.101	0.811	
% 2	253	0.5466	0.219	0.2344	
% 2	254	0.2513	0.1669	0.5818	
% 2	255	0.1663	0.0927	0.7409	
% 2	256	0.1552	0.4402	0.4046	
% 2	257	0.5072	0.2398	0.253	
% 1	258	0.3	0.372	0.328	
% 1	259	0.2194	0.6135	0.1671	
% 1	260	0.5993	0.0931	0.3076	
% 1	261	0.6946	0.1697	0.1357	
% 1	262	0.3737	0.2919	0.3343	
% 1	263	0.2286	0.1085	0.6629	
% 1	264	0.5285	0.2149	0.2566	
% 1	265	0.6064	0.138	0.2557	
% 1	266	0.7683	0.0621	0.1696	
% 1	267	0.3994	0.3412	0.2594	
% 1	268	0.1748	0.279	0.5462	
% 1	269	0.3679	0.3754	0.2568	
% 1	270	0.221	0.1093	0.6698	
% 1	271	0.2618	0.5385	0.1997	
% 1	272	0.4888	0.3896	0.1217	
% 1	273	0.3987	0.1286	0.4727	
% 1	274	0.1107	0.8122	0.0771	
% 1	275	0.2972	0.2901	0.4126	
% 1	276	0.6143	0.1909	0.1948	
% 1	277	0.6055	0.2356	0.159	
% 1	278	0.3913	0.4739	0.1349	
% 1	279	0.5046	0.3625	0.1329	
% 1	280	0.2494	0.2738	0.4768	
% 1	281	0.6181	0.1659	0.216	
% 1	282	0.3134	0.3444	0.3423	
% 1	283	0.6381	0.1718	0.1901	
% 1	284	0.5184	0.0942	0.3874	
% 1	285	0.379	0.1342	0.4868	
% 1	286	0.6014	0.0769	0.3217	
% 1	287	0.0332	0.9387	0.0281	
% 1	288	0.1202	0.7883	0.0915	
% 1	289	0.5527	0.2785	0.1688	
% 1	290	0.0436	0.9092	0.0472	
% 1	291	0.1433	0.5132	0.3435	
% 1	292	0.4174	0.393	0.1896	
% 1	293	0.161	0.1074	0.7316	
% 1	294	0.5007	0.3719	0.1275	
% 1	295	0.4845	0.0835	0.432	
% 1	296	0.6832	0.1072	0.2096	
% 1	297	0.1093	0.8251	0.0656	
% 1	298	0.8045	0.0805	0.1149	
% 1	299	0.1965	0.3822	0.4213	
% 1	300	0.6021	0.1373	0.2606	
% 1	301	0.07	0.8781	0.0519	
% 1	302	0.3306	0.5562	0.1131	
% 1	303	0.53	0.3059	0.1641	
% 1	304	0.4304	0.3403	0.2293	
% 1	305	0.5623	0.1144	0.3233	
% 1	306	0.2226	0.7262	0.0512	
% 1	307	0.4374	0.0785	0.4841	
% 1	308	0.5594	0.2746	0.166	
% 1	309	0.0495	0.8942	0.0563	
% 1	310	0.2919	0.5486	0.1595	
% 1	311	0.2539	0.6195	0.1266	
% 1	312	0.2198	0.119	0.6612	
% 1	313	0.5844	0.067	0.3487	
% 1	314	0.1635	0.1332	0.7033	
% 1	315	0.431	0.2092	0.3598	
% 1	316	0.6343	0.1135	0.2522	
% 1	317	0.2715	0.1409	0.5876	
% 1	318	0.2414	0.0946	0.664	
% 1	319	0.4828	0.0647	0.4525	
% 1	320	0.6755	0.0506	0.2739	
% 1	321	0.7081	0.0942	0.1978	
% 1	322	0.3496	0.4871	0.1632	
% 1	323	0.8218	0.0893	0.0889	
% 1	324	0.5332	0.0935	0.3733	
% 1	325	0.2753	0.5579	0.1668	
% 1	326	0.6844	0.1659	0.1497	
% 1	327	0.5846	0.1238	0.2916	
% 2	328	0.2748	0.1179	0.6073	
% 2	329	0.5547	0.2153	0.23	
% 2	330	0.7411	0.1752	0.0837	
% 2	331	0.1695	0.684	0.1465	
% 2	332	0.1054	0.7591	0.1355	
% 2	333	0.0892	0.8387	0.0721	
% 2	334	0.3244	0.3369	0.3386	
% 2	335	0.2594	0.0793	0.6613	
% 2	336	0.0693	0.8737	0.057	
% 2	337	0.7143	0.1237	0.162	
% 2	338	0.0931	0.8607	0.0462	
% 2	339	0.6467	0.1716	0.1817	
% 2	340	0.2231	0.2709	0.5059	
% 2	341	0.4041	0.061	0.5349	
% 2	342	0.3022	0.5126	0.1852	
% 2	343	0.1613	0.4286	0.4101	
% 2	344	0.1745	0.582	0.2435	
% 2	345	0.1157	0.7259	0.1584	
% 2	346	0.8142	0.0829	0.1029	
% 2	347	0.717	0.1466	0.1363	
% 2	348	0.4173	0.3685	0.2142	
% 2	349	0.7049	0.1201	0.175	
% 2	350	0.7143	0.1492	0.1365	
% 2	351	0.164	0.7552	0.0808	
% 2	352	0.2293	0.5736	0.1971	
% 2	353	0.2651	0.3675	0.3673	
% 2	354	0.5129	0.2612	0.2258	
% 2	355	0.5799	0.13	0.2901	
% 2	356	0.3154	0.1037	0.5809	
% 2	357	0.0694	0.6962	0.2344	
% 2	358	0.3564	0.0656	0.578	
% 2	359	0.4935	0.2353	0.2712	
% 2	360	0.2529	0.1481	0.599	
% 2	361	0.7506	0.0624	0.187	
% 2	362	0.4387	0.3636	0.1977	
% 2	363	0.2602	0.3821	0.3576	
% 2	364	0.7371	0.0671	0.1958	
% 2	365	0.7446	0.1223	0.1332	
% 2	366	0.3228	0.119	0.5582	
% 2	367	0.112	0.8114	0.0766	
% 2	368	0.3367	0.4976	0.1657	
% 2	369	0.2233	0.2081	0.5685	
% 2	370	0.4971	0.1809	0.322	
% 2	371	0.4684	0.125	0.4066	
% 2	372	0.4815	0.2336	0.2849	
% 2	373	0.1691	0.214	0.617	
% 2	374	0.1477	0.065	0.7873	
% 2	375	0.5998	0.2504	0.1498	
% 2	376	0.0701	0.8807	0.0492	
% 2	377	0.1424	0.334	0.5237	
% 2	378	0.4261	0.2094	0.3645	
% 2	379	0.3733	0.2811	0.3455	
% 2	380	0.2061	0.3244	0.4695	
% 2	381	0.5219	0.1526	0.3255	
% 2	382	0.4413	0.1233	0.4354	
% 2	383	0.2371	0.585	0.1779	
% 2	384	0.5749	0.342	0.0831	
% 2	385	0.7519	0.1469	0.1011	
% 2	386	0.441	0.4674	0.0916	
% 2	387	0.2114	0.4092	0.3795	
% 2	388	0.2137	0.169	0.6173	
% 2	389	0.4933	0.3187	0.188	
% 2	390	0.6043	0.1815	0.2141	
% 2	391	0.0642	0.8406	0.0952	
% 2	392	0.4874	0.1017	0.4109	
% 2	393	0.0982	0.176	0.7259	
% 2	394	0.1509	0.7761	0.073	
% 2	395	0.1301	0.3498	0.5201	
% 2	396	0.1399	0.5787	0.2814	
% 2	397	0.5581	0.1675	0.2744	
% 2	398	0.3032	0.3643	0.3326	
% 2	399	0.1915	0.446	0.3624	
% 2	400	0.5717	0.1647	0.2636	
% 2	401	0.1257	0.1616	0.7127	
% 2	402	0.1141	0.3517	0.5342	
% 2	403	0.3129	0.2926	0.3945	
% 2	404	0.5954	0.2901	0.1145	
% 2	405	0.6645	0.114	0.2215	
% 2	406	0.7392	0.1206	0.1401	
% 2	407	0.2656	0.291	0.4434	
% 2	408	0.2928	0.2703	0.4369	
% 2	409	0.373	0.1193	0.5077	
% 2	410	0.6821	0.1023	0.2156	
% 2	411	0.4777	0.1488	0.3735	
% 2	412	0.8119	0.0667	0.1214	
% 2	413	0.7814	0.1158	0.1028	
% 2	414	0.7696	0.0832	0.1472	
% 2	415	0.3229	0.0708	0.6063	
% 2	416	0.6051	0.2123	0.1826	
% 2	417	0.3676	0.154	0.4784	
% 2	418	0.1021	0.1023	0.7955	
% 2	419	0.29	0.0901	0.6199	
% 2	420	0.7672	0.1024	0.1304	
% 2	421	0.6926	0.1528	0.1547	
% 2	422	0.3582	0.1828	0.4589	
% 2	423	0.5491	0.1593	0.2916	
% 2	424	0.236	0.3799	0.3841	
% 2	425	0.3518	0.4569	0.1913	
% 2	426	0.5046	0.1151	0.3803	
% 2	427	0.2542	0.6778	0.068	
% 2	428	0.7588	0.0709	0.1703	
% 2	429	0.5556	0.3564	0.088	
% 2	430	0.2907	0.2992	0.41	
% 2	431	0.6694	0.1748	0.1557	
% 2	432	0.0979	0.7913	0.1107	
% 2	433	0.1422	0.1839	0.6739	
% 2	434	0.4736	0.3145	0.2119	
% 2	435	0.5537	0.1865	0.2598	
% 2	436	0.5754	0.1084	0.3162	
% 2	437	0.4455	0.1064	0.4481	
% 2	438	0.0852	0.1604	0.7544	
% 2	439	0.218	0.5971	0.1848	
% 2	440	0.0752	0.2486	0.6761	
% 2	441	0.7759	0.0984	0.1257	
% 2	442	0.3478	0.2868	0.3653	
% 2	443	0.8321	0.0622	0.1057	
% 2	444	0.3208	0.1262	0.553	
% 2	445	0.3093	0.1977	0.4929	
% 2	446	0.1311	0.3996	0.4694	
% 2	447	0.5048	0.2449	0.2504	
% 2	448	0.5696	0.1943	0.2362	
% 2	449	0.7473	0.1018	0.1509	
% 2	450	0.2081	0.3614	0.4304	
% 2	451	0.6342	0.1432	0.2227	
% 2	452	0.7155	0.182	0.1025	
% 2	453	0.8142	0.078	0.1078	
% 2	454	0.281	0.1536	0.5654	
% 2	455	0.184	0.5565	0.2595	
% 2	456	0.4835	0.2969	0.2196	
% 2	457	0.193	0.0855	0.7214	
% 2	458	0.4963	0.1564	0.3473	
% 2	459	0.0851	0.86	0.0549	
% 2	460	0.6688	0.1409	0.1903	
% 2	461	0.0784	0.7654	0.1562	
% 2	462	0.4176	0.0555	0.5269	
% 2	463	0.6067	0.1618	0.2315	
% 2	464	0.495	0.0797	0.4253	
% 2	465	0.2042	0.102	0.6937	
% 2	466	0.3882	0.1996	0.4121	
% 2	467	0.4502	0.258	0.2918	
% 2	468	0.6672	0.0596	0.2731	
% 2	469	0.0509	0.9047	0.0444	
% 2	470	0.1612	0.3652	0.4735	
% 2	471	0.404	0.2628	0.3333	
% 2	472	0.8878	0.0309	0.0813	
% 2	473	0.5618	0.2226	0.2156	
% 2	474	0.5559	0.1939	0.2502	
% 2	475	0.2294	0.2302	0.5404	
% 2	476	0.5944	0.1311	0.2745	
% 2	477	0.2332	0.2275	0.5393	
% 2	478	0.5549	0.2216	0.2236	
% 2	479	0.4244	0.1484	0.4272	
% 2	480	0.4979	0.2569	0.2451	
% 2	481	0.6513	0.1274	0.2213	
% 2	482	0.2101	0.116	0.6738	
% 2	483	0.4561	0.1123	0.4316	
% 2	484	0.6232	0.2033	0.1734	
% 2	485	0.2294	0.0894	0.6812	
% 2	486	0.4617	0.153	0.3852	
% 2	487	0.1212	0.1021	0.7767	
% 2	488	0.2712	0.1922	0.5366	
% 2	489	0.6747	0.1548	0.1705	
% 2	490	0.8286	0.0622	0.1093	
% 2	491	0.2222	0.1562	0.6216	
% 2	492	0.0701	0.7827	0.1472	
% 2	493	0.1781	0.4211	0.4007	
% 2	494	0.5102	0.1311	0.3587	
% 2	495	0.2515	0.237	0.5116	
% 2	496	0.534	0.3174	0.1486	
% 2	497	0.389	0.062	0.549	
% 2	498	0.3597	0.1926	0.4477	
% 2	499	0.4344	0.1194	0.4463	
% 2	500	0.6825	0.2164	0.1011	
% 2	501	0.2068	0.0783	0.7149	
% 2	502	0.1217	0.3543	0.524	
% 2	503	0.3359	0.2554	0.4088	
% 2	504	0.2158	0.1832	0.601	
% 2	505	0.5498	0.2115	0.2387	
% 2	506	0.4943	0.1983	0.3074	
% 2	507	0.5809	0.2588	0.1603	
% 2	508	0.5366	0.1274	0.336	
% 2	509	0.253	0.3068	0.4401	
% 2	510	0.0393	0.9201	0.0406	
% 2	511	0.1827	0.2793	0.538	
% 2	512	0.2251	0.0845	0.6904	
% 2	513	0.6801	0.103	0.2169	
% 2	514	0.0977	0.0786	0.8237	
% 2	515	0.6503	0.1078	0.2419	
% 2	516	0.0932	0.4123	0.4945	
% 2	517	0.3401	0.0674	0.5924	
% 2	518	0.2019	0.5996	0.1985	
% 2	519	0.2532	0.2498	0.4969	
% 2	520	0.4988	0.1273	0.3739	
% 2	521	0.3769	0.269	0.3541	
% 2	522	0.2574	0.5172	0.2254	
% 2	523	0.1519	0.4314	0.4166	
% 2	524	0.4194	0.3043	0.2762	
% 2	525	0.3197	0.1584	0.5219	
% 2	526	0.7648	0.0598	0.1754	
% 2	527	0.6127	0.2216	0.1657	
% 2	528	0.5967	0.0761	0.3272	
% 2	529	0.7572	0.0989	0.1439	
% 2	530	0.1902	0.1756	0.6342	
% 2	531	0.6597	0.104	0.2363	
% 2	532	0.6145	0.0646	0.3209	
% 2	533	0.0556	0.8613	0.0831	
% 2	534	0.3874	0.2597	0.3529	
% 2	535	0.3061	0.1676	0.5263	
% 2	536	0.4905	0.2831	0.2264	
% 2	537	0.3016	0.4298	0.2685	
% 2	538	0.4866	0.112	0.4014	
% 2	539	0.3285	0.1575	0.514	
% 2	540	0.609	0.1439	0.2471	
% 2	541	0.3938	0.0467	0.5595	
% 2	542	0.3945	0.2759	0.3297	
% 2	543	0.3015	0.0569	0.6416	
% 2	544	0.2148	0.172	0.6132	
% 2	545	0.2319	0.4642	0.3038	
% 2	546	0.3335	0.13	0.5365	
% 2	547	0.3082	0.1702	0.5215	
% 2	548	0.1295	0.7822	0.0883	
% 2	549	0.2383	0.4433	0.3184	
% 2	550	0.3585	0.4397	0.2018	
% 2	551	0.5683	0.284	0.1477	
% 2	552	0.828	0.1068	0.0652	
% 2	553	0.0924	0.0855	0.8221	
% 2	554	0.2731	0.0617	0.6652	
% 2	555	0.2798	0.0975	0.6227	
% 2	556	0.3947	0.2194	0.3859	
% 2	557	0.5247	0.1175	0.3578	
% 2	558	0.2793	0.1576	0.5631	
% 2	559	0.3465	0.4534	0.2001	
% 2	560	0.2849	0.0951	0.62	
% 2	561	0.5745	0.3217	0.1038	
% 2	562	0.1768	0.1452	0.678	
% 2	563	0.1981	0.4429	0.359	
% 2	564	0.2715	0.5016	0.2269	
% 2	565	0.7288	0.1549	0.1163	
% 2	566	0.6572	0.0848	0.258	
% 2	567	0.7563	0.1097	0.134	
% 2	568	0.68	0.0833	0.2367	
% 2	569	0.5993	0.1247	0.276	
% 2	570	0.1855	0.4039	0.4106	
% 2	571	0.1929	0.6293	0.1778	
% 2	572	0.1057	0.2751	0.6192	
% 2	573	0.3411	0.3349	0.324	
% 2	574	0.5312	0.3391	0.1297	
% 2	575	0.4243	0.0987	0.477	
% 2	576	0.1805	0.0636	0.7559	
% 2	577	0.3621	0.4459	0.1921	
% 2	578	0.8528	0.0757	0.0715	
% 2	579	0.2291	0.1861	0.5848	
% 2	580	0.311	0.0555	0.6335	
% 2	581	0.1388	0.2515	0.6097	
% 2	582	0.6361	0.2151	0.1488	
% 2	583	0.3306	0.1647	0.5048	
% 2	584	0.271	0.4449	0.2841	
% 2	585	0.5534	0.3802	0.0664	
% 2	586	0.1794	0.6583	0.1623	
% 2	587	0.4664	0.1021	0.4315	
% 2	588	0.202	0.5992	0.1988	
% 2	589	0.0892	0.0971	0.8137	
% 2	590	0.253	0.309	0.438	
% 2	591	0.2327	0.5214	0.2459	
% 2	592	0.3832	0.1375	0.4794	
% 2	593	0.5174	0.3704	0.1122	
% 2	594	0.6024	0.118	0.2796	
% 2	595	0.4918	0.2358	0.2725	
% 2	596	0.5249	0.2315	0.2436	
% 2	597	0.6598	0.2097	0.1305	
% 2	598	0.1893	0.6663	0.1444	
% 2	599	0.2368	0.1869	0.5762	
% 2	600	0.2406	0.1207	0.6387	
% 2	601	0.1973	0.0524	0.7503	
% 2	602	0.6292	0.2175	0.1533	
% 2	603	0.3528	0.1392	0.508	
% 2	604	0.4335	0.1471	0.4194	
% 2	605	0.3178	0.1016	0.5806	
% 2	606	0.3347	0.5505	0.1148	
% 2	607	0.4876	0.1454	0.3671	
% 2	608	0.2839	0.1379	0.5782	
% 2	609	0.0856	0.1254	0.789	
% 2	610	0.2618	0.3205	0.4178	
% 2	611	0.3248	0.1576	0.5176	
% 2	612	0.5199	0.2715	0.2086	
% 2	613	0.1414	0.6489	0.2097	
% 2	614	0.0842	0.3783	0.5375	
% 2	615	0.6511	0.1132	0.2357	
% 2	616	0.6824	0.1096	0.208	
% 2	617	0.3459	0.0912	0.5629	
% 2	618	0.5838	0.2973	0.1189	
% 2	619	0.6639	0.2223	0.1138	
% 2	620	0.3184	0.4131	0.2685	
% 2	621	0.2236	0.3352	0.4412	
% 2	622	0.4157	0.0459	0.5384	
% 2	623	0.3736	0.4469	0.1796	
% 2	624	0.4449	0.2047	0.3503	
% 2	625	0.7974	0.1214	0.0812	
% 2	626	0.616	0.0718	0.3122	
% 2	627	0.706	0.0876	0.2064	
% 2	628	0.2929	0.5841	0.1231	
% 2	629	0.0649	0.8951	0.04	
% 2	630	0.683	0.2061	0.1109	
% 2	631	0.1229	0.4176	0.4594	
% 2	632	0.5306	0.1818	0.2876	
% 2	633	0.5039	0.418	0.0781	
% 2	634	0.4043	0.0609	0.5348	
% 2	635	0.8846	0.0554	0.06	
% 2	636	0.5576	0.1737	0.2687	
% 2	637	0.0954	0.0884	0.8162	
% 2	638	0.6227	0.2768	0.1005	
% 2	639	0.2218	0.1516	0.6266	
% 2	640	0.4275	0.271	0.3016	
% 2	641	0.4169	0.2265	0.3566	
% 2	642	0.2302	0.5144	0.2554	
% 2	643	0.8649	0.0469	0.0882	
% 2	644	0.7912	0.0826	0.1262	
% 2	645	0.4412	0.3705	0.1883	
% 3	646	0.5074	0.1707	0.3219	
% 2	647	0.56	0.2198	0.2201	
% 3	648	0.6701	0.0615	0.2684	
% 3	649	0.8909	0.0498	0.0593	
% 3	650	0.7247	0.178	0.0972	
% 2	651	0.5228	0.1241	0.3531	
% 3	652	0.6253	0.1314	0.2433	
% 4	653	0.2608	0.1079	0.6313	
% 2	654	0.7359	0.0848	0.1792	
% 4	655	0.1817	0.2885	0.5298	
% 4	656	0.1124	0.098	0.7896	
% 4	657	0.0639	0.0553	0.8808	
% 4	658	0.0581	0.1122	0.8297	
% 4	659	0.0823	0.0688	0.8489	
% 3	660	0.6268	0.2821	0.0911	
% 2	661	0.4589	0.1983	0.3427	
% 3	662	0.6083	0.1574	0.2343	
% 3	663	0.7495	0.1081	0.1424	
% 3	664	0.4853	0.1972	0.3175	
% 3	665	0.6648	0.2449	0.0903	
% 2	666	0.1368	0.6802	0.183	
% 3	667	0.7706	0.129	0.1004	
% 4	668	0.1733	0.4296	0.3971	
% 4	669	0.0726	0.0887	0.8387	
% 4	670	0.1273	0.0592	0.8135	
% 4	671	0.2332	0.1424	0.6244	
% 4	672	0.1423	0.1025	0.7553	
% 4	673	0.296	0.1137	0.5903	
% 3	674	0.6308	0.0919	0.2773	
% 3	675	0.5756	0.1614	0.263	
% 3	676	0.4673	0.0627	0.47	
% 3	677	0.5185	0.3405	0.141	
% 3	678	0.6183	0.15	0.2317	
% 2	679	0.3638	0.3929	0.2432	
% 3	680	0.4189	0.3289	0.2521	
% 4	681	0.1248	0.2257	0.6495	
% 2	682	0.1665	0.2259	0.6076	
% 4	683	0.2631	0.094	0.6429	
% 4	684	0.0612	0.2241	0.7147	
% 4	685	0.0736	0.0916	0.8348	
% 4	686	0.0642	0.0607	0.8751	
% 3	687	0.6081	0.1706	0.2213	
% 3	688	0.7271	0.0787	0.1942	
% 3	689	0.5372	0.1651	0.2977	
% 3	690	0.7148	0.1568	0.1284	
% 2	691	0.1705	0.1743	0.6551	
% 3	692	0.5863	0.1599	0.2538	
% 2	693	0.4644	0.1825	0.3531	
% 4	694	0.374	0.1155	0.5105	
% 4	695	0.1292	0.037	0.8337	
% 4	696	0.1151	0.274	0.6109	
% 4	697	0.0681	0.1024	0.8295	
% 4	698	0.1193	0.1121	0.7686	
% 3	699	0.4586	0.2127	0.3287	
% 2	700	0.3017	0.5095	0.1888	
% 3	701	0.5559	0.1352	0.3089	
% 3	702	0.6655	0.0975	0.237	
% 3	703	0.6858	0.2011	0.1131	
% 3	704	0.7384	0.1313	0.1303	
% 2	705	0.5897	0.2678	0.1425	
% 3	706	0.7356	0.1141	0.1503	
% 2	707	0.1294	0.8204	0.0502	
% 4	708	0.0795	0.0447	0.8758	
% 2	709	0.0646	0.8111	0.1243	
% 4	710	0.2061	0.1173	0.6766	
% 4	711	0.1298	0.1217	0.7485	
% 4	712	0.1031	0.1679	0.729	
% 4	713	0.0726	0.0557	0.8717	
% 3	714	0.2099	0.1988	0.5912	
% 2	715	0.5079	0.0875	0.4046	
% 3	716	0.7927	0.0922	0.1151	
% 3	717	0.5147	0.1751	0.3102	
% 3	718	0.7638	0.0983	0.1379	
% 3	719	0.4583	0.2171	0.3246	
% 2	720	0.4746	0.2756	0.2498	
% 2	721	0.4169	0.233	0.3501	
% 4	722	0.1467	0.1766	0.6768	
% 4	723	0.07	0.1363	0.7937	
% 4	724	0.0957	0.0284	0.8759	
% 4	725	0.0807	0.0573	0.862	
% 4	726	0.0663	0.0518	0.8819	
% 2	727	0.6866	0.0809	0.2325	
% 3	728	0.7499	0.1123	0.1378	
% 3	729	0.6056	0.1887	0.2056	
% 3	730	0.3882	0.1773	0.4345	
% 3	731	0.6503	0.1974	0.1523	
% 4	732	0.1407	0.3021	0.5572	
% 4	733	0.1004	0.0899	0.8097	
% 4	734	0.0871	0.0591	0.8538	
% 4	735	0.1177	0.0939	0.7883	
% 4	736	0.0718	0.033	0.8952	
% 2	737	0.1175	0.5551	0.3274	
% 3	738	0.7688	0.0981	0.1331	
% 3	739	0.4833	0.0959	0.4207	
% 3	740	0.5862	0.1559	0.2579	
% 2	741	0.3442	0.3221	0.3336	
% 2	742	0.649	0.1051	0.2459	
% 4	743	0.1815	0.0961	0.7224	
% 4	744	0.067	0.1019	0.8311	
% 4	745	0.0674	0.0295	0.9031	
% 4	746	0.2527	0.0537	0.6936	
% 4	747	0.0911	0.0677	0.8412	
% 2	748	0.1997	0.6407	0.1597	
% 2	749	0.2756	0.576	0.1484	
% 2	750	0.1236	0.1488	0.7276	
% 2	751	0.0579	0.8485	0.0936	
% 2	752	0.1476	0.1016	0.7508	
% 2	753	0.6542	0.2208	0.125	
% 2	754	0.1614	0.1874	0.6512	
% 2	755	0.6729	0.2357	0.0913	
% 2	756	0.0591	0.869	0.0719	
% 2	757	0.0736	0.7056	0.2208	
% 2	758	0.0984	0.843	0.0586	
% 2	759	0.7258	0.1511	0.1231	
% 2	760	0.5229	0.1711	0.3059	
% 2	761	0.5305	0.1069	0.3626	
% 2	762	0.6287	0.2231	0.1481	
% 2	763	0.1782	0.5459	0.2759	
% 2	764	0.2135	0.5192	0.2673	
% 2	765	0.3416	0.2736	0.3848	
% 2	766	0.1231	0.5438	0.3331	
% 2	767	0.6678	0.0994	0.2329	
% 2	768	0.0548	0.8839	0.0613	
% 2	769	0.7982	0.1075	0.0943	
% 2	770	0.8286	0.1237	0.0477	
% 2	771	0.4253	0.304	0.2708	
% 2	772	0.5016	0.2139	0.2845	
% 2	773	0.178	0.2022	0.6199	
% 2	774	0.4283	0.3316	0.2401	
% 2	775	0.3923	0.3724	0.2353	
% 2	776	0.7417	0.055	0.2033	
% 2	777	0.2063	0.0861	0.7076	
% 2	778	0.2766	0.1281	0.5953	
% 2	779	0.0657	0.8843	0.05	
% 2	780	0.5469	0.1175	0.3356	
% 2	781	0.3816	0.2566	0.3618	
% 2	782	0.1275	0.076	0.7965	
% 2	783	0.5713	0.2818	0.1469	
% 2	784	0.3075	0.5122	0.1803	
% 2	785	0.1248	0.5477	0.3275	
% 2	786	0.7833	0.0928	0.1239	
% 2	787	0.6814	0.2448	0.0738	
% 2	788	0.5961	0.0848	0.3191	
% 2	789	0.201	0.1237	0.6752	
% 2	790	0.3526	0.556	0.0914	
% 2	791	0.0501	0.9106	0.0393	
% 2	792	0.7321	0.0732	0.1947	
% 2	793	0.1191	0.0819	0.799	
% 2	794	0.0836	0.0944	0.822	
% 2	795	0.0668	0.8415	0.0917	
% 2	796	0.4436	0.196	0.3604	
% 2	797	0.4378	0.2972	0.265	
% 2	798	0.1261	0.2312	0.6427	
% 2	799	0.1018	0.634	0.2642	
% 2	800	0.3194	0.5945	0.0861	
% 2	801	0.0999	0.8309	0.0692	
% 2	802	0.1705	0.1196	0.7098	
% 2	803	0.0945	0.0753	0.8302	
% 2	804	0.6845	0.0867	0.2288	
% 2	805	0.7204	0.1727	0.1069	
% 2	806	0.7183	0.1503	0.1313	
% 2	807	0.343	0.4891	0.1679	
% 2	808	0.1052	0.8181	0.0767	
% 2	809	0.5162	0.4163	0.0675	
% 2	810	0.0616	0.8575	0.0809	
% 2	811	0.0583	0.8865	0.0552	
% 2	812	0.47	0.223	0.3071	
% 2	813	0.0812	0.7912	0.1276	
% 2	814	0.0479	0.8575	0.0946	
% 2	815	0.423	0.1636	0.4134	
% 2	816	0.1181	0.3292	0.5527	
% 2	817	0.5234	0.2758	0.2008	
% 2	818	0.0691	0.8131	0.1179	
% 2	819	0.0591	0.3989	0.542	
% 2	820	0.4178	0.3506	0.2316	
% 2	821	0.0535	0.8998	0.0467	
% 2	822	0.5363	0.326	0.1377	
% 2	823	0.2813	0.6079	0.1108	
% 2	824	0.1281	0.7631	0.1088	
% 2	825	0.7168	0.0378	0.2454	
% 2	826	0.1007	0.8275	0.0718	
% 2	827	0.2572	0.269	0.4737	
% 2	828	0.4687	0.101	0.4304	
% 2	829	0.1491	0.5805	0.2704	
% 2	830	0.7477	0.1032	0.1491	
% 2	831	0.0638	0.7868	0.1494	
% 2	832	0.5455	0.1261	0.3284	
% 2	833	0.6365	0.0766	0.2869	
% 2	834	0.5237	0.1574	0.3189	
% 2	835	0.1666	0.4931	0.3403	
% 2	836	0.0955	0.6745	0.23	
% 2	837	0.3667	0.3681	0.2653	
% 2	838	0.0813	0.1042	0.8145	
% 2	839	0.5906	0.0903	0.3191	
% 2	840	0.5632	0.2673	0.1695	
% 2	841	0.1825	0.6209	0.1965	
% 2	842	0.0737	0.8677	0.0586	
% 2	843	0.0584	0.891	0.0506	
% 2	844	0.1872	0.5684	0.2443	
% 2	845	0.5417	0.2042	0.2541	
% 2	846	0.3762	0.2066	0.4171	
% 2	847	0.556	0.1212	0.3228	
% 2	848	0.0679	0.8947	0.0374	
% 2	849	0.3435	0.1086	0.5479	
% 2	850	0.5142	0.1582	0.3276	
% 2	851	0.5151	0.2079	0.277	
% 2	852	0.1637	0.4994	0.337	
% 2	853	0.1064	0.6201	0.2735	
% 2	854	0.1451	0.5749	0.28	
% 2	855	0.6635	0.155	0.1815	
% 2	856	0.4109	0.2675	0.3216	
% 2	857	0.7398	0.0968	0.1633	
% 2	858	0.197	0.1405	0.6625	
% 2	859	0.1104	0.7859	0.1037	
% 2	860	0.0523	0.9075	0.0402	
% 2	861	0.0647	0.8618	0.0735	
% 2	862	0.154	0.2086	0.6374	
% 2	863	0.0485	0.8599	0.0916	
% 2	864	0.1225	0.7486	0.1289	
% 2	865	0.0572	0.1191	0.8237	
% 2	866	0.5889	0.3374	0.0737	
% 2	867	0.2421	0.104	0.6539	
% 2	868	0.5653	0.1289	0.3058	
% 2	869	0.252	0.1327	0.6153	
% 2	870	0.0951	0.7923	0.1126	
% 2	871	0.0837	0.1892	0.7271	
% 2	872	0.1408	0.242	0.6172	
% 2	873	0.0649	0.8829	0.0522	
% 2	874	0.6902	0.1615	0.1483	
% 2	875	0.1435	0.2531	0.6034	
% 2	876	0.1515	0.1921	0.6564	
% 2	877	0.3324	0.5352	0.1324	
% 2	878	0.3381	0.3605	0.3014	
% 2	879	0.0445	0.9154	0.0401	
% 2	880	0.2542	0.3903	0.3554	
% 2	881	0.1165	0.7712	0.1122	
% 2	882	0.5505	0.1678	0.2817	


% PARAMETERS
72 500 translate 
1 1 scale
0 rotate
/setrim {3 setlinewidth} def 
/setsep {0.3 setlinewidth} def 
/setind {0.3 setlinewidth} def 
/fh {6} def    	% Font height 
/da {5} def    	% Distance above box at which to print names 
/db {-7} def    	% Distance below box at which to print names 
/bh {50} def    	% Height of the box 
/wi {0.530612} def    	% Width of an individual 
/aato {60} def  	% Angle at which to print text atop box 
/abel {60} def  	% Angle at which to print text below box 
/tot {882} def   	% Total number of individuals 
/Helvetica-Bold findfont fh scalefont setfont 

% ABBREVIATED COMMANDS
/M {moveto} def
/R {rmoveto} def
/L {lineto} def
/V {rlineto} def
/Cfs {closepath fill stroke} def
/rotshow {
  dup dup stringwidth pop abel cos mul neg exch 
  stringwidth pop abel sin mul neg R
  gsave abel rotate show grestore
} def
/bhm {bh mul} def 	% Multiply by height of the box 
/nwi {wi neg} def   	% Negative width of an individual 
/wm {wi mul} def 	% Multiply by width of an individual 
/ru {bhm M wi 0 V 0} def   	% Right-upwards box motion 
/ld {bhm V nwi 0 V Cfs} def	% Left-downwards box closure motion
/bbm {-.3 add 2 div add wm fh 2 div add db M} def       	% Below-box motion
/abm {-.3 add 2 div add wm fh 2 div add bh da add M} def	% Above-box motion
/sc {setrgbcolor} def

% COLORS
/c0 {0.0 0.0 0.0 sc} def    % black 
/c1 {2.1 0.6 0.3 sc} def    % orange 
/c2 {0 0.6 0.9 sc} def      % blue   
/c3 {.9 2.1 0 sc} def       % yellow 
/c4 {1.5 0.6 0.9 sc} def    % pink   
/c5 {.2 .6 .2 sc} def       % green  
/c6 {.5 0 .5 sc} def        % purple 
/c7 {1.2 0.0 0.3 sc} def    % red     
/c8 {0 1 0 sc} def          % light_green 
/c9 {0 0 1 sc} def          % dark_blue 
/c10 {1.2 0 1.8 sc} def     % light_purple 
/c11 {1.5 0.9 0.6 sc} def   % light_yellow 
/c12 {0.7 0.3 0.0 sc} def   % brown 
/c13 {0 1.2 1.8 sc} def     % light_blue 
/c14 {0.5 0.5 0.0 sc} def   % olive_green 
/c15 {1.8 0.6 0.6 sc} def   % peach 
/c16 {0 0.5 0.5 sc} def     % sea_green 
/c17 {.6 .75 .15 sc} def    % yellow_green 
/c18 {0.45 .15 .9 sc} def   % blue_purple  
/c19 {0.15 0.75 0.6 sc} def % blue_green 
/c20 {0.5 setgray} def      % gray 
/c21 {0.05 0.4 0.05 sc} def % dark_green 
/c22 {0.75 setgray} def     % light_gray 
/c23 {1 0 0 sc} def         % red2 
/c24 {0.6 0.9 1.5 sc} def   % light_blue2 
/c25 {1 0.6 0.4 sc} def     % light_orange 
/c26 {0.25 setgray} def     % dark_gray 
/c27 {1.2 0.9 0.9 sc} def   % light_pink 
/c28 {.6 .2 .2 sc} def      % dark_brown 
/c29 {1.6 0.4 0 sc} def     % dark_orange 
/c30 {0.2 0 0.3 sc} def     % dark_purple 
/c31 {1 setgray} def        % white 
/c32 {2.7 .3 0 sc} def      % color32 
/c33 {2.4 .6 0 sc} def      % color33 
/c34 {2.1 .3 .6 sc} def     % color34 
/c35 {1.5 .6 .9 sc} def     % color35 
/c36 {1.2 1.2 .6 sc} def    % color36 
/c37 {1.2 1.2 .9 sc} def    % color37 
/c38 {1.2 .9 .9 sc} def     % color38 
/c39 {.9 1.8 .3 sc} def     % color39 
/c40 {.9 .9 1.2 sc} def     % color40 
/c41 {.9 .6 1.5 sc} def     % color41 
/c42 {.6 2.1 .3 sc} def     % color42 
/c43 {.6 1.8 .6 sc} def     % color43 
/c44 {.6 1.5 .9 sc} def     % color44 
/c45 {.6 1.2 1.2 sc} def    % color45 
/c46 {.6 .9 1.5 sc} def     % color46 
/c47 {.6 .6 1.8 sc} def     % color47 
/c48 {.6 .3 2.1 sc} def     % color48 
/c49 {.3 .6 2.1 sc} def     % color49 
/c50 {0 2.4 .6 sc} def      % color50 
/c51 {0 2.1 .9 sc} def      % color51 
/c52 {0 .9 2.1 sc} def      % color52 
/c53 {.8 .1 .1 sc} def      % color53 
/c54 {.7 .3 0 sc} def       % color54 
/c55 {.7 .2 .1 sc} def      % color55 
/c56 {.7 .1 .2 sc} def      % color56 
/c57 {.6 .4 0 sc} def       % color57 
/c58 {.6 .3 .1 sc} def      % color58 
/c59 {.3 .4 .3 sc} def      % color59 
/c60 {.6 .1 .3 sc} def      % color60 
/c61 {.5 .3 .2 sc} def      % color61 
/c62 {.5 .2 .3 sc} def      % color62 
/c63 {.5 .1 .4 sc} def      % color63 
/c64 {.4 .3 .3 sc} def      % color64 
/c65 {.4 .2 .4 sc} def      % color65 
/c66 {1.2 .4 .4 sc} def     % color66 
/c67 {1.2 .2 .6 sc} def     % color67 
/c68 {1 .8 .2 sc} def       % color68 
/c69 {1 .6 .4 sc} def       % color69 
/c70 {1 .4 .6 sc} def       % color70 
/c100 {0.996094 0.996094 0.996094 sc} def   % color100 
/c101 {0.996094 0.695312 0.695312 sc} def   % color101 
/c102 {0.894531 0.492188 0.492188 sc} def   % color102 
/c103 {0.796875 0.316406 0.316406 sc} def   % color103 
/c104 {0.695312 0.171875 0.171875 sc} def   % color104 
/c105 {0.597656 0.0585938 0.0585938 sc} def % color105 
/c106 {0.894531 0.84375 0.695312 sc} def    % color106 
/c107 {0.761719 0.691406 0.492188 sc} def   % color107 
/c108 {0.636719 0.554688 0.316406 sc} def   % color108 
/c109 {0.519531 0.433594 0.171875 sc} def   % color109 
/c110 {0.417969 0.328125 0.0585938 sc} def  % color110 
/c111 {0.894531 0.996094 0.695312 sc} def   % color111 
/c112 {0.761719 0.894531 0.492188 sc} def   % color112 
/c113 {0.636719 0.796875 0.316406 sc} def   % color113 
/c114 {0.519531 0.695312 0.171875 sc} def   % color114 
/c115 {0.417969 0.597656 0.0585938 sc} def  % color115 
/c116 {0.695312 0.894531 0.996094 sc} def   % color116 
/c117 {0.492188 0.761719 0.894531 sc} def   % color117 
/c118 {0.316406 0.636719 0.796875 sc} def   % color118 
/c119 {0.171875 0.519531 0.695312 sc} def   % color119 
/c120 {0.0585938 0.417969 0.597656 sc} def  % color120 
/c121 {0.746094 0.695312 0.996094 sc} def   % color121 
/c122 {0.558594 0.492188 0.894531 sc} def   % color122 
/c123 {0.394531 0.316406 0.796875 sc} def   % color123 
/c124 {0.257812 0.171875 0.695312 sc} def   % color124 
/c125 {0.148438 0.0585938 0.597656 sc} def  % color125 
/c126 {0.996094 0.996094 0.597656 sc} def   % color126 
/c127 {0.996094 0.996094 0 sc} def          % color127 
/c128 {0.996094 0.796875 0 sc} def          % color128 
/c129 {0.996094 0.597656 0 sc} def          % color129 
/c130 {0.996094 0.398438 0 sc} def          % color130 
/c1001 {0.496094 0.785156 0.496094 sc} def   % Accent_3_qual_1 
/c1002 {0.742188 0.679688 0.828125 sc} def   % Accent_3_qual_2 
/c1003 {0.988281 0.75 0.523438 sc} def       % Accent_3_qual_3 
/c1004 {0.496094 0.785156 0.496094 sc} def   % Accent_4_qual_1 
/c1005 {0.742188 0.679688 0.828125 sc} def   % Accent_4_qual_2 
/c1006 {0.988281 0.75 0.523438 sc} def 	    % Accent_4_qual_3 
/c1007 {0.996094 0.996094 0.597656 sc} def   % Accent_4_qual_4 
/c1008 {0.496094 0.785156 0.496094 sc} def   % Accent_5_qual_1 
/c1009 {0.742188 0.679688 0.828125 sc} def   % Accent_5_qual_2 
/c1010 {0.988281 0.75 0.523438 sc} def 	    % Accent_5_qual_3 
/c1011 {0.996094 0.996094 0.597656 sc} def   % Accent_5_qual_4 
/c1012 {0.21875 0.421875 0.6875 sc} def 	    % Accent_5_qual_5 
/c1013 {0.496094 0.785156 0.496094 sc} def   % Accent_6_qual_1 
/c1014 {0.742188 0.679688 0.828125 sc} def   % Accent_6_qual_2 
/c1015 {0.988281 0.75 0.523438 sc} def 	    % Accent_6_qual_3 
/c1016 {0.996094 0.996094 0.597656 sc} def   % Accent_6_qual_4 
/c1017 {0.21875 0.421875 0.6875 sc} def 	    % Accent_6_qual_5 
/c1018 {0.9375 0.0078125 0.496094 sc} def    % Accent_6_qual_6 
/c1019 {0.496094 0.785156 0.496094 sc} def   % Accent_7_qual_1 
/c1020 {0.742188 0.679688 0.828125 sc} def   % Accent_7_qual_2 
/c1021 {0.988281 0.75 0.523438 sc} def 	    % Accent_7_qual_3 
/c1022 {0.996094 0.996094 0.597656 sc} def   % Accent_7_qual_4 
/c1023 {0.21875 0.421875 0.6875 sc} def 	    % Accent_7_qual_5 
/c1024 {0.9375 0.0078125 0.496094 sc} def    % Accent_7_qual_6 
/c1025 {0.746094 0.355469 0.0898438 sc} def  % Accent_7_qual_7 
/c1026 {0.496094 0.785156 0.496094 sc} def   % Accent_8_qual_1 
/c1027 {0.742188 0.679688 0.828125 sc} def   % Accent_8_qual_2 
/c1028 {0.988281 0.75 0.523438 sc} def 	    % Accent_8_qual_3 
/c1029 {0.996094 0.996094 0.597656 sc} def   % Accent_8_qual_4 
/c1030 {0.21875 0.421875 0.6875 sc} def 	    % Accent_8_qual_5 
/c1031 {0.9375 0.0078125 0.496094 sc} def    % Accent_8_qual_6 
/c1032 {0.746094 0.355469 0.0898438 sc} def  % Accent_8_qual_7 
/c1033 {0.398438 0.398438 0.398438 sc} def   % Accent_8_qual_8 
/c1034 {0.867188 0.917969 0.964844 sc} def   % Blues_3_seq_1 
/c1035 {0.617188 0.789062 0.878906 sc} def   % Blues_3_seq_2 
/c1036 {0.191406 0.507812 0.738281 sc} def   % Blues_3_seq_3 
/c1037 {0.933594 0.949219 0.996094 sc} def   % Blues_4_seq_1 
/c1038 {0.738281 0.839844 0.902344 sc} def   % Blues_4_seq_2 
/c1039 {0.417969 0.679688 0.835938 sc} def   % Blues_4_seq_3 
/c1040 {0.128906 0.441406 0.707031 sc} def   % Blues_4_seq_4 
/c1041 {0.933594 0.949219 0.996094 sc} def   % Blues_5_seq_1 
/c1042 {0.738281 0.839844 0.902344 sc} def   % Blues_5_seq_2 
/c1043 {0.417969 0.679688 0.835938 sc} def   % Blues_5_seq_3 
/c1044 {0.191406 0.507812 0.738281 sc} def   % Blues_5_seq_4 
/c1045 {0.03125 0.316406 0.609375 sc} def    % Blues_5_seq_5 
/c1046 {0.933594 0.949219 0.996094 sc} def   % Blues_6_seq_1 
/c1047 {0.773438 0.855469 0.933594 sc} def   % Blues_6_seq_2 
/c1048 {0.617188 0.789062 0.878906 sc} def   % Blues_6_seq_3 
/c1049 {0.417969 0.679688 0.835938 sc} def   % Blues_6_seq_4 
/c1050 {0.191406 0.507812 0.738281 sc} def   % Blues_6_seq_5 
/c1051 {0.03125 0.316406 0.609375 sc} def    % Blues_6_seq_6 
/c1052 {0.933594 0.949219 0.996094 sc} def   % Blues_7_seq_1 
/c1053 {0.773438 0.855469 0.933594 sc} def   % Blues_7_seq_2 
/c1054 {0.617188 0.789062 0.878906 sc} def   % Blues_7_seq_3 
/c1055 {0.417969 0.679688 0.835938 sc} def   % Blues_7_seq_4 
/c1056 {0.257812 0.570312 0.773438 sc} def   % Blues_7_seq_5 
/c1057 {0.128906 0.441406 0.707031 sc} def   % Blues_7_seq_6 
/c1058 {0.03125 0.269531 0.578125 sc} def    % Blues_7_seq_7 
/c1059 {0.964844 0.980469 0.996094 sc} def   % Blues_8_seq_1 
/c1060 {0.867188 0.917969 0.964844 sc} def   % Blues_8_seq_2 
/c1061 {0.773438 0.855469 0.933594 sc} def   % Blues_8_seq_3 
/c1062 {0.617188 0.789062 0.878906 sc} def   % Blues_8_seq_4 
/c1063 {0.417969 0.679688 0.835938 sc} def   % Blues_8_seq_5 
/c1064 {0.257812 0.570312 0.773438 sc} def   % Blues_8_seq_6 
/c1065 {0.128906 0.441406 0.707031 sc} def   % Blues_8_seq_7 
/c1066 {0.03125 0.269531 0.578125 sc} def    % Blues_8_seq_8 
/c1067 {0.964844 0.980469 0.996094 sc} def   % Blues_9_seq_1 
/c1068 {0.867188 0.917969 0.964844 sc} def   % Blues_9_seq_2 
/c1069 {0.773438 0.855469 0.933594 sc} def   % Blues_9_seq_3 
/c1070 {0.617188 0.789062 0.878906 sc} def   % Blues_9_seq_4 
/c1071 {0.417969 0.679688 0.835938 sc} def   % Blues_9_seq_5 
/c1072 {0.257812 0.570312 0.773438 sc} def   % Blues_9_seq_6 
/c1073 {0.128906 0.441406 0.707031 sc} def   % Blues_9_seq_7 
/c1074 {0.03125 0.316406 0.609375 sc} def    % Blues_9_seq_8 
/c1075 {0.03125 0.1875 0.417969 sc} def 	    % Blues_9_seq_9 
/c1076 {0.84375 0.699219 0.394531 sc} def    % BrBG_3_div_1 
/c1077 {0.957031 0.957031 0.957031 sc} def   % BrBG_3_div_2 
/c1078 {0.351562 0.703125 0.671875 sc} def   % BrBG_3_div_3 
/c1079 {0.648438 0.378906 0.101562 sc} def   % BrBG_4_div_1 
/c1080 {0.871094 0.757812 0.488281 sc} def   % BrBG_4_div_2 
/c1081 {0.5 0.800781 0.753906 sc} def 	    % BrBG_4_div_3 
/c1082 {0.00390625 0.519531 0.441406 sc} def     % BrBG_4_div_4 
/c1083 {0.648438 0.378906 0.101562 sc} def   % BrBG_5_div_1 
/c1084 {0.871094 0.757812 0.488281 sc} def   % BrBG_5_div_2 
/c1085 {0.957031 0.957031 0.957031 sc} def   % BrBG_5_div_3 
/c1086 {0.5 0.800781 0.753906 sc} def 	    % BrBG_5_div_4 
/c1087 {0.00390625 0.519531 0.441406 sc} def     % BrBG_5_div_5 
/c1088 {0.546875 0.316406 0.0390625 sc} def  % BrBG_6_div_1 
/c1089 {0.84375 0.699219 0.394531 sc} def   % BrBG_6_div_2 
/c1090 {0.960938 0.90625 0.761719 sc} def   % BrBG_6_div_3 
/c1091 {0.777344 0.914062 0.894531 sc} def   % BrBG_6_div_4 
/c1092 {0.351562 0.703125 0.671875 sc} def   % BrBG_6_div_5 
/c1093 {0.00390625 0.398438 0.367188 sc} def     % BrBG_6_div_6 
/c1094 {0.546875 0.316406 0.0390625 sc} def  % BrBG_7_div_1 
/c1095 {0.84375 0.699219 0.394531 sc} def   % BrBG_7_div_2 
/c1096 {0.960938 0.90625 0.761719 sc} def   % BrBG_7_div_3 
/c1097 {0.957031 0.957031 0.957031 sc} def   % BrBG_7_div_4 
/c1098 {0.777344 0.914062 0.894531 sc} def   % BrBG_7_div_5 
/c1099 {0.351562 0.703125 0.671875 sc} def   % BrBG_7_div_6 
/c1100 {0.00390625 0.398438 0.367188 sc} def     % BrBG_7_div_7 
/c1101 {0.546875 0.316406 0.0390625 sc} def  % BrBG_8_div_1 
/c1102 {0.746094 0.503906 0.175781 sc} def   % BrBG_8_div_2 
/c1103 {0.871094 0.757812 0.488281 sc} def   % BrBG_8_div_3 
/c1104 {0.960938 0.90625 0.761719 sc} def   % BrBG_8_div_4 
/c1105 {0.777344 0.914062 0.894531 sc} def   % BrBG_8_div_5 
/c1106 {0.5 0.800781 0.753906 sc} def 	    % BrBG_8_div_6 
/c1107 {0.207031 0.589844 0.558594 sc} def   % BrBG_8_div_7 
/c1108 {0.00390625 0.398438 0.367188 sc} def     % BrBG_8_div_8 
/c1109 {0.546875 0.316406 0.0390625 sc} def  % BrBG_9_div_1 
/c1110 {0.746094 0.503906 0.175781 sc} def   % BrBG_9_div_2 
/c1111 {0.871094 0.757812 0.488281 sc} def   % BrBG_9_div_3 
/c1112 {0.960938 0.90625 0.761719 sc} def   % BrBG_9_div_4 
/c1113 {0.957031 0.957031 0.957031 sc} def   % BrBG_9_div_5 
/c1114 {0.777344 0.914062 0.894531 sc} def   % BrBG_9_div_6 
/c1115 {0.5 0.800781 0.753906 sc} def 	    % BrBG_9_div_7 
/c1116 {0.207031 0.589844 0.558594 sc} def   % BrBG_9_div_8 
/c1117 {0.00390625 0.398438 0.367188 sc} def     % BrBG_9_div_9 
