  1:	0.331  0.305  0.363	157
  2:	0.330  0.301  0.369	643
  3:	0.237  0.168  0.595	40
  4:	0.741  0.123  0.136	42

  1:	0.333  0.363  0.304	157
  2:	0.330  0.369  0.300	643
  3:	0.230  0.606  0.164	40
  4:	0.746  0.133  0.121	42

  1:	0.363  0.307  0.330	157
  2:	0.368  0.303  0.329	643
  3:	0.593  0.169  0.238	40
  4:	0.138  0.125  0.736	42

  1:	0.299  0.333  0.369	157
  2:	0.294  0.330  0.376	643
  3:	0.154  0.224  0.622	40
  4:	0.116  0.756  0.128	42

  1:	0.338  0.297  0.366	157
  2:	0.331  0.291  0.378	643
  3:	0.223  0.149  0.629	40
  4:	0.766  0.111  0.123	42

  1:	0.335  0.300  0.365	157
  2:	0.331  0.295  0.374	643
  3:	0.227  0.153  0.620	40
  4:	0.760  0.113  0.126	42

  1:	0.364  0.336  0.300	157
  2:	0.374  0.330  0.296	643
  3:	0.611  0.233  0.156	40
  4:	0.129  0.755  0.116	42

  1:	0.333  0.302  0.365	157
  2:	0.330  0.297  0.373	643
  3:	0.228  0.158  0.613	40
  4:	0.748  0.118  0.134	42

  1:	0.337  0.292  0.371	157
  2:	0.333  0.288  0.380	643
  3:	0.226  0.141  0.633	40
  4:	0.780  0.105  0.115	42

  1:	0.337  0.364  0.299	157
  2:	0.331  0.374  0.295	643
  3:	0.231  0.612  0.156	40
  4:	0.757  0.128  0.115	42

