  1:	0.261  0.235  0.275  0.228	157
  2:	0.265  0.239  0.269  0.226	643
  3:	0.404  0.121  0.394  0.081	40
  4:	0.101  0.739  0.094  0.066	42

  1:	0.236  0.226  0.267  0.270	157
  2:	0.239  0.225  0.265  0.271	643
  3:	0.121  0.077  0.407  0.395	40
  4:	0.750  0.062  0.099  0.089	42

  1:	0.274  0.265  0.235  0.226	157
  2:	0.268  0.269  0.238  0.224	643
  3:	0.407  0.402  0.116  0.076	40
  4:	0.099  0.087  0.752  0.062	42

  1:	0.268  0.236  0.227  0.270	157
  2:	0.266  0.238  0.225  0.271	643
  3:	0.403  0.116  0.077  0.404	40
  4:	0.097  0.751  0.062  0.091	42

  1:	0.272  0.228  0.263  0.237	157
  2:	0.263  0.226  0.271  0.240	643
  3:	0.394  0.078  0.407  0.120	40
  4:	0.095  0.064  0.097  0.744	42

  1:	0.267  0.235  0.271  0.228	157
  2:	0.263  0.238  0.272  0.227	643
  3:	0.395  0.124  0.399  0.082	40
  4:	0.093  0.746  0.095  0.066	42

  1:	0.267  0.270  0.228  0.235	157
  2:	0.265  0.271  0.227  0.237	643
  3:	0.403  0.398  0.081  0.118	40
  4:	0.097  0.097  0.064  0.742	42

  1:	0.271  0.267  0.227  0.235	157
  2:	0.264  0.271  0.227  0.238	643
  3:	0.383  0.414  0.082  0.122	40
  4:	0.104  0.091  0.065  0.739	42

  1:	0.225  0.269  0.237  0.269	157
  2:	0.224  0.267  0.239  0.269	643
  3:	0.078  0.409  0.118  0.395	40
  4:	0.062  0.090  0.752  0.095	42

  1:	0.267  0.271  0.225  0.237	157
  2:	0.272  0.265  0.222  0.241	643
  3:	0.389  0.421  0.073  0.117	40
  4:	0.082  0.093  0.059  0.766	42

