  1:	0.196  0.231  0.207  0.176  0.190	157
  2:	0.196  0.199  0.210  0.186  0.210	643
  3:	0.061  0.214  0.318  0.091  0.316	40
  4:	0.053  0.105  0.077  0.676  0.089	42

  1:	0.193  0.202  0.232  0.195  0.178	157
  2:	0.196  0.210  0.200  0.209  0.185	643
  3:	0.055  0.326  0.214  0.322  0.083	40
  4:	0.047  0.071  0.101  0.082  0.700	42

  1:	0.201  0.236  0.178  0.193  0.192	157
  2:	0.210  0.201  0.185  0.193  0.211	643
  3:	0.308  0.219  0.083  0.055  0.334	40
  4:	0.066  0.096  0.712  0.046  0.081	42

  1:	0.179  0.204  0.234  0.194  0.188	157
  2:	0.186  0.209  0.198  0.196  0.211	643
  3:	0.088  0.323  0.210  0.058  0.320	40
  4:	0.686  0.070  0.102  0.052  0.091	42

  1:	0.180  0.201  0.193  0.194  0.232	157
  2:	0.187  0.212  0.210  0.196  0.196	643
  3:	0.087  0.308  0.333  0.061  0.211	40
  4:	0.683  0.075  0.090  0.051  0.101	42

  1:	0.179  0.189  0.190  0.206  0.236	157
  2:	0.186  0.190  0.212  0.211  0.200	643
  3:	0.081  0.049  0.337  0.324  0.209	40
  4:	0.725  0.041  0.077  0.063  0.093	42

  1:	0.224  0.199  0.180  0.193  0.204	157
  2:	0.200  0.209  0.186  0.194  0.212	643
  3:	0.243  0.300  0.083  0.057  0.317	40
  4:	0.095  0.091  0.691  0.050  0.073	42

  1:	0.204  0.218  0.204  0.194  0.180	157
  2:	0.207  0.201  0.210  0.196  0.187	643
  3:	0.276  0.266  0.310  0.059  0.089	40
  4:	0.103  0.085  0.073  0.049  0.689	42

  1:	0.233  0.195  0.191  0.178  0.204	157
  2:	0.198  0.196  0.211  0.185  0.210	643
  3:	0.224  0.057  0.319  0.088  0.312	40
  4:	0.097  0.050  0.085  0.696  0.071	42

  1:	0.198  0.180  0.200  0.191  0.231	157
  2:	0.214  0.185  0.210  0.192  0.199	643
  3:	0.299  0.080  0.325  0.050  0.245	40
  4:	0.066  0.714  0.080  0.043  0.096	42

