  1:	0.173  0.167  0.168  0.192  0.145  0.155	157
  2:	0.174  0.171  0.166  0.163  0.152  0.173	643
  3:	0.041  0.255  0.222  0.173  0.062  0.246	40
  4:	0.036  0.060  0.091  0.080  0.666  0.066	42

  1:	0.165  0.175  0.170  0.163  0.176  0.152	157
  2:	0.173  0.161  0.175  0.160  0.177  0.155	643
  3:	0.273  0.228  0.239  0.154  0.045  0.062	40
  4:	0.058  0.082  0.056  0.173  0.037  0.594	42

  1:	0.168  0.186  0.164  0.145  0.162  0.174	157
  2:	0.165  0.163  0.172  0.152  0.173  0.175	643
  3:	0.261  0.174  0.209  0.062  0.252  0.042	40
  4:	0.071  0.098  0.065  0.663  0.064  0.039	42

  1:	0.144  0.163  0.163  0.166  0.191  0.173	157
  2:	0.151  0.171  0.171  0.171  0.161  0.174	643
  3:	0.064  0.262  0.229  0.228  0.177  0.040	40
  4:	0.677  0.054  0.067  0.084  0.083  0.036	42

  1:	0.164  0.158  0.145  0.173  0.193  0.167	157
  2:	0.171  0.170  0.149  0.174  0.163  0.172	643
  3:	0.240  0.250  0.062  0.042  0.174  0.232	40
  4:	0.073  0.070  0.670  0.039  0.087  0.062	42

  1:	0.150  0.146  0.168  0.173  0.167  0.196	157
  2:	0.171  0.154  0.167  0.176  0.170  0.162	643
  3:	0.252  0.064  0.220  0.044  0.261  0.159	40
  4:	0.060  0.661  0.088  0.039  0.069  0.084	42

  1:	0.147  0.172  0.158  0.183  0.168  0.172	157
  2:	0.153  0.164  0.172  0.164  0.174  0.174	643
  3:	0.058  0.211  0.237  0.229  0.225  0.040	40
  4:	0.676  0.105  0.059  0.066  0.058  0.037	42

  1:	0.172  0.195  0.160  0.147  0.163  0.163	157
  2:	0.174  0.163  0.174  0.150  0.168  0.172	643
  3:	0.040  0.162  0.261  0.060  0.227  0.249	40
  4:	0.037  0.082  0.062  0.663  0.096  0.060	42

  1:	0.163  0.184  0.161  0.175  0.173  0.144	157
  2:	0.171  0.163  0.173  0.168  0.175  0.150	643
  3:	0.246  0.191  0.259  0.205  0.040  0.059	40
  4:	0.060  0.095  0.063  0.084  0.036  0.663	42

  1:	0.173  0.195  0.165  0.159  0.146  0.161	157
  2:	0.176  0.163  0.171  0.167  0.152  0.171	643
  3:	0.043  0.168  0.248  0.234  0.065  0.243	40
  4:	0.040  0.088  0.056  0.093  0.657  0.065	42

