

----------------------------------------------------
STRUCTURE by Pritchard, Stephens and Donnelly (2000)
     and Falush, Stephens and Pritchard (2003)
       Code by Pritchard, Falush and Hubisz
             Version 2.3.4 (Jul 2012)
----------------------------------------------------



Command line arguments:   bin/structure -m "/Users/ddayan/FRA/premature_migration/Rogue_Half-Pounder/rogue_half_pounder_repo/structure/halfpounder/10k_20k_adm_corr_rep2/mainparams" -e "/Users/ddayan/FRA/premature_migration/Rogue_Half-Pounder/rogue_half_pounder_repo/structure/halfpounder/10k_20k_adm_corr_rep2/extraparams" 
Input File:    /Users/ddayan/FRA/premature_migration/Rogue_Half-Pounder/rogue_half_pounder_repo/structure/halfpounder/project_data

Run parameters:
   882 individuals
   330 loci
   4 populations assumed
   10000 Burn-in period
   20000 Reps


--------------------------------------------
Proportion of membership of each pre-defined
 population in each of the 4 clusters

Given    Inferred Clusters              Number of
 Pop       1      2      3      4      Individuals

  1:     0.274  0.265  0.235  0.226      157
  2:     0.268  0.269  0.238  0.224      643
  3:     0.407  0.402  0.116  0.076       40
  4:     0.099  0.087  0.752  0.062       42
--------------------------------------------

Allele-freq. divergence among pops (Net nucleotide distance),
computed using point estimates of P.

      1       2       3       4      
 1      -    0.0002  0.0031  0.0077  
 2   0.0002     -    0.0032  0.0078  
 3   0.0031  0.0032     -    0.0102  
 4   0.0077  0.0078  0.0102     -    

Average distances (expected heterozygosity) between individuals in same cluster:
cluster  1  : 0.2873 
cluster  2  : 0.2866 
cluster  3  : 0.2810 
cluster  4  : 0.2557 

--------------------------------------------
Estimated Ln Prob of Data   = -247720.0
Mean value of ln likelihood = -246454.0
Variance of ln likelihood   = 2532.1
Mean value of alpha         = 0.2656

Mean value of Fst_1         = 0.0080
Mean value of Fst_2         = 0.0096
Mean value of Fst_3         = 0.0248
Mean value of Fst_4         = 0.0693


Inferred ancestry of individuals:
        Label (%Miss) Pop:  Inferred clusters
  1 OmyAC19ROGR    (0)    1 :  0.278 0.337 0.362 0.023 
  2 OmyAC19ROGR    (1)    1 :  0.213 0.282 0.385 0.121 
  3 OmyAC19ROGR    (1)    1 :  0.167 0.426 0.325 0.082 
  4 OmyAC19ROGR    (1)    1 :  0.290 0.472 0.202 0.036 
  5 OmyAC19ROGR    (2)    1 :  0.021 0.021 0.017 0.941 
  6 OmyAC19ROGR    (1)    1 :  0.191 0.457 0.073 0.279 
  7 OmyAC19ROGR    (1)    1 :  0.289 0.210 0.240 0.261 
  8 OmyAC19ROGR    (0)    1 :  0.495 0.236 0.243 0.026 
  9 OmyAC19ROGR    (1)    1 :  0.184 0.318 0.263 0.235 
 10 OmyAC19ROGR    (1)    1 :  0.157 0.140 0.173 0.530 
 11 OmyAC19ROGR    (0)    1 :  0.235 0.381 0.241 0.143 
 12 OmyAC19ROGR    (0)    1 :  0.262 0.477 0.091 0.170 
 13 OmyAC19ROGR    (1)    1 :  0.459 0.218 0.272 0.051 
 14 OmyAC19ROGR    (1)    1 :  0.250 0.210 0.043 0.497 
 15 OmyAC19ROGR    (2)    1 :  0.284 0.172 0.049 0.495 
 16 OmyAC19ROGR    (1)    1 :  0.359 0.277 0.214 0.150 
 17 OmyAC19ROGR    (1)    1 :  0.463 0.360 0.032 0.145 
 18 OmyAC19ROGR    (2)    1 :  0.316 0.219 0.429 0.036 
 19 OmyAC19ROGR    (1)    1 :  0.460 0.259 0.202 0.079 
 20 OmyAC19ROGR    (1)    1 :  0.345 0.358 0.048 0.249 
 21 OmyAC19ROGR    (1)    1 :  0.305 0.240 0.168 0.286 
 22 OmyAC19ROGR    (1)    1 :  0.217 0.226 0.454 0.103 
 23 OmyAC19ROGR    (1)    1 :  0.249 0.350 0.158 0.243 
 24 OmyAC19ROGR    (1)    1 :  0.048 0.066 0.861 0.025 
 25 OmyAC19ROGR    (1)    1 :  0.382 0.248 0.112 0.257 
 26 OmyAC19ROGR    (1)    1 :  0.185 0.271 0.369 0.175 
 27 OmyAC19ROGR    (1)    1 :  0.377 0.472 0.075 0.076 
 28 OmyAC19ROGR    (1)    1 :  0.037 0.041 0.890 0.033 
 29 OmyAC19ROGR    (1)    1 :  0.341 0.345 0.223 0.092 
 30 OmyAC19ROGR    (1)    1 :  0.102 0.128 0.073 0.696 
 31 OmyAC19ROGR    (1)    1 :  0.357 0.347 0.242 0.055 
 32 OmyAC19ROGR    (1)    1 :  0.355 0.190 0.300 0.155 
 33 OmyAC19ROGR    (1)    1 :  0.186 0.186 0.445 0.183 
 34 OmyAC19ROGR    (1)    1 :  0.236 0.111 0.080 0.573 
 35 OmyAC19ROGR    (0)    1 :  0.318 0.208 0.341 0.133 
 36 OmyAC19ROGR    (1)    1 :  0.211 0.435 0.111 0.243 
 37 OmyAC19ROGR    (1)    1 :  0.147 0.175 0.540 0.137 
 38 OmyAC19ROGR    (1)    1 :  0.057 0.061 0.351 0.532 
 39 OmyAC19ROGR    (1)    1 :  0.402 0.284 0.089 0.225 
 40 OmyAC19ROGR    (0)    1 :  0.301 0.330 0.060 0.309 
 41 OmyAC19ROGR    (1)    1 :  0.462 0.380 0.110 0.048 
 42 OmyAC19ROGR    (1)    1 :  0.064 0.081 0.029 0.827 
 43 OmyAC19ROGR    (1)    1 :  0.285 0.373 0.282 0.060 
 44 OmyAC19ROGR    (7)    1 :  0.241 0.552 0.139 0.069 
 45 OmyAC19ROGR    (2)    1 :  0.101 0.137 0.364 0.399 
 46 OmyAC19ROGR    (1)    1 :  0.243 0.223 0.445 0.090 
 47 OmyAC19ROGR    (0)    1 :  0.072 0.085 0.746 0.098 
 48 OmyAC19ROGR    (1)    1 :  0.355 0.404 0.177 0.064 
 49 OmyAC19ROGR    (0)    1 :  0.245 0.289 0.408 0.057 
 50 OmyAC19ROGR    (1)    1 :  0.690 0.240 0.037 0.033 
 51 OmyAC19ROGR    (2)    1 :  0.094 0.085 0.081 0.740 
 52 OmyAC19ROGR    (1)    1 :  0.040 0.038 0.055 0.867 
 53 OmyAC19ROGR    (2)    1 :  0.116 0.120 0.716 0.048 
 54 OmyAC19ROGR    (1)    1 :  0.138 0.169 0.597 0.096 
 55 OmyAC19ROGR    (3)    1 :  0.487 0.271 0.099 0.144 
 56 OmyAC19ROGR    (1)    1 :  0.139 0.132 0.602 0.126 
 57 OmyAC19ROGR    (0)    1 :  0.143 0.167 0.656 0.034 
 58 OmyAC19ROGR    (1)    1 :  0.097 0.105 0.071 0.727 
 59 OmyAC19ROGR    (0)    1 :  0.244 0.165 0.554 0.037 
 60 OmyAC19ROGR    (2)    1 :  0.296 0.432 0.110 0.162 
 61 OmyAC19ROGR    (1)    1 :  0.266 0.149 0.498 0.087 
 62 OmyAC19ROGR    (1)    1 :  0.324 0.475 0.141 0.060 
 63 OmyAC19ROGR    (0)    1 :  0.142 0.167 0.438 0.252 
 64 OmyAC19ROGR    (3)    1 :  0.291 0.472 0.142 0.095 
 65 OmyAC19ROGR    (1)    1 :  0.493 0.256 0.158 0.092 
 66 OmyAC19ROGR    (4)    1 :  0.397 0.199 0.060 0.344 
 67 OmyAC19ROGR    (0)    1 :  0.302 0.218 0.425 0.055 
 68 OmyAC19ROGR    (2)    1 :  0.131 0.207 0.583 0.079 
 69 OmyAC19ROGR    (2)    1 :  0.086 0.064 0.558 0.292 
 70 OmyAC19ROGR    (1)    1 :  0.266 0.325 0.353 0.056 
 71 OmyAC19ROGR    (0)    1 :  0.504 0.317 0.124 0.055 
 72 OmyAC19ROGR    (5)    1 :  0.345 0.402 0.220 0.033 
 73 OmyAC19ROGR    (1)    1 :  0.145 0.118 0.397 0.340 
 74 OmyAC19ROGR    (1)    1 :  0.256 0.641 0.056 0.047 
 75 OmyAC19ROGR    (1)    1 :  0.276 0.159 0.399 0.166 
 76 OmyAC19ROGR    (1)    1 :  0.091 0.109 0.740 0.059 
 77 OmyAC19ROGR    (1)    1 :  0.027 0.032 0.022 0.920 
 78 OmyAC19ROGR    (1)    1 :  0.418 0.356 0.171 0.055 
 79 OmyAC19ROGR    (2)    1 :  0.388 0.276 0.257 0.079 
 80 OmyAC19ROGR    (2)    1 :  0.072 0.071 0.105 0.752 
 81 OmyAC19ROGR    (2)    1 :  0.188 0.224 0.122 0.467 
 82 OmyAC19ROGR    (1)    1 :  0.129 0.197 0.645 0.029 
 83 OmyAC19ROGR    (0)    1 :  0.275 0.195 0.462 0.068 
 84 OmyAC19ROGR    (1)    1 :  0.288 0.381 0.082 0.248 
 85 OmyAC19ROGR    (6)    1 :  0.396 0.316 0.235 0.052 
 86 OmyAC19ROGR    (1)    1 :  0.457 0.394 0.039 0.110 
 87 OmyAC19ROGR    (2)    1 :  0.172 0.388 0.386 0.053 
 88 OmyJC19ROGR    (0)    2 :  0.060 0.048 0.033 0.859 
 89 OmyJC19ROGR    (1)    2 :  0.432 0.361 0.109 0.098 
 90 OmyJC19ROGR    (1)    2 :  0.033 0.042 0.034 0.891 
 91 OmyJC19ROGR    (2)    2 :  0.325 0.320 0.333 0.022 
 92 OmyJC19ROGR    (1)    2 :  0.126 0.112 0.701 0.062 
 93 OmyJC19ROGR    (1)    2 :  0.065 0.074 0.832 0.029 
 94 OmyJC19ROGR    (1)    2 :  0.325 0.369 0.060 0.246 
 95 OmyJC19ROGR    (0)    2 :  0.314 0.370 0.053 0.263 
 96 OmyJC19ROGR    (2)    2 :  0.448 0.298 0.126 0.128 
 97 OmyJC19ROGR    (1)    2 :  0.043 0.044 0.750 0.163 
 98 OmyJC19ROGR    (0)    2 :  0.439 0.355 0.147 0.060 
 99 OmyJC19ROGR    (0)    2 :  0.214 0.137 0.514 0.134 
100 OmyJC19ROGR    (1)    2 :  0.359 0.429 0.149 0.062 
101 OmyJC19ROGR    (1)    2 :  0.110 0.118 0.228 0.545 
102 OmyJC19ROGR    (1)    2 :  0.495 0.341 0.066 0.098 
103 OmyJC19ROGR    (2)    2 :  0.234 0.234 0.285 0.247 
104 OmyJC19ROGR    (1)    2 :  0.150 0.126 0.674 0.051 
105 OmyJC19ROGR    (1)    2 :  0.077 0.121 0.572 0.231 
106 OmyJC19ROGR    (1)    2 :  0.026 0.022 0.030 0.922 
107 OmyJC19ROGR    (2)    2 :  0.437 0.282 0.146 0.134 
108 OmyJC19ROGR    (0)    2 :  0.315 0.223 0.378 0.083 
109 OmyJC19ROGR    (1)    2 :  0.301 0.382 0.044 0.273 
110 OmyJC19ROGR    (1)    2 :  0.116 0.102 0.559 0.223 
111 OmyJC19ROGR    (1)    2 :  0.202 0.116 0.592 0.090 
112 OmyJC19ROGR    (2)    2 :  0.432 0.367 0.071 0.131 
113 OmyJC19ROGR    (1)    2 :  0.186 0.171 0.063 0.580 
114 OmyJC19ROGR    (3)    2 :  0.398 0.391 0.141 0.069 
115 OmyJC19ROGR    (2)    2 :  0.093 0.286 0.525 0.097 
116 OmyJC19ROGR    (0)    2 :  0.299 0.420 0.128 0.153 
117 OmyJC19ROGR    (1)    2 :  0.329 0.288 0.088 0.296 
118 OmyJC19ROGR    (1)    2 :  0.436 0.257 0.262 0.044 
119 OmyJC19ROGR    (3)    2 :  0.448 0.378 0.086 0.088 
120 OmyJC19ROGR    (1)    2 :  0.080 0.059 0.842 0.019 
121 OmyJC19ROGR    (0)    2 :  0.415 0.455 0.058 0.072 
122 OmyJC19ROGR    (1)    2 :  0.282 0.320 0.312 0.087 
123 OmyJC19ROGR    (1)    2 :  0.291 0.354 0.324 0.032 
124 OmyJC19ROGR    (0)    2 :  0.257 0.526 0.071 0.147 
125 OmyJC19ROGR    (1)    2 :  0.165 0.163 0.543 0.130 
126 OmyJC19ROGR    (1)    2 :  0.087 0.141 0.071 0.701 
127 OmyJC19ROGR    (1)    2 :  0.545 0.281 0.086 0.088 
128 OmyJC19ROGR    (1)    2 :  0.073 0.086 0.799 0.043 
129 OmyJC19ROGR    (1)    2 :  0.295 0.167 0.208 0.330 
130 OmyJC19ROGR    (1)    2 :  0.305 0.561 0.043 0.091 
131 OmyJC19ROGR    (1)    2 :  0.265 0.310 0.303 0.122 
132 OmyJC19ROGR    (1)    2 :  0.162 0.185 0.585 0.068 
133 OmyJC19ROGR    (1)    2 :  0.364 0.464 0.129 0.042 
134 OmyJC19ROGR    (1)    2 :  0.522 0.263 0.114 0.101 
135 OmyJC19ROGR    (1)    2 :  0.028 0.037 0.907 0.028 
136 OmyJC19ROGR    (3)    2 :  0.378 0.405 0.163 0.054 
137 OmyJC19ROGR    (1)    2 :  0.307 0.360 0.068 0.265 
138 OmyJC19ROGR    (1)    2 :  0.092 0.154 0.031 0.724 
139 OmyJC19ROGR    (2)    2 :  0.390 0.475 0.105 0.031 
140 OmyJC19ROGR    (3)    2 :  0.467 0.264 0.119 0.150 
141 OmyJC19ROGR    (0)    2 :  0.198 0.161 0.198 0.444 
142 OmyJC19ROGR    (1)    2 :  0.209 0.161 0.274 0.355 
143 OmyJC19ROGR    (0)    2 :  0.076 0.134 0.708 0.082 
144 OmyJC19ROGR    (1)    2 :  0.473 0.426 0.081 0.021 
145 OmyJC19ROGR    (1)    2 :  0.273 0.625 0.061 0.042 
146 OmyJC19ROGR    (2)    2 :  0.127 0.115 0.669 0.089 
147 OmyJC19ROGR    (1)    2 :  0.420 0.342 0.178 0.060 
148 OmyJC19ROGR    (1)    2 :  0.369 0.325 0.277 0.029 
149 OmyJC19ROGR    (2)    2 :  0.279 0.167 0.453 0.101 
150 OmyJC19ROGR    (2)    2 :  0.204 0.142 0.575 0.078 
151 OmyJC19ROGR    (1)    2 :  0.401 0.212 0.251 0.136 
152 OmyJC19ROGR    (0)    2 :  0.185 0.569 0.169 0.077 
153 OmyJC19ROGR    (1)    2 :  0.059 0.039 0.861 0.040 
154 OmyJC19ROGR    (2)    2 :  0.350 0.512 0.056 0.082 
155 OmyJC19ROGR    (1)    2 :  0.335 0.253 0.292 0.120 
156 OmyJC19ROGR    (1)    2 :  0.361 0.240 0.228 0.170 
157 OmyJC19ROGR    (0)    2 :  0.245 0.331 0.327 0.098 
158 OmyJC19ROGR    (2)    2 :  0.401 0.359 0.210 0.030 
159 OmyJC19ROGR    (1)    2 :  0.461 0.424 0.058 0.057 
160 OmyJC19ROGR    (0)    2 :  0.330 0.212 0.376 0.081 
161 OmyJC19ROGR    (1)    2 :  0.257 0.218 0.474 0.050 
162 OmyJC19ROGR    (1)    2 :  0.318 0.298 0.288 0.096 
163 OmyJC19ROGR    (1)    2 :  0.151 0.140 0.653 0.056 
164 OmyJC19ROGR    (1)    2 :  0.461 0.417 0.084 0.037 
165 OmyJC19ROGR    (0)    2 :  0.332 0.419 0.222 0.028 
166 OmyJC19ROGR    (0)    2 :  0.342 0.505 0.085 0.068 
167 OmyJC19ROGR    (2)    2 :  0.258 0.282 0.324 0.136 
168 OmyJC19ROGR    (0)    2 :  0.393 0.385 0.116 0.106 
169 OmyJC19ROGR    (1)    2 :  0.033 0.031 0.019 0.918 
170 OmyJC19ROGR    (1)    2 :  0.093 0.102 0.723 0.083 
171 OmyJC19ROGR    (1)    2 :  0.385 0.445 0.123 0.047 
172 OmyJC19ROGR    (0)    2 :  0.130 0.094 0.346 0.429 
173 OmyJC19ROGR    (1)    2 :  0.030 0.032 0.031 0.908 
174 OmyJC19ROGR    (0)    2 :  0.265 0.533 0.148 0.054 
175 OmyJC19ROGR    (1)    2 :  0.375 0.445 0.131 0.049 
176 OmyJC19ROGR    (1)    2 :  0.195 0.104 0.646 0.055 
177 OmyJC19ROGR    (1)    2 :  0.067 0.085 0.828 0.020 
178 OmyJC19ROGR    (0)    2 :  0.392 0.511 0.036 0.061 
179 OmyJC19ROGR    (1)    2 :  0.211 0.212 0.548 0.029 
180 OmyJC19ROGR    (1)    2 :  0.047 0.052 0.075 0.826 
181 OmyJC19ROGR    (1)    2 :  0.397 0.430 0.113 0.060 
182 OmyJC19ROGR    (1)    2 :  0.457 0.253 0.091 0.199 
183 OmyJC19ROGR    (1)    2 :  0.485 0.367 0.102 0.045 
184 OmyJC19ROGR    (1)    2 :  0.175 0.100 0.124 0.601 
185 OmyJC19ROGR    (2)    2 :  0.498 0.353 0.128 0.021 
186 OmyJC19ROGR    (1)    2 :  0.129 0.133 0.600 0.137 
187 OmyJC19ROGR    (0)    2 :  0.247 0.635 0.080 0.038 
188 OmyJC19ROGR    (1)    2 :  0.347 0.369 0.198 0.086 
189 OmyJC19ROGR    (0)    2 :  0.245 0.175 0.391 0.189 
190 OmyJC19ROGR    (0)    2 :  0.110 0.107 0.712 0.071 
191 OmyJC19ROGR    (2)    2 :  0.113 0.159 0.680 0.047 
192 OmyJC19ROGR    (1)    2 :  0.581 0.334 0.032 0.052 
193 OmyJC19ROGR    (1)    2 :  0.328 0.329 0.181 0.162 
194 OmyJC19ROGR    (0)    2 :  0.591 0.313 0.068 0.028 
195 OmyJC19ROGR    (1)    2 :  0.088 0.080 0.034 0.799 
196 OmyJC19ROGR    (1)    2 :  0.266 0.646 0.042 0.045 
197 OmyJC19ROGR    (1)    2 :  0.208 0.176 0.527 0.088 
198 OmyJC19ROGR    (1)    2 :  0.070 0.072 0.065 0.793 
199 OmyJC19ROGR    (0)    2 :  0.430 0.401 0.125 0.044 
200 OmyJC19ROGR    (0)    2 :  0.098 0.102 0.727 0.073 
201 OmyJC19ROGR    (1)    2 :  0.408 0.445 0.112 0.035 
202 OmyJC19ROGR    (0)    2 :  0.094 0.087 0.799 0.021 
203 OmyJC19ROGR    (0)    2 :  0.347 0.412 0.191 0.051 
204 OmyJC19ROGR    (1)    2 :  0.447 0.286 0.190 0.078 
205 OmyJC19ROGR    (1)    2 :  0.222 0.534 0.110 0.134 
206 OmyJC19ROGR    (1)    2 :  0.050 0.056 0.041 0.853 
207 OmyJC19ROGR    (1)    2 :  0.237 0.361 0.108 0.294 
208 OmyJC19ROGR    (1)    2 :  0.474 0.375 0.096 0.055 
209 OmyJC19ROGR    (0)    2 :  0.115 0.104 0.188 0.593 
210 OmyJC19ROGR    (1)    2 :  0.033 0.037 0.021 0.910 
211 OmyJC19ROGR    (0)    2 :  0.338 0.303 0.151 0.208 
212 OmyJC19ROGR    (1)    2 :  0.152 0.141 0.451 0.256 
213 OmyJC19ROGR    (1)    2 :  0.304 0.517 0.143 0.037 
214 OmyJC19ROGR    (1)    2 :  0.189 0.672 0.077 0.061 
215 OmyJC19ROGR    (1)    2 :  0.605 0.255 0.100 0.040 
216 OmyJC19ROGR    (1)    2 :  0.051 0.067 0.035 0.848 
217 OmyJC19ROGR    (1)    2 :  0.200 0.253 0.122 0.426 
218 OmyJC19ROGR    (1)    2 :  0.099 0.186 0.664 0.051 
219 OmyJC19ROGR    (1)    2 :  0.463 0.352 0.044 0.141 
220 OmyJC19ROGR    (1)    2 :  0.395 0.388 0.198 0.019 
221 OmyJC19ROGR    (0)    2 :  0.157 0.462 0.089 0.292 
222 OmyJC19ROGR    (1)    2 :  0.337 0.303 0.302 0.058 
223 OmyJC19ROGR    (0)    2 :  0.312 0.487 0.114 0.087 
224 OmyJC19ROGR    (1)    2 :  0.458 0.413 0.092 0.037 
225 OmyJC19ROGR    (1)    2 :  0.025 0.028 0.022 0.926 
226 OmyJC19ROGR    (0)    2 :  0.348 0.324 0.065 0.263 
227 OmyJC19ROGR    (1)    2 :  0.035 0.033 0.051 0.882 
228 OmyJC19ROGR    (1)    2 :  0.398 0.487 0.051 0.065 
229 OmyJC19ROGR    (2)    2 :  0.287 0.487 0.183 0.043 
230 OmyJC19ROGR    (1)    2 :  0.172 0.306 0.266 0.257 
231 OmyJC19ROGR    (1)    2 :  0.359 0.485 0.064 0.092 
232 OmyJC19ROGR    (2)    2 :  0.287 0.421 0.227 0.065 
233 OmyJC19ROGR    (1)    2 :  0.366 0.377 0.119 0.138 
234 OmyJC19ROGR    (1)    2 :  0.031 0.035 0.031 0.903 
235 OmyJC19ROGR    (0)    2 :  0.174 0.109 0.127 0.590 
236 OmyJC19ROGR    (1)    2 :  0.288 0.317 0.360 0.035 
237 OmyJC19ROGR    (1)    2 :  0.345 0.318 0.216 0.122 
238 OmyJC19ROGR    (0)    2 :  0.276 0.506 0.062 0.157 
239 OmyJC19ROGR    (1)    2 :  0.572 0.230 0.077 0.121 
240 OmyJC19ROGR    (1)    2 :  0.273 0.552 0.113 0.062 
241 OmyJC19ROGR    (0)    2 :  0.189 0.146 0.553 0.113 
242 OmyJC19ROGR    (1)    2 :  0.562 0.166 0.244 0.028 
243 OmyJC19ROGR    (1)    2 :  0.223 0.230 0.474 0.073 
244 OmyJC19ROGR    (1)    2 :  0.238 0.303 0.377 0.082 
245 OmyJC19ROGR    (0)    2 :  0.020 0.022 0.021 0.937 
246 OmyJC19ROGR    (1)    2 :  0.101 0.084 0.578 0.236 
247 OmyJC19ROGR    (0)    2 :  0.124 0.162 0.166 0.547 
248 OmyJC19ROGR    (1)    2 :  0.147 0.156 0.112 0.585 
249 OmyJC19ROGR    (1)    2 :  0.257 0.546 0.092 0.105 
250 OmyJC19ROGR    (0)    2 :  0.388 0.262 0.195 0.156 
251 OmyJC19ROGR    (1)    2 :  0.316 0.483 0.113 0.089 
252 OmyJC19ROGR    (0)    2 :  0.059 0.075 0.817 0.049 
253 OmyJC19ROGR    (0)    2 :  0.519 0.289 0.088 0.103 
254 OmyJC19ROGR    (1)    2 :  0.164 0.204 0.545 0.087 
255 OmyJC19ROGR    (1)    2 :  0.104 0.246 0.608 0.042 
256 OmyJC19ROGR    (1)    2 :  0.097 0.137 0.375 0.391 
257 OmyJC19ROGR    (0)    2 :  0.286 0.476 0.120 0.118 
258 OmyAC19ROGR    (1)    1 :  0.253 0.250 0.224 0.273 
259 OmyAC19ROGR    (2)    1 :  0.207 0.135 0.128 0.530 
260 OmyAC19ROGR    (1)    1 :  0.566 0.260 0.134 0.039 
261 OmyAC19ROGR    (0)    1 :  0.460 0.393 0.063 0.084 
262 OmyAC19ROGR    (1)    1 :  0.307 0.264 0.238 0.191 
263 OmyAC19ROGR    (0)    1 :  0.202 0.198 0.548 0.051 
264 OmyAC19ROGR    (1)    1 :  0.327 0.463 0.114 0.096 
265 OmyAC19ROGR    (1)    1 :  0.350 0.423 0.155 0.072 
266 OmyAC19ROGR    (1)    1 :  0.271 0.618 0.083 0.028 
267 OmyAC19ROGR    (1)    1 :  0.371 0.270 0.148 0.210 
268 OmyAC19ROGR    (2)    1 :  0.133 0.154 0.528 0.185 
269 OmyAC19ROGR    (1)    1 :  0.413 0.252 0.099 0.236 
270 OmyAC19ROGR    (1)    1 :  0.100 0.261 0.585 0.053 
271 OmyAC19ROGR    (1)    1 :  0.216 0.229 0.120 0.435 
272 OmyAC19ROGR    (0)    1 :  0.343 0.356 0.051 0.249 
273 OmyAC19ROGR    (0)    1 :  0.493 0.239 0.210 0.057 
274 OmyAC19ROGR    (1)    1 :  0.069 0.094 0.042 0.795 
275 OmyAC19ROGR    (1)    1 :  0.304 0.240 0.284 0.172 
276 OmyAC19ROGR    (1)    1 :  0.534 0.281 0.098 0.087 
277 OmyAC19ROGR    (1)    1 :  0.456 0.355 0.064 0.125 
278 OmyAC19ROGR    (1)    1 :  0.239 0.318 0.070 0.373 
279 OmyAC19ROGR    (0)    1 :  0.481 0.221 0.063 0.235 
280 OmyAC19ROGR    (1)    1 :  0.113 0.287 0.435 0.164 
281 OmyAC19ROGR    (1)    1 :  0.457 0.387 0.085 0.072 
282 OmyAC19ROGR    (1)    1 :  0.295 0.275 0.183 0.246 
283 OmyAC19ROGR    (1)    1 :  0.487 0.341 0.099 0.072 
284 OmyAC19ROGR    (0)    1 :  0.378 0.368 0.214 0.040 
285 OmyAC19ROGR    (1)    1 :  0.332 0.231 0.368 0.069 
286 OmyAC19ROGR    (1)    1 :  0.400 0.359 0.204 0.038 
287 OmyAC19ROGR    (1)    1 :  0.020 0.014 0.013 0.953 
288 OmyAC19ROGR    (1)    1 :  0.087 0.079 0.061 0.773 
289 OmyAC19ROGR    (1)    1 :  0.529 0.244 0.072 0.155 
290 OmyAC19ROGR    (1)    1 :  0.026 0.024 0.024 0.926 
291 OmyAC19ROGR    (1)    1 :  0.138 0.137 0.263 0.461 
292 OmyAC19ROGR    (1)    1 :  0.316 0.304 0.087 0.293 
293 OmyAC19ROGR    (1)    1 :  0.124 0.120 0.706 0.051 
294 OmyAC19ROGR    (1)    1 :  0.354 0.317 0.075 0.254 
295 OmyAC19ROGR    (0)    1 :  0.341 0.342 0.277 0.040 
296 OmyAC19ROGR    (0)    1 :  0.497 0.304 0.145 0.055 
297 OmyAC19ROGR    (1)    1 :  0.087 0.069 0.033 0.812 
298 OmyAC19ROGR    (0)    1 :  0.387 0.514 0.067 0.032 
299 OmyAC19ROGR    (1)    1 :  0.182 0.129 0.387 0.302 
300 OmyAC19ROGR    (1)    1 :  0.358 0.432 0.144 0.066 
301 OmyAC19ROGR    (0)    1 :  0.041 0.039 0.034 0.886 
302 OmyAC19ROGR    (1)    1 :  0.199 0.227 0.075 0.499 
303 OmyAC19ROGR    (1)    1 :  0.478 0.251 0.070 0.201 
304 OmyAC19ROGR    (1)    1 :  0.418 0.227 0.131 0.224 
305 OmyAC19ROGR    (1)    1 :  0.454 0.361 0.140 0.044 
306 OmyAC19ROGR    (1)    1 :  0.108 0.175 0.028 0.688 
307 OmyAC19ROGR    (2)    1 :  0.248 0.382 0.336 0.033 
308 OmyAC19ROGR    (0)    1 :  0.355 0.422 0.075 0.149 
309 OmyAC19ROGR    (2)    1 :  0.029 0.031 0.035 0.905 
310 OmyAC19ROGR    (0)    1 :  0.194 0.204 0.104 0.498 
311 OmyAC19ROGR    (0)    1 :  0.244 0.127 0.067 0.563 
312 OmyAC19ROGR    (0)    1 :  0.158 0.163 0.625 0.054 
313 OmyAC19ROGR    (1)    1 :  0.315 0.471 0.186 0.028 
314 OmyAC19ROGR    (0)    1 :  0.155 0.105 0.674 0.066 
315 OmyAC19ROGR    (1)    1 :  0.361 0.400 0.156 0.083 
316 OmyAC19ROGR    (1)    1 :  0.342 0.497 0.107 0.054 
317 OmyAC19ROGR    (1)    1 :  0.319 0.174 0.434 0.073 
318 OmyAC19ROGR    (1)    1 :  0.207 0.237 0.508 0.048 
319 OmyAC19ROGR    (1)    1 :  0.498 0.280 0.194 0.028 
320 OmyAC19ROGR    (0)    1 :  0.410 0.473 0.095 0.022 
321 OmyAC19ROGR    (1)    1 :  0.436 0.417 0.104 0.043 
322 OmyAC19ROGR    (0)    1 :  0.307 0.235 0.088 0.370 
323 OmyAC19ROGR    (1)    1 :  0.464 0.448 0.048 0.040 
324 OmyAC19ROGR    (1)    1 :  0.282 0.434 0.239 0.045 
325 OmyAC19ROGR    (1)    1 :  0.192 0.249 0.073 0.486 
326 OmyAC19ROGR    (1)    1 :  0.321 0.527 0.070 0.082 
327 OmyAC19ROGR    (1)    1 :  0.286 0.431 0.228 0.056 
328 OmyJC18ROGR    (1)    2 :  0.149 0.141 0.649 0.061 
329 OmyJC18ROGR    (0)    2 :  0.318 0.479 0.103 0.100 
330 OmyJC18ROGR    (0)    2 :  0.280 0.574 0.046 0.100 
331 OmyJC18ROGR    (1)    2 :  0.113 0.112 0.094 0.681 
332 OmyJC18ROGR    (1)    2 :  0.090 0.064 0.086 0.760 
333 OmyJC18ROGR    (1)    2 :  0.061 0.044 0.039 0.856 
334 OmyJC18ROGR    (1)    2 :  0.197 0.286 0.268 0.249 
335 OmyJC18ROGR    (0)    2 :  0.221 0.213 0.534 0.032 
336 OmyJC18ROGR    (1)    2 :  0.056 0.042 0.026 0.877 
337 OmyJC18ROGR    (1)    2 :  0.582 0.295 0.063 0.060 
338 OmyJC18ROGR    (1)    2 :  0.060 0.061 0.025 0.854 
339 OmyJC18ROGR    (1)    2 :  0.466 0.408 0.056 0.070 
340 OmyJC18ROGR    (0)    2 :  0.186 0.128 0.529 0.158 
341 OmyJC18ROGR    (1)    2 :  0.466 0.194 0.314 0.026 
342 OmyJC18ROGR    (2)    2 :  0.225 0.220 0.114 0.441 
343 OmyJC18ROGR    (2)    2 :  0.141 0.156 0.337 0.366 
344 OmyJC18ROGR    (3)    2 :  0.200 0.117 0.168 0.516 
345 OmyJC18ROGR    (2)    2 :  0.087 0.118 0.100 0.695 
346 OmyJC18ROGR    (4)    2 :  0.195 0.729 0.042 0.034 
347 OmyJC18ROGR    (3)    2 :  0.589 0.291 0.062 0.058 
348 OmyJC18ROGR    (1)    2 :  0.282 0.360 0.113 0.245 
349 OmyJC18ROGR    (1)    2 :  0.472 0.412 0.067 0.049 
350 OmyJC18ROGR    (1)    2 :  0.437 0.452 0.054 0.057 
351 OmyJC18ROGR    (0)    2 :  0.138 0.089 0.036 0.737 
352 OmyJC18ROGR    (4)    2 :  0.211 0.217 0.110 0.462 
353 OmyJC18ROGR    (2)    2 :  0.178 0.338 0.235 0.249 
354 OmyJC18ROGR    (1)    2 :  0.429 0.384 0.079 0.108 
355 OmyJC18ROGR    (2)    2 :  0.357 0.496 0.098 0.049 
356 OmyJC18ROGR    (1)    2 :  0.237 0.231 0.476 0.056 
357 OmyJC18ROGR    (2)    2 :  0.051 0.056 0.194 0.700 
358 OmyJC18ROGR    (2)    2 :  0.288 0.195 0.489 0.028 
359 OmyJC18ROGR    (3)    2 :  0.512 0.250 0.128 0.110 
360 OmyJC18ROGR    (0)    2 :  0.215 0.208 0.508 0.070 
361 OmyJC18ROGR    (1)    2 :  0.275 0.597 0.098 0.030 
362 OmyJC18ROGR    (1)    2 :  0.331 0.340 0.103 0.226 
363 OmyJC18ROGR    (2)    2 :  0.236 0.200 0.271 0.293 
364 OmyJC18ROGR    (3)    2 :  0.544 0.351 0.072 0.033 
365 OmyJC18ROGR    (4)    2 :  0.421 0.479 0.050 0.050 
366 OmyJC18ROGR    (4)    2 :  0.254 0.230 0.461 0.055 
367 OmyJC18ROGR    (3)    2 :  0.061 0.096 0.040 0.803 
368 OmyJC18ROGR    (3)    2 :  0.286 0.239 0.090 0.386 
369 OmyJC18ROGR    (2)    2 :  0.189 0.314 0.396 0.102 
370 OmyJC18ROGR    (3)    2 :  0.321 0.481 0.115 0.082 
371 OmyJC18ROGR    (1)    2 :  0.429 0.316 0.203 0.052 
372 OmyJC18ROGR    (3)    2 :  0.424 0.281 0.152 0.143 
373 OmyJC18ROGR    (5)    2 :  0.141 0.128 0.606 0.126 
374 OmyJC18ROGR    (5)    2 :  0.116 0.080 0.773 0.032 
375 OmyJC18ROGR    (3)    2 :  0.310 0.476 0.084 0.130 
376 OmyJC18ROGR    (3)    2 :  0.039 0.034 0.027 0.899 
377 OmyJC18ROGR    (4)    2 :  0.110 0.116 0.525 0.249 
378 OmyJC18ROGR    (0)    2 :  0.429 0.230 0.232 0.110 
379 OmyJC18ROGR    (5)    2 :  0.349 0.270 0.224 0.156 
380 OmyJC18ROGR    (4)    2 :  0.243 0.270 0.294 0.194 
381 OmyJC18ROGR    (1)    2 :  0.449 0.294 0.191 0.065 
382 OmyJC18ROGR    (1)    2 :  0.437 0.306 0.205 0.053 
383 OmyJC18ROGR    (3)    2 :  0.200 0.223 0.095 0.482 
384 OmyJC18ROGR    (2)    2 :  0.389 0.306 0.046 0.259 
385 OmyJC18ROGR    (4)    2 :  0.353 0.544 0.039 0.064 
386 OmyJC18ROGR    (2)    2 :  0.322 0.244 0.049 0.385 
387 OmyJC18ROGR    (1)    2 :  0.190 0.147 0.320 0.344 
388 OmyJC18ROGR    (6)    2 :  0.248 0.187 0.479 0.086 
389 OmyJC18ROGR    (1)    2 :  0.382 0.347 0.091 0.181 
390 OmyJC18ROGR    (1)    2 :  0.478 0.320 0.106 0.096 
391 OmyJC18ROGR    (3)    2 :  0.041 0.043 0.057 0.859 
392 OmyJC18ROGR    (2)    2 :  0.268 0.368 0.311 0.053 
393 OmyJC18ROGR    (4)    2 :  0.057 0.079 0.767 0.097 
394 OmyJC18ROGR    (3)    2 :  0.088 0.101 0.036 0.774 
395 OmyJC18ROGR    (7)    2 :  0.108 0.119 0.515 0.258 
396 OmyJC18ROGR    (4)    2 :  0.098 0.102 0.248 0.552 
397 OmyJC18ROGR    (1)    2 :  0.395 0.361 0.167 0.077 
398 OmyJC18ROGR    (3)    2 :  0.209 0.325 0.201 0.264 
399 OmyJC18ROGR    (2)    2 :  0.135 0.183 0.295 0.387 
400 OmyJC18ROGR    (0)    2 :  0.311 0.478 0.131 0.080 
401 OmyJC18ROGR    (6)    2 :  0.089 0.106 0.725 0.080 
402 OmyJC18ROGR    (5)    2 :  0.099 0.165 0.493 0.243 
403 OmyJC18ROGR    (1)    2 :  0.287 0.241 0.292 0.180 
404 OmyJC18ROGR    (2)    2 :  0.354 0.375 0.064 0.207 
405 OmyJC18ROGR    (3)    2 :  0.372 0.463 0.116 0.049 
406 OmyJC18ROGR    (2)    2 :  0.422 0.467 0.063 0.048 
407 OmyJC18ROGR    (2)    2 :  0.274 0.186 0.361 0.180 
408 OmyJC18ROGR    (2)    2 :  0.225 0.245 0.381 0.149 
409 OmyJC18ROGR    (1)    2 :  0.197 0.411 0.346 0.046 
410 OmyJC18ROGR    (1)    2 :  0.312 0.556 0.093 0.039 
411 OmyJC18ROGR    (1)    2 :  0.333 0.498 0.110 0.059 
412 OmyJC18ROGR    (0)    2 :  0.521 0.386 0.062 0.031 
413 OmyJC18ROGR    (1)    2 :  0.303 0.587 0.056 0.053 
414 OmyJC18ROGR    (2)    2 :  0.603 0.297 0.063 0.036 
415 OmyJC18ROGR    (2)    2 :  0.200 0.515 0.257 0.028 
416 OmyJC18ROGR    (3)    2 :  0.357 0.460 0.081 0.102 
417 OmyJC18ROGR    (1)    2 :  0.274 0.232 0.429 0.065 
418 OmyJC18ROGR    (0)    2 :  0.066 0.098 0.793 0.044 
419 OmyJC18ROGR    (1)    2 :  0.245 0.305 0.415 0.035 
420 OmyJC18ROGR    (0)    2 :  0.300 0.603 0.046 0.051 
421 OmyJC18ROGR    (1)    2 :  0.407 0.433 0.083 0.077 
422 OmyJC18ROGR    (6)    2 :  0.327 0.426 0.178 0.069 
423 OmyJC18ROGR    (2)    2 :  0.247 0.550 0.129 0.075 
424 OmyJC18ROGR    (1)    2 :  0.184 0.263 0.266 0.287 
425 OmyJC18ROGR    (1)    2 :  0.253 0.355 0.078 0.315 
426 OmyJC18ROGR    (3)    2 :  0.322 0.381 0.249 0.049 
427 OmyJC18ROGR    (2)    2 :  0.226 0.110 0.029 0.634 
428 OmyJC18ROGR    (6)    2 :  0.317 0.606 0.050 0.027 
429 OmyJC18ROGR    (1)    2 :  0.437 0.300 0.040 0.223 
430 OmyJC18ROGR    (1)    2 :  0.271 0.293 0.250 0.187 
431 OmyJC18ROGR    (0)    2 :  0.414 0.446 0.066 0.074 
432 OmyJC18ROGR    (2)    2 :  0.071 0.060 0.063 0.807 
433 OmyJC18ROGR    (2)    2 :  0.128 0.108 0.660 0.104 
434 OmyJC18ROGR    (2)    2 :  0.414 0.353 0.076 0.157 
435 OmyJC18ROGR    (8)    2 :  0.286 0.405 0.192 0.117 
436 OmyJC18ROGR    (2)    2 :  0.269 0.525 0.159 0.047 
437 OmyJC18ROGR    (4)    2 :  0.269 0.364 0.314 0.052 
438 OmyJC18ROGR    (1)    2 :  0.049 0.077 0.786 0.088 
439 OmyJC18ROGR    (2)    2 :  0.193 0.148 0.118 0.541 
440 OmyJC18ROGR    (0)    2 :  0.052 0.054 0.748 0.146 
441 OmyJC18ROGR    (1)    2 :  0.661 0.248 0.054 0.037 
442 OmyJC18ROGR    (6)    2 :  0.308 0.269 0.254 0.170 
443 OmyJC18ROGR    (1)    2 :  0.536 0.382 0.053 0.029 
444 OmyJC18ROGR    (6)    2 :  0.181 0.314 0.440 0.065 
445 OmyJC18ROGR    (2)    2 :  0.235 0.371 0.290 0.103 
446 OmyJC18ROGR    (3)    2 :  0.144 0.147 0.382 0.327 
447 OmyJC18ROGR    (2)    2 :  0.393 0.333 0.137 0.137 
448 OmyJC18ROGR    (3)    2 :  0.539 0.267 0.106 0.088 
449 OmyJC18ROGR    (1)    2 :  0.525 0.328 0.102 0.044 
450 OmyJC18ROGR    (4)    2 :  0.132 0.338 0.297 0.234 
451 OmyJC18ROGR    (3)    2 :  0.550 0.285 0.106 0.059 
452 OmyJC18ROGR    (1)    2 :  0.578 0.287 0.051 0.083 
453 OmyJC18ROGR    (1)    2 :  0.515 0.418 0.035 0.033 
454 OmyJC18ROGR    (4)    2 :  0.215 0.188 0.515 0.082 
455 OmyJC18ROGR    (4)    2 :  0.191 0.125 0.218 0.466 
456 OmyJC18ROGR    (5)    2 :  0.251 0.451 0.121 0.177 
457 OmyJC18ROGR    (3)    2 :  0.194 0.245 0.515 0.046 
458 OmyJC18ROGR    (1)    2 :  0.305 0.398 0.222 0.074 
459 OmyJC18ROGR    (1)    2 :  0.045 0.053 0.030 0.872 
460 OmyJC18ROGR    (2)    2 :  0.477 0.402 0.069 0.052 
461 OmyJC18ROGR    (1)    2 :  0.077 0.060 0.109 0.754 
462 OmyJC18ROGR    (1)    2 :  0.315 0.319 0.339 0.027 
463 OmyJC18ROGR    (4)    2 :  0.465 0.337 0.110 0.087 
464 OmyJC18ROGR    (6)    2 :  0.235 0.436 0.294 0.036 
465 OmyJC18ROGR    (3)    2 :  0.115 0.219 0.616 0.050 
466 OmyJC18ROGR    (3)    2 :  0.277 0.256 0.351 0.116 
467 OmyJC18ROGR    (2)    2 :  0.483 0.311 0.096 0.109 
468 OmyJC18ROGR    (2)    2 :  0.249 0.594 0.130 0.028 
469 OmyJC18ROGR    (1)    2 :  0.035 0.029 0.024 0.911 
470 OmyJC18ROGR    (0)    2 :  0.168 0.085 0.496 0.250 
471 OmyJC18ROGR    (2)    2 :  0.305 0.468 0.125 0.102 
472 OmyJC18ROGR    (2)    2 :  0.266 0.681 0.037 0.016 
473 OmyJC18ROGR    (1)    2 :  0.308 0.467 0.112 0.112 
474 OmyJC18ROGR    (3)    2 :  0.233 0.565 0.113 0.089 
475 OmyJC18ROGR    (1)    2 :  0.250 0.160 0.466 0.124 
476 OmyJC18ROGR    (2)    2 :  0.483 0.337 0.123 0.057 
477 OmyJC18ROGR    (0)    2 :  0.191 0.271 0.403 0.135 
478 OmyJC18ROGR    (1)    2 :  0.399 0.378 0.110 0.113 
479 OmyJC18ROGR    (1)    2 :  0.265 0.410 0.257 0.068 
480 OmyJC18ROGR    (1)    2 :  0.386 0.389 0.094 0.130 
481 OmyJC18ROGR    (1)    2 :  0.415 0.430 0.096 0.059 
482 OmyJC18ROGR    (1)    2 :  0.151 0.201 0.596 0.053 
483 OmyJC18ROGR    (0)    2 :  0.394 0.341 0.215 0.051 
484 OmyJC18ROGR    (0)    2 :  0.563 0.277 0.071 0.089 
485 OmyJC18ROGR    (0)    2 :  0.199 0.211 0.547 0.043 
486 OmyJC18ROGR    (0)    2 :  0.316 0.365 0.244 0.075 
487 OmyJC18ROGR    (1)    2 :  0.111 0.074 0.769 0.046 
488 OmyJC18ROGR    (1)    2 :  0.249 0.251 0.401 0.099 
489 OmyJC18ROGR    (1)    2 :  0.578 0.287 0.069 0.066 
490 OmyJC18ROGR    (0)    2 :  0.367 0.550 0.054 0.029 
491 OmyJC18ROGR    (0)    2 :  0.170 0.149 0.601 0.080 
492 OmyJC18ROGR    (5)    2 :  0.050 0.042 0.118 0.790 
493 OmyJC18ROGR    (1)    2 :  0.241 0.148 0.311 0.300 
494 OmyJC18ROGR    (3)    2 :  0.331 0.399 0.210 0.060 
495 OmyJC18ROGR    (1)    2 :  0.262 0.345 0.261 0.132 
496 OmyJC18ROGR    (1)    2 :  0.329 0.492 0.048 0.131 
497 OmyJC18ROGR    (1)    2 :  0.295 0.393 0.287 0.025 
498 OmyJC18ROGR    (1)    2 :  0.314 0.215 0.379 0.092 
499 OmyJC18ROGR    (1)    2 :  0.308 0.347 0.283 0.062 
500 OmyJC18ROGR    (1)    2 :  0.326 0.489 0.048 0.136 
501 OmyJC18ROGR    (2)    2 :  0.165 0.259 0.538 0.037 
502 OmyJC18ROGR    (1)    2 :  0.148 0.099 0.508 0.245 
503 OmyJC18ROGR    (2)    2 :  0.342 0.240 0.271 0.147 
504 OmyJC18ROGR    (2)    2 :  0.161 0.166 0.574 0.098 
505 OmyJC18ROGR    (2)    2 :  0.316 0.433 0.139 0.113 
506 OmyJC18ROGR    (3)    2 :  0.263 0.534 0.123 0.080 
507 OmyJC18ROGR    (1)    2 :  0.264 0.532 0.058 0.146 
508 OmyJC18ROGR    (7)    2 :  0.334 0.500 0.121 0.045 
509 OmyJC18ROGR    (1)    2 :  0.234 0.193 0.357 0.217 
510 OmyJC18ROGR    (1)    2 :  0.021 0.019 0.021 0.938 
511 OmyJC18ROGR    (2)    2 :  0.105 0.139 0.591 0.165 
512 OmyJC18ROGR    (1)    2 :  0.188 0.230 0.540 0.042 
513 OmyJC18ROGR    (3)    2 :  0.373 0.502 0.074 0.051 
514 OmyJC18ROGR    (1)    2 :  0.047 0.043 0.879 0.031 
515 OmyJC18ROGR    (5)    2 :  0.309 0.545 0.102 0.044 
516 OmyJC18ROGR    (3)    2 :  0.078 0.071 0.503 0.348 
517 OmyJC18ROGR    (1)    2 :  0.352 0.203 0.417 0.028 
518 OmyJC18ROGR    (1)    2 :  0.177 0.098 0.170 0.555 
519 OmyJC18ROGR    (0)    2 :  0.209 0.322 0.330 0.139 
520 OmyJC18ROGR    (0)    2 :  0.504 0.241 0.201 0.054 
521 OmyJC18ROGR    (2)    2 :  0.290 0.408 0.179 0.123 
522 OmyJC18ROGR    (2)    2 :  0.154 0.289 0.136 0.422 
523 OmyJC18ROGR    (1)    2 :  0.183 0.132 0.350 0.336 
524 OmyJC18ROGR    (3)    2 :  0.305 0.407 0.137 0.151 
525 OmyJC18ROGR    (1)    2 :  0.419 0.182 0.329 0.070 
526 OmyJC18ROGR    (7)    2 :  0.381 0.518 0.078 0.024 
527 OmyJC18ROGR    (4)    2 :  0.405 0.372 0.094 0.129 
528 OmyJC18ROGR    (1)    2 :  0.422 0.297 0.243 0.038 
529 OmyJC18ROGR    (2)    2 :  0.292 0.598 0.071 0.039 
530 OmyJC18ROGR    (1)    2 :  0.121 0.277 0.513 0.089 
531 OmyJC18ROGR    (2)    2 :  0.456 0.378 0.121 0.046 
532 OmyJC18ROGR    (2)    2 :  0.293 0.532 0.149 0.027 
533 OmyJC18ROGR    (5)    2 :  0.036 0.034 0.044 0.886 
534 OmyJC18ROGR    (2)    2 :  0.262 0.377 0.216 0.146 
535 OmyJC18ROGR    (3)    2 :  0.302 0.258 0.367 0.073 
536 OmyJC18ROGR    (0)    2 :  0.361 0.411 0.095 0.133 
537 OmyJC18ROGR    (3)    2 :  0.377 0.203 0.124 0.296 
538 OmyJC18ROGR    (1)    2 :  0.292 0.408 0.251 0.050 
539 OmyJC18ROGR    (1)    2 :  0.245 0.257 0.421 0.077 
540 OmyJC18ROGR    (1)    2 :  0.357 0.435 0.140 0.068 
541 OmyJC18ROGR    (5)    2 :  0.332 0.220 0.429 0.019 
542 OmyJC18ROGR    (4)    2 :  0.450 0.256 0.160 0.133 
543 OmyJC18ROGR    (2)    2 :  0.185 0.326 0.457 0.031 
544 OmyJC18ROGR    (2)    2 :  0.204 0.308 0.413 0.076 
545 OmyJC18ROGR    (2)    2 :  0.281 0.161 0.223 0.334 
546 OmyJC18ROGR    (1)    2 :  0.295 0.312 0.332 0.060 
547 OmyJC18ROGR    (1)    2 :  0.257 0.287 0.367 0.089 
548 OmyJC18ROGR    (1)    2 :  0.094 0.105 0.040 0.760 
549 OmyJC18ROGR    (1)    2 :  0.302 0.144 0.215 0.338 
550 OmyJC18ROGR    (2)    2 :  0.323 0.287 0.100 0.290 
551 OmyJC18ROGR    (4)    2 :  0.479 0.271 0.074 0.176 
552 OmyJC18ROGR    (6)    2 :  0.546 0.379 0.026 0.049 
553 OmyJC18ROGR    (3)    2 :  0.066 0.067 0.832 0.036 
554 OmyJC18ROGR    (1)    2 :  0.214 0.197 0.558 0.031 
555 OmyJC18ROGR    (4)    2 :  0.265 0.249 0.441 0.045 
556 OmyJC18ROGR    (2)    2 :  0.307 0.326 0.253 0.115 
557 OmyJC18ROGR    (0)    2 :  0.396 0.354 0.203 0.048 
558 OmyJC18ROGR    (2)    2 :  0.261 0.239 0.412 0.088 
559 OmyJC18ROGR    (3)    2 :  0.374 0.184 0.106 0.336 
560 OmyJC18ROGR    (6)    2 :  0.202 0.168 0.591 0.039 
561 OmyJC18ROGR    (1)    2 :  0.380 0.376 0.043 0.201 
562 OmyJC18ROGR    (2)    2 :  0.102 0.163 0.667 0.068 
563 OmyJC18ROGR    (2)    2 :  0.289 0.109 0.265 0.337 
564 OmyJC18ROGR    (1)    2 :  0.168 0.300 0.124 0.408 
565 OmyJC18ROGR    (1)    2 :  0.391 0.497 0.046 0.066 
566 OmyJC18ROGR    (1)    2 :  0.270 0.545 0.148 0.037 
567 OmyJC18ROGR    (1)    2 :  0.566 0.312 0.073 0.049 
568 OmyJC18ROGR    (1)    2 :  0.632 0.247 0.087 0.035 
569 OmyJC18ROGR    (3)    2 :  0.390 0.418 0.141 0.051 
570 OmyJC18ROGR    (1)    2 :  0.215 0.174 0.308 0.303 
571 OmyJC18ROGR    (2)    2 :  0.132 0.151 0.117 0.600 
572 OmyJC18ROGR    (5)    2 :  0.124 0.108 0.581 0.187 
573 OmyJC18ROGR    (5)    2 :  0.462 0.154 0.185 0.199 
574 OmyJC18ROGR    (1)    2 :  0.498 0.249 0.062 0.192 
575 OmyJC18ROGR    (2)    2 :  0.380 0.270 0.311 0.039 
576 OmyJC18ROGR    (0)    2 :  0.176 0.125 0.672 0.027 
577 OmyJC18ROGR    (1)    2 :  0.346 0.211 0.114 0.329 
578 OmyJC18ROGR    (1)    2 :  0.665 0.269 0.034 0.031 
579 OmyJC18ROGR    (2)    2 :  0.297 0.172 0.434 0.097 
580 OmyJC18ROGR    (1)    2 :  0.304 0.252 0.415 0.028 
581 OmyJC18ROGR    (1)    2 :  0.162 0.118 0.575 0.144 
582 OmyJC18ROGR    (0)    2 :  0.250 0.585 0.060 0.104 
583 OmyJC18ROGR    (1)    2 :  0.401 0.208 0.305 0.085 
584 OmyJC18ROGR    (2)    2 :  0.268 0.134 0.246 0.352 
585 OmyJC18ROGR    (1)    2 :  0.409 0.281 0.039 0.271 
586 OmyJC18ROGR    (0)    2 :  0.154 0.123 0.112 0.610 
587 OmyJC18ROGR    (1)    2 :  0.313 0.400 0.243 0.045 
588 OmyJC18ROGR    (0)    2 :  0.268 0.128 0.127 0.477 
589 OmyJC18ROGR    (2)    2 :  0.062 0.067 0.828 0.042 
590 OmyJC18ROGR    (2)    2 :  0.191 0.375 0.253 0.181 
591 OmyJC18ROGR    (1)    2 :  0.209 0.180 0.168 0.443 
592 OmyJC18ROGR    (1)    2 :  0.344 0.318 0.279 0.058 
593 OmyJC18ROGR    (1)    2 :  0.234 0.403 0.056 0.306 
594 OmyJC18ROGR    (3)    2 :  0.318 0.476 0.153 0.054 
595 OmyJC18ROGR    (1)    2 :  0.467 0.281 0.137 0.115 
596 OmyJC18ROGR    (1)    2 :  0.281 0.522 0.094 0.104 
597 OmyJC18ROGR    (1)    2 :  0.326 0.503 0.067 0.104 
598 OmyJC18ROGR    (1)    2 :  0.169 0.127 0.085 0.620 
599 OmyJC18ROGR    (1)    2 :  0.295 0.178 0.425 0.102 
600 OmyJC18ROGR    (2)    2 :  0.201 0.194 0.548 0.057 
601 OmyJC18ROGR    (7)    2 :  0.133 0.084 0.765 0.017 
602 OmyJC18ROGR    (3)    2 :  0.279 0.561 0.063 0.097 
603 OmyJC18ROGR    (1)    2 :  0.276 0.269 0.391 0.064 
604 OmyJC18ROGR    (1)    2 :  0.408 0.272 0.256 0.064 
605 OmyJC18ROGR    (1)    2 :  0.184 0.203 0.568 0.045 
606 OmyJC18ROGR    (1)    2 :  0.285 0.184 0.064 0.466 
607 OmyJC18ROGR    (1)    2 :  0.302 0.432 0.192 0.074 
608 OmyJC18ROGR    (1)    2 :  0.244 0.304 0.390 0.063 
609 OmyJC18ROGR    (1)    2 :  0.068 0.048 0.820 0.064 
610 OmyJC18ROGR    (1)    2 :  0.171 0.244 0.357 0.228 
611 OmyJC18ROGR    (1)    2 :  0.263 0.400 0.270 0.067 
612 OmyJC18ROGR    (1)    2 :  0.455 0.294 0.106 0.146 
613 OmyJC18ROGR    (2)    2 :  0.101 0.117 0.173 0.609 
614 OmyJC18ROGR    (1)    2 :  0.069 0.065 0.568 0.297 
615 OmyJC18ROGR    (1)    2 :  0.334 0.526 0.086 0.054 
616 OmyJC18ROGR    (1)    2 :  0.283 0.609 0.064 0.044 
617 OmyJC18ROGR    (1)    2 :  0.233 0.347 0.382 0.038 
618 OmyJC18ROGR    (0)    2 :  0.400 0.376 0.049 0.176 
619 OmyJC18ROGR    (1)    2 :  0.510 0.295 0.064 0.131 
620 OmyJC18ROGR    (1)    2 :  0.204 0.317 0.156 0.323 
621 OmyJC18ROGR    (1)    2 :  0.179 0.231 0.374 0.216 
622 OmyJC18ROGR    (1)    2 :  0.288 0.385 0.306 0.020 
623 OmyJC18ROGR    (1)    2 :  0.377 0.226 0.077 0.321 
624 OmyJC18ROGR    (0)    2 :  0.468 0.222 0.204 0.106 
625 OmyJC18ROGR    (0)    2 :  0.560 0.354 0.036 0.050 
626 OmyJC18ROGR    (1)    2 :  0.263 0.586 0.124 0.027 
627 OmyJC18ROGR    (1)    2 :  0.450 0.424 0.086 0.040 
628 OmyJC18ROGR    (1)    2 :  0.208 0.172 0.064 0.556 
629 OmyJC18ROGR    (1)    2 :  0.040 0.053 0.022 0.885 
630 OmyJC18ROGR    (2)    2 :  0.574 0.284 0.043 0.100 
631 OmyJC18ROGR    (5)    2 :  0.149 0.087 0.431 0.333 
632 OmyJC18ROGR    (2)    2 :  0.321 0.451 0.144 0.083 
633 OmyJC18ROGR    (1)    2 :  0.340 0.276 0.041 0.342 
634 OmyJC18ROGR    (4)    2 :  0.370 0.238 0.364 0.028 
635 OmyJC18ROGR    (1)    2 :  0.646 0.305 0.027 0.022 
636 OmyJC18ROGR    (0)    2 :  0.482 0.313 0.128 0.077 
637 OmyJC18ROGR    (1)    2 :  0.067 0.054 0.837 0.042 
638 OmyJC18ROGR    (0)    2 :  0.492 0.303 0.046 0.159 
639 OmyJC18ROGR    (0)    2 :  0.276 0.151 0.494 0.079 
640 OmyJC18ROGR    (1)    2 :  0.236 0.519 0.104 0.141 
641 OmyJC18ROGR    (1)    2 :  0.339 0.323 0.210 0.128 
642 OmyJC18ROGR    (1)    2 :  0.247 0.227 0.149 0.376 
643 OmyJC18ROGR    (1)    2 :  0.560 0.379 0.040 0.021 
644 OmyJC18ROGR    (1)    2 :  0.446 0.461 0.053 0.039 
645 OmyJC18ROGR    (0)    2 :  0.306 0.333 0.096 0.265 
646 OmyAC19ROGR    (1)    3 :  0.255 0.470 0.194 0.081 
647 OmyJC18ROGR    (1)    2 :  0.501 0.271 0.111 0.117 
648 OmyAC19ROGR    (0)    3 :  0.352 0.483 0.140 0.025 
649 OmyAC19APPR    (1)    3 :  0.629 0.321 0.029 0.022 
650 OmyAC19APPR    (1)    3 :  0.574 0.292 0.040 0.093 
651 OmyJC18ROGR    (1)    2 :  0.441 0.281 0.222 0.056 
652 OmyAC19APPR    (0)    3 :  0.511 0.323 0.112 0.054 
653 OmyAC19CORH    (2)    4 :  0.275 0.157 0.522 0.046 
654 OmyJC18ROGR    (0)    2 :  0.594 0.283 0.089 0.033 
655 OmyAC19CORH    (1)    4 :  0.137 0.180 0.494 0.189 
656 OmyAC19CORH    (1)    4 :  0.080 0.093 0.771 0.056 
657 OmyAC19CORH    (1)    4 :  0.029 0.041 0.909 0.021 
658 OmyAC19CORH    (0)    4 :  0.030 0.033 0.886 0.051 
659 OmyAC19CORH    (0)    4 :  0.051 0.044 0.878 0.027 
660 OmyAC19ROGR    (3)    3 :  0.216 0.599 0.033 0.153 
661 OmyJC18ROGR    (1)    2 :  0.354 0.335 0.215 0.096 
662 OmyAC19ROGR    (1)    3 :  0.502 0.334 0.097 0.067 
663 OmyAC19ROGR    (1)    3 :  0.671 0.228 0.055 0.046 
664 OmyAC19APPR    (1)    3 :  0.232 0.562 0.119 0.086 
665 OmyAC19APPR    (1)    3 :  0.427 0.411 0.038 0.123 
666 OmyJC18ROGR    (0)    2 :  0.107 0.112 0.134 0.647 
667 OmyAC19APPR    (1)    3 :  0.672 0.232 0.048 0.049 
668 OmyAC19CORH    (1)    4 :  0.195 0.184 0.284 0.337 
669 OmyAC19CORH    (0)    4 :  0.041 0.040 0.877 0.042 
670 OmyAC19CORH    (1)    4 :  0.107 0.091 0.780 0.022 
671 OmyAC19CORH    (1)    4 :  0.173 0.116 0.653 0.058 
672 OmyAC19CORH    (1)    4 :  0.096 0.088 0.775 0.042 
673 OmyAC19CORH    (0)    4 :  0.207 0.198 0.544 0.051 
674 OmyAC19ROGR    (2)    3 :  0.484 0.357 0.117 0.042 
