

----------------------------------------------------
STRUCTURE by Pritchard, Stephens and Donnelly (2000)
     and Falush, Stephens and Pritchard (2003)
       Code by Pritchard, Falush and Hubisz
             Version 2.3.4 (Jul 2012)
----------------------------------------------------



Command line arguments:   bin/structure -m "/Users/ddayan/FRA/premature_migration/Rogue_Half-Pounder/rogue_half_pounder_repo/structure/halfpounder/10k_20k_adm_corr/mainparams" -e "/Users/ddayan/FRA/premature_migration/Rogue_Half-Pounder/rogue_half_pounder_repo/structure/halfpounder/10k_20k_adm_corr/extraparams" 
Input File:    /Users/ddayan/FRA/premature_migration/Rogue_Half-Pounder/rogue_half_pounder_repo/structure/halfpounder/project_data

Run parameters:
   882 individuals
   330 loci
   5 populations assumed
   10000 Burn-in period
   20000 Reps


--------------------------------------------
Proportion of membership of each pre-defined
 population in each of the 5 clusters

Given    Inferred Clusters                     Number of
 Pop       1      2      3      4      5      Individuals

  1:     0.224  0.199  0.180  0.193  0.204      157
  2:     0.200  0.209  0.186  0.194  0.212      643
  3:     0.243  0.300  0.083  0.057  0.317       40
  4:     0.095  0.091  0.691  0.050  0.073       42
--------------------------------------------

Allele-freq. divergence among pops (Net nucleotide distance),
computed using point estimates of P.

      1       2       3       4       5      
 1      -    0.0013  0.0034  0.0084  0.0010  
 2   0.0013     -    0.0042  0.0087  0.0013  
 3   0.0034  0.0042     -    0.0114  0.0039  
 4   0.0084  0.0087  0.0114     -    0.0087  
 5   0.0010  0.0013  0.0039  0.0087     -    

Average distances (expected heterozygosity) between individuals in same cluster:
cluster  1  : 0.2857 
cluster  2  : 0.2859 
cluster  3  : 0.2797 
cluster  4  : 0.2530 
cluster  5  : 0.2856 

--------------------------------------------
Estimated Ln Prob of Data   = -248780.3
Mean value of ln likelihood = -246118.5
Variance of ln likelihood   = 5323.6
Mean value of alpha         = 0.2131

Mean value of Fst_1         = 0.0120
Mean value of Fst_2         = 0.0143
Mean value of Fst_3         = 0.0284
Mean value of Fst_4         = 0.0762
Mean value of Fst_5         = 0.0120


Inferred ancestry of individuals:
        Label (%Miss) Pop:  Inferred clusters
  1 OmyAC19ROGR    (0)    1 :  0.264 0.117 0.286 0.020 0.313 
  2 OmyAC19ROGR    (1)    1 :  0.413 0.077 0.168 0.081 0.261 
  3 OmyAC19ROGR    (1)    1 :  0.226 0.052 0.170 0.062 0.490 
  4 OmyAC19ROGR    (1)    1 :  0.187 0.346 0.141 0.026 0.299 
  5 OmyAC19ROGR    (2)    1 :  0.018 0.018 0.013 0.932 0.019 
  6 OmyAC19ROGR    (1)    1 :  0.146 0.079 0.046 0.198 0.531 
  7 OmyAC19ROGR    (1)    1 :  0.120 0.362 0.162 0.203 0.153 
  8 OmyAC19ROGR    (0)    1 :  0.611 0.127 0.106 0.017 0.139 
  9 OmyAC19ROGR    (1)    1 :  0.151 0.053 0.178 0.172 0.445 
 10 OmyAC19ROGR    (1)    1 :  0.143 0.176 0.122 0.480 0.080 
 11 OmyAC19ROGR    (0)    1 :  0.128 0.202 0.165 0.121 0.383 
 12 OmyAC19ROGR    (0)    1 :  0.103 0.104 0.063 0.150 0.580 
 13 OmyAC19ROGR    (1)    1 :  0.435 0.289 0.158 0.032 0.086 
 14 OmyAC19ROGR    (1)    1 :  0.092 0.268 0.030 0.452 0.158 
 15 OmyAC19ROGR    (2)    1 :  0.069 0.354 0.040 0.433 0.104 
 16 OmyAC19ROGR    (1)    1 :  0.231 0.226 0.157 0.108 0.278 
 17 OmyAC19ROGR    (1)    1 :  0.565 0.149 0.020 0.085 0.182 
 18 OmyAC19ROGR    (2)    1 :  0.456 0.203 0.210 0.027 0.104 
 19 OmyAC19ROGR    (1)    1 :  0.312 0.450 0.096 0.057 0.085 
 20 OmyAC19ROGR    (1)    1 :  0.109 0.508 0.021 0.232 0.130 
 21 OmyAC19ROGR    (1)    1 :  0.355 0.197 0.105 0.211 0.133 
 22 OmyAC19ROGR    (1)    1 :  0.238 0.132 0.347 0.072 0.211 
 23 OmyAC19ROGR    (1)    1 :  0.430 0.060 0.096 0.178 0.236 
 24 OmyAC19ROGR    (1)    1 :  0.049 0.031 0.803 0.019 0.097 
 25 OmyAC19ROGR    (1)    1 :  0.224 0.333 0.084 0.216 0.143 
 26 OmyAC19ROGR    (1)    1 :  0.344 0.104 0.279 0.127 0.145 
 27 OmyAC19ROGR    (1)    1 :  0.170 0.477 0.062 0.058 0.232 
 28 OmyAC19ROGR    (1)    1 :  0.037 0.033 0.860 0.028 0.041 
 29 OmyAC19ROGR    (1)    1 :  0.278 0.159 0.135 0.063 0.365 
 30 OmyAC19ROGR    (1)    1 :  0.172 0.074 0.056 0.614 0.084 
 31 OmyAC19ROGR    (1)    1 :  0.435 0.167 0.154 0.044 0.201 
 32 OmyAC19ROGR    (1)    1 :  0.473 0.163 0.171 0.110 0.083 
 33 OmyAC19ROGR    (1)    1 :  0.172 0.150 0.340 0.138 0.200 
 34 OmyAC19ROGR    (1)    1 :  0.094 0.248 0.047 0.544 0.067 
 35 OmyAC19ROGR    (0)    1 :  0.404 0.162 0.207 0.093 0.134 
 36 OmyAC19ROGR    (1)    1 :  0.311 0.103 0.080 0.173 0.332 
 37 OmyAC19ROGR    (1)    1 :  0.103 0.181 0.496 0.103 0.116 
 38 OmyAC19ROGR    (1)    1 :  0.061 0.040 0.372 0.482 0.044 
 39 OmyAC19ROGR    (1)    1 :  0.658 0.082 0.039 0.137 0.083 
 40 OmyAC19ROGR    (0)    1 :  0.115 0.272 0.033 0.286 0.294 
 41 OmyAC19ROGR    (1)    1 :  0.150 0.459 0.103 0.038 0.250 
 42 OmyAC19ROGR    (1)    1 :  0.058 0.049 0.024 0.812 0.058 
 43 OmyAC19ROGR    (1)    1 :  0.329 0.064 0.171 0.042 0.395 
 44 OmyAC19ROGR    (7)    1 :  0.410 0.061 0.082 0.047 0.401 
 45 OmyAC19ROGR    (2)    1 :  0.104 0.081 0.314 0.350 0.151 
 46 OmyAC19ROGR    (1)    1 :  0.249 0.208 0.351 0.065 0.127 
 47 OmyAC19ROGR    (0)    1 :  0.060 0.067 0.713 0.065 0.095 
 48 OmyAC19ROGR    (1)    1 :  0.356 0.064 0.148 0.039 0.393 
 49 OmyAC19ROGR    (0)    1 :  0.233 0.257 0.283 0.040 0.186 
 50 OmyAC19ROGR    (1)    1 :  0.327 0.477 0.027 0.025 0.143 
 51 OmyAC19ROGR    (2)    1 :  0.068 0.078 0.069 0.705 0.081 
 52 OmyAC19ROGR    (1)    1 :  0.052 0.034 0.039 0.840 0.034 
 53 OmyAC19ROGR    (2)    1 :  0.131 0.057 0.650 0.036 0.126 
 54 OmyAC19ROGR    (1)    1 :  0.108 0.099 0.550 0.075 0.167 
 55 OmyAC19ROGR    (3)    1 :  0.503 0.171 0.062 0.091 0.173 
 56 OmyAC19ROGR    (1)    1 :  0.087 0.289 0.454 0.095 0.074 
 57 OmyAC19ROGR    (0)    1 :  0.187 0.088 0.604 0.021 0.100 
 58 OmyAC19ROGR    (1)    1 :  0.101 0.059 0.056 0.709 0.075 
 59 OmyAC19ROGR    (0)    1 :  0.124 0.148 0.516 0.031 0.181 
 60 OmyAC19ROGR    (2)    1 :  0.165 0.264 0.087 0.124 0.360 
 61 OmyAC19ROGR    (1)    1 :  0.151 0.204 0.474 0.059 0.111 
 62 OmyAC19ROGR    (1)    1 :  0.321 0.085 0.094 0.047 0.453 
 63 OmyAC19ROGR    (0)    1 :  0.112 0.092 0.406 0.208 0.182 
 64 OmyAC19ROGR    (3)    1 :  0.190 0.232 0.116 0.073 0.390 
 65 OmyAC19ROGR    (1)    1 :  0.424 0.268 0.103 0.062 0.142 
 66 OmyAC19ROGR    (4)    1 :  0.131 0.426 0.046 0.300 0.097 
 67 OmyAC19ROGR    (0)    1 :  0.098 0.462 0.311 0.043 0.086 
 68 OmyAC19ROGR    (2)    1 :  0.188 0.071 0.482 0.056 0.202 
 69 OmyAC19ROGR    (2)    1 :  0.116 0.077 0.508 0.227 0.072 
 70 OmyAC19ROGR    (1)    1 :  0.384 0.110 0.209 0.041 0.256 
 71 OmyAC19ROGR    (0)    1 :  0.461 0.191 0.076 0.031 0.241 
 72 OmyAC19ROGR    (5)    1 :  0.145 0.149 0.138 0.027 0.542 
 73 OmyAC19ROGR    (1)    1 :  0.405 0.048 0.229 0.230 0.088 
 74 OmyAC19ROGR    (1)    1 :  0.120 0.191 0.038 0.035 0.616 
 75 OmyAC19ROGR    (1)    1 :  0.230 0.208 0.356 0.125 0.082 
 76 OmyAC19ROGR    (1)    1 :  0.121 0.083 0.644 0.047 0.104 
 77 OmyAC19ROGR    (1)    1 :  0.020 0.030 0.019 0.898 0.033 
 78 OmyAC19ROGR    (1)    1 :  0.476 0.093 0.100 0.041 0.291 
 79 OmyAC19ROGR    (2)    1 :  0.569 0.126 0.115 0.060 0.130 
 80 OmyAC19ROGR    (2)    1 :  0.053 0.068 0.078 0.730 0.072 
 81 OmyAC19ROGR    (2)    1 :  0.130 0.135 0.093 0.427 0.216 
 82 OmyAC19ROGR    (1)    1 :  0.142 0.076 0.566 0.026 0.191 
 83 OmyAC19ROGR    (0)    1 :  0.283 0.241 0.299 0.051 0.126 
 84 OmyAC19ROGR    (1)    1 :  0.259 0.273 0.072 0.191 0.206 
 85 OmyAC19ROGR    (6)    1 :  0.551 0.151 0.117 0.038 0.143 
 86 OmyAC19ROGR    (1)    1 :  0.113 0.493 0.027 0.094 0.274 
 87 OmyAC19ROGR    (2)    1 :  0.143 0.193 0.300 0.038 0.327 
 88 OmyJC19ROGR    (0)    2 :  0.079 0.049 0.020 0.824 0.027 
 89 OmyJC19ROGR    (1)    2 :  0.373 0.363 0.066 0.059 0.140 
 90 OmyJC19ROGR    (1)    2 :  0.036 0.028 0.033 0.870 0.033 
 91 OmyJC19ROGR    (2)    2 :  0.133 0.215 0.354 0.019 0.280 
 92 OmyJC19ROGR    (1)    2 :  0.230 0.102 0.514 0.046 0.108 
 93 OmyJC19ROGR    (1)    2 :  0.076 0.049 0.806 0.022 0.048 
 94 OmyJC19ROGR    (1)    2 :  0.392 0.163 0.038 0.194 0.213 
 95 OmyJC19ROGR    (0)    2 :  0.387 0.117 0.038 0.190 0.268 
 96 OmyJC19ROGR    (2)    2 :  0.193 0.370 0.110 0.104 0.224 
 97 OmyJC19ROGR    (1)    2 :  0.071 0.023 0.746 0.125 0.034 
 98 OmyJC19ROGR    (0)    2 :  0.292 0.252 0.120 0.046 0.290 
 99 OmyJC19ROGR    (0)    2 :  0.147 0.179 0.445 0.103 0.127 
100 OmyJC19ROGR    (1)    2 :  0.680 0.070 0.076 0.037 0.136 
101 OmyJC19ROGR    (1)    2 :  0.192 0.068 0.146 0.499 0.095 
102 OmyJC19ROGR    (1)    2 :  0.231 0.510 0.050 0.083 0.126 
103 OmyJC19ROGR    (2)    2 :  0.293 0.162 0.168 0.198 0.178 
104 OmyJC19ROGR    (1)    2 :  0.221 0.074 0.526 0.036 0.143 
105 OmyJC19ROGR    (1)    2 :  0.031 0.064 0.542 0.223 0.141 
106 OmyJC19ROGR    (1)    2 :  0.018 0.017 0.038 0.903 0.024 
107 OmyJC19ROGR    (2)    2 :  0.117 0.525 0.122 0.108 0.128 
108 OmyJC19ROGR    (0)    2 :  0.221 0.279 0.273 0.057 0.171 
109 OmyJC19ROGR    (1)    2 :  0.174 0.336 0.031 0.245 0.214 
110 OmyJC19ROGR    (1)    2 :  0.144 0.074 0.467 0.177 0.138 
111 OmyJC19ROGR    (1)    2 :  0.164 0.127 0.457 0.077 0.175 
112 OmyJC19ROGR    (2)    2 :  0.341 0.191 0.058 0.113 0.297 
113 OmyJC19ROGR    (1)    2 :  0.175 0.149 0.054 0.517 0.105 
114 OmyJC19ROGR    (3)    2 :  0.570 0.122 0.069 0.039 0.200 
115 OmyJC19ROGR    (2)    2 :  0.084 0.029 0.277 0.048 0.562 
116 OmyJC19ROGR    (0)    2 :  0.552 0.096 0.058 0.082 0.213 
117 OmyJC19ROGR    (1)    2 :  0.383 0.204 0.057 0.213 0.142 
118 OmyJC19ROGR    (1)    2 :  0.367 0.321 0.171 0.035 0.107 
119 OmyJC19ROGR    (3)    2 :  0.175 0.494 0.052 0.060 0.219 
120 OmyJC19ROGR    (1)    2 :  0.051 0.044 0.819 0.017 0.069 
121 OmyJC19ROGR    (0)    2 :  0.320 0.335 0.044 0.060 0.241 
122 OmyJC19ROGR    (1)    2 :  0.298 0.197 0.206 0.064 0.235 
123 OmyJC19ROGR    (1)    2 :  0.238 0.308 0.279 0.020 0.155 
124 OmyJC19ROGR    (0)    2 :  0.175 0.089 0.048 0.107 0.581 
125 OmyJC19ROGR    (1)    2 :  0.190 0.046 0.499 0.098 0.167 
126 OmyJC19ROGR    (1)    2 :  0.119 0.063 0.063 0.640 0.115 
127 OmyJC19ROGR    (1)    2 :  0.063 0.771 0.057 0.050 0.059 
128 OmyJC19ROGR    (1)    2 :  0.087 0.085 0.745 0.040 0.043 
129 OmyJC19ROGR    (1)    2 :  0.553 0.065 0.076 0.220 0.087 
130 OmyJC19ROGR    (1)    2 :  0.237 0.087 0.029 0.056 0.591 
131 OmyJC19ROGR    (1)    2 :  0.426 0.069 0.148 0.069 0.289 
132 OmyJC19ROGR    (1)    2 :  0.089 0.194 0.515 0.051 0.151 
133 OmyJC19ROGR    (1)    2 :  0.518 0.101 0.056 0.026 0.300 
134 OmyJC19ROGR    (1)    2 :  0.154 0.616 0.067 0.064 0.100 
135 OmyJC19ROGR    (1)    2 :  0.034 0.027 0.881 0.021 0.038 
136 OmyJC19ROGR    (3)    2 :  0.319 0.352 0.106 0.040 0.183 
137 OmyJC19ROGR    (1)    2 :  0.080 0.251 0.052 0.233 0.384 
138 OmyJC19ROGR    (1)    2 :  0.178 0.060 0.025 0.651 0.085 
139 OmyJC19ROGR    (2)    2 :  0.590 0.082 0.057 0.023 0.247 
140 OmyJC19ROGR    (3)    2 :  0.476 0.248 0.054 0.105 0.117 
141 OmyJC19ROGR    (0)    2 :  0.216 0.128 0.151 0.374 0.132 
142 OmyJC19ROGR    (1)    2 :  0.145 0.198 0.196 0.317 0.143 
143 OmyJC19ROGR    (0)    2 :  0.134 0.046 0.607 0.070 0.143 
144 OmyJC19ROGR    (1)    2 :  0.590 0.052 0.056 0.014 0.288 
145 OmyJC19ROGR    (1)    2 :  0.149 0.102 0.040 0.026 0.683 
146 OmyJC19ROGR    (2)    2 :  0.174 0.098 0.559 0.059 0.109 
147 OmyJC19ROGR    (1)    2 :  0.112 0.559 0.122 0.053 0.154 
148 OmyJC19ROGR    (1)    2 :  0.115 0.368 0.198 0.023 0.296 
149 OmyJC19ROGR    (2)    2 :  0.186 0.290 0.312 0.078 0.134 
150 OmyJC19ROGR    (2)    2 :  0.147 0.245 0.455 0.065 0.088 
151 OmyJC19ROGR    (1)    2 :  0.519 0.160 0.129 0.078 0.115 
152 OmyJC19ROGR    (0)    2 :  0.073 0.329 0.122 0.068 0.408 
153 OmyJC19ROGR    (1)    2 :  0.047 0.064 0.817 0.037 0.036 
154 OmyJC19ROGR    (2)    2 :  0.216 0.377 0.055 0.056 0.296 
155 OmyJC19ROGR    (1)    2 :  0.260 0.183 0.221 0.092 0.244 
156 OmyJC19ROGR    (1)    2 :  0.104 0.330 0.167 0.146 0.254 
157 OmyJC19ROGR    (0)    2 :  0.254 0.121 0.236 0.072 0.317 
158 OmyJC19ROGR    (2)    2 :  0.319 0.398 0.122 0.022 0.140 
159 OmyJC19ROGR    (1)    2 :  0.190 0.328 0.043 0.047 0.392 
160 OmyJC19ROGR    (0)    2 :  0.099 0.443 0.238 0.061 0.158 
161 OmyJC19ROGR    (1)    2 :  0.208 0.172 0.384 0.046 0.190 
162 OmyJC19ROGR    (1)    2 :  0.131 0.345 0.224 0.071 0.229 
163 OmyJC19ROGR    (1)    2 :  0.069 0.146 0.589 0.041 0.154 
164 OmyJC19ROGR    (1)    2 :  0.274 0.286 0.074 0.023 0.342 
165 OmyJC19ROGR    (0)    2 :  0.242 0.115 0.186 0.021 0.436 
166 OmyJC19ROGR    (0)    2 :  0.134 0.216 0.062 0.052 0.537 
167 OmyJC19ROGR    (2)    2 :  0.173 0.207 0.348 0.106 0.165 
168 OmyJC19ROGR    (0)    2 :  0.681 0.136 0.055 0.057 0.073 
169 OmyJC19ROGR    (1)    2 :  0.020 0.024 0.017 0.914 0.025 
170 OmyJC19ROGR    (1)    2 :  0.097 0.069 0.658 0.055 0.121 
171 OmyJC19ROGR    (1)    2 :  0.314 0.257 0.114 0.034 0.281 
172 OmyJC19ROGR    (0)    2 :  0.127 0.109 0.303 0.399 0.062 
173 OmyJC19ROGR    (1)    2 :  0.018 0.032 0.023 0.897 0.030 
174 OmyJC19ROGR    (0)    2 :  0.176 0.063 0.097 0.041 0.623 
175 OmyJC19ROGR    (1)    2 :  0.513 0.186 0.077 0.032 0.191 
176 OmyJC19ROGR    (1)    2 :  0.134 0.253 0.523 0.044 0.045 
177 OmyJC19ROGR    (1)    2 :  0.045 0.060 0.735 0.016 0.143 
178 OmyJC19ROGR    (0)    2 :  0.104 0.485 0.023 0.043 0.344 
179 OmyJC19ROGR    (1)    2 :  0.245 0.117 0.450 0.022 0.166 
180 OmyJC19ROGR    (1)    2 :  0.072 0.038 0.048 0.804 0.038 
181 OmyJC19ROGR    (1)    2 :  0.216 0.311 0.081 0.044 0.348 
182 OmyJC19ROGR    (1)    2 :  0.613 0.114 0.053 0.132 0.088 
183 OmyJC19ROGR    (1)    2 :  0.329 0.198 0.104 0.037 0.331 
184 OmyJC19ROGR    (1)    2 :  0.202 0.127 0.090 0.519 0.062 
185 OmyJC19ROGR    (2)    2 :  0.798 0.047 0.041 0.011 0.102 
186 OmyJC19ROGR    (1)    2 :  0.379 0.049 0.384 0.094 0.093 
187 OmyJC19ROGR    (0)    2 :  0.070 0.083 0.041 0.025 0.780 
188 OmyJC19ROGR    (1)    2 :  0.555 0.093 0.090 0.059 0.203 
189 OmyJC19ROGR    (0)    2 :  0.293 0.168 0.287 0.137 0.114 
190 OmyJC19ROGR    (0)    2 :  0.100 0.183 0.583 0.055 0.078 
191 OmyJC19ROGR    (2)    2 :  0.081 0.065 0.605 0.042 0.207 
192 OmyJC19ROGR    (1)    2 :  0.096 0.785 0.029 0.038 0.051 
193 OmyJC19ROGR    (1)    2 :  0.140 0.407 0.102 0.120 0.231 
194 OmyJC19ROGR    (0)    2 :  0.070 0.834 0.041 0.016 0.039 
195 OmyJC19ROGR    (1)    2 :  0.068 0.062 0.020 0.781 0.068 
196 OmyJC19ROGR    (1)    2 :  0.167 0.037 0.027 0.025 0.745 
197 OmyJC19ROGR    (1)    2 :  0.176 0.138 0.456 0.060 0.170 
198 OmyJC19ROGR    (1)    2 :  0.062 0.081 0.058 0.751 0.047 
199 OmyJC19ROGR    (0)    2 :  0.604 0.112 0.054 0.031 0.199 
200 OmyJC19ROGR    (0)    2 :  0.143 0.065 0.639 0.063 0.089 
201 OmyJC19ROGR    (1)    2 :  0.138 0.411 0.073 0.021 0.356 
202 OmyJC19ROGR    (0)    2 :  0.039 0.115 0.785 0.015 0.046 
203 OmyJC19ROGR    (0)    2 :  0.208 0.217 0.135 0.038 0.402 
204 OmyJC19ROGR    (1)    2 :  0.190 0.267 0.172 0.048 0.324 
205 OmyJC19ROGR    (1)    2 :  0.160 0.078 0.085 0.091 0.586 
206 OmyJC19ROGR    (1)    2 :  0.066 0.041 0.036 0.817 0.040 
207 OmyJC19ROGR    (1)    2 :  0.129 0.187 0.078 0.213 0.393 
208 OmyJC19ROGR    (1)    2 :  0.302 0.253 0.073 0.042 0.330 
209 OmyJC19ROGR    (0)    2 :  0.212 0.066 0.145 0.503 0.073 
210 OmyJC19ROGR    (1)    2 :  0.028 0.032 0.019 0.883 0.038 
211 OmyJC19ROGR    (0)    2 :  0.368 0.245 0.070 0.171 0.146 
212 OmyJC19ROGR    (1)    2 :  0.082 0.168 0.394 0.238 0.117 
213 OmyJC19ROGR    (1)    2 :  0.216 0.052 0.084 0.028 0.619 
214 OmyJC19ROGR    (1)    2 :  0.065 0.175 0.045 0.061 0.655 
215 OmyJC19ROGR    (1)    2 :  0.098 0.750 0.068 0.024 0.059 
216 OmyJC19ROGR    (1)    2 :  0.052 0.037 0.031 0.797 0.082 
217 OmyJC19ROGR    (1)    2 :  0.147 0.249 0.079 0.354 0.172 
218 OmyJC19ROGR    (1)    2 :  0.086 0.096 0.479 0.035 0.305 
219 OmyJC19ROGR    (1)    2 :  0.183 0.468 0.034 0.132 0.183 
220 OmyJC19ROGR    (1)    2 :  0.283 0.446 0.128 0.014 0.129 
221 OmyJC19ROGR    (0)    2 :  0.111 0.073 0.058 0.258 0.500 
222 OmyJC19ROGR    (1)    2 :  0.192 0.294 0.244 0.037 0.233 
223 OmyJC19ROGR    (0)    2 :  0.131 0.323 0.090 0.066 0.391 
224 OmyJC19ROGR    (1)    2 :  0.184 0.520 0.078 0.025 0.193 
225 OmyJC19ROGR    (1)    2 :  0.019 0.023 0.018 0.920 0.019 
226 OmyJC19ROGR    (0)    2 :  0.493 0.150 0.042 0.198 0.117 
227 OmyJC19ROGR    (1)    2 :  0.031 0.027 0.046 0.859 0.036 
228 OmyJC19ROGR    (1)    2 :  0.149 0.214 0.044 0.041 0.551 
229 OmyJC19ROGR    (2)    2 :  0.420 0.055 0.113 0.028 0.383 
230 OmyJC19ROGR    (1)    2 :  0.150 0.097 0.191 0.200 0.363 
231 OmyJC19ROGR    (1)    2 :  0.240 0.206 0.047 0.075 0.432 
232 OmyJC19ROGR    (2)    2 :  0.411 0.115 0.176 0.044 0.254 
233 OmyJC19ROGR    (1)    2 :  0.192 0.284 0.085 0.104 0.335 
234 OmyJC19ROGR    (1)    2 :  0.028 0.035 0.023 0.890 0.024 
235 OmyJC19ROGR    (0)    2 :  0.095 0.238 0.088 0.500 0.080 
236 OmyJC19ROGR    (1)    2 :  0.078 0.393 0.301 0.029 0.198 
237 OmyJC19ROGR    (1)    2 :  0.157 0.426 0.170 0.092 0.155 
238 OmyJC19ROGR    (0)    2 :  0.080 0.469 0.051 0.115 0.284 
239 OmyJC19ROGR    (1)    2 :  0.192 0.622 0.047 0.080 0.060 
240 OmyJC19ROGR    (1)    2 :  0.437 0.121 0.060 0.053 0.330 
241 OmyJC19ROGR    (0)    2 :  0.224 0.110 0.502 0.080 0.084 
242 OmyJC19ROGR    (1)    2 :  0.114 0.654 0.142 0.023 0.067 
243 OmyJC19ROGR    (1)    2 :  0.221 0.151 0.350 0.051 0.227 
244 OmyJC19ROGR    (1)    2 :  0.157 0.101 0.266 0.058 0.418 
245 OmyJC19ROGR    (0)    2 :  0.021 0.017 0.016 0.932 0.014 
246 OmyJC19ROGR    (1)    2 :  0.058 0.088 0.583 0.180 0.091 
247 OmyJC19ROGR    (0)    2 :  0.118 0.096 0.133 0.492 0.161 
248 OmyJC19ROGR    (1)    2 :  0.310 0.062 0.055 0.483 0.090 
249 OmyJC19ROGR    (1)    2 :  0.201 0.156 0.057 0.054 0.531 
250 OmyJC19ROGR    (0)    2 :  0.331 0.193 0.128 0.118 0.229 
251 OmyJC19ROGR    (1)    2 :  0.204 0.176 0.078 0.057 0.486 
252 OmyJC19ROGR    (0)    2 :  0.062 0.045 0.787 0.039 0.067 
253 OmyJC19ROGR    (0)    2 :  0.583 0.219 0.046 0.069 0.083 
254 OmyJC19ROGR    (1)    2 :  0.176 0.151 0.383 0.063 0.227 
255 OmyJC19ROGR    (1)    2 :  0.124 0.059 0.469 0.034 0.313 
256 OmyJC19ROGR    (1)    2 :  0.063 0.116 0.302 0.320 0.200 
257 OmyJC19ROGR    (0)    2 :  0.204 0.113 0.062 0.077 0.544 
258 OmyAC19ROGR    (1)    1 :  0.210 0.168 0.159 0.245 0.217 
259 OmyAC19ROGR    (2)    1 :  0.161 0.207 0.103 0.451 0.079 
260 OmyAC19ROGR    (1)    1 :  0.246 0.539 0.093 0.030 0.093 
261 OmyAC19ROGR    (0)    1 :  0.519 0.157 0.048 0.051 0.225 
262 OmyAC19ROGR    (1)    1 :  0.285 0.155 0.189 0.138 0.233 
263 OmyAC19ROGR    (0)    1 :  0.084 0.144 0.496 0.042 0.235 
264 OmyAC19ROGR    (1)    1 :  0.186 0.182 0.086 0.068 0.478 
265 OmyAC19ROGR    (1)    1 :  0.116 0.471 0.116 0.044 0.254 
266 OmyAC19ROGR    (1)    1 :  0.152 0.083 0.045 0.019 0.702 
267 OmyAC19ROGR    (1)    1 :  0.370 0.209 0.095 0.174 0.152 
268 OmyAC19ROGR    (2)    1 :  0.179 0.120 0.392 0.142 0.167 
269 OmyAC19ROGR    (1)    1 :  0.552 0.131 0.058 0.146 0.113 
270 OmyAC19ROGR    (1)    1 :  0.092 0.050 0.539 0.039 0.280 
271 OmyAC19ROGR    (1)    1 :  0.389 0.119 0.072 0.318 0.102 
272 OmyAC19ROGR    (0)    1 :  0.166 0.235 0.039 0.196 0.364 
273 OmyAC19ROGR    (0)    1 :  0.487 0.303 0.072 0.041 0.098 
274 OmyAC19ROGR    (1)    1 :  0.106 0.044 0.035 0.747 0.068 
275 OmyAC19ROGR    (1)    1 :  0.155 0.255 0.279 0.141 0.170 
276 OmyAC19ROGR    (1)    1 :  0.191 0.561 0.054 0.058 0.137 
277 OmyAC19ROGR    (1)    1 :  0.334 0.218 0.046 0.084 0.319 
278 OmyAC19ROGR    (1)    1 :  0.162 0.201 0.056 0.313 0.268 
279 OmyAC19ROGR    (0)    1 :  0.187 0.430 0.054 0.188 0.141 
280 OmyAC19ROGR    (1)    1 :  0.217 0.101 0.362 0.130 0.191 
281 OmyAC19ROGR    (1)    1 :  0.522 0.223 0.064 0.053 0.139 
282 OmyAC19ROGR    (1)    1 :  0.317 0.139 0.120 0.176 0.248 
283 OmyAC19ROGR    (1)    1 :  0.251 0.371 0.078 0.058 0.243 
284 OmyAC19ROGR    (0)    1 :  0.146 0.119 0.159 0.026 0.549 
285 OmyAC19ROGR    (1)    1 :  0.145 0.353 0.284 0.046 0.172 
286 OmyAC19ROGR    (1)    1 :  0.207 0.400 0.121 0.030 0.242 
287 OmyAC19ROGR    (1)    1 :  0.014 0.015 0.012 0.946 0.013 
288 OmyAC19ROGR    (1)    1 :  0.069 0.073 0.046 0.743 0.068 
289 OmyAC19ROGR    (1)    1 :  0.330 0.376 0.049 0.122 0.123 
290 OmyAC19ROGR    (1)    1 :  0.024 0.022 0.021 0.909 0.023 
291 OmyAC19ROGR    (1)    1 :  0.086 0.091 0.231 0.450 0.141 
292 OmyAC19ROGR    (1)    1 :  0.384 0.147 0.070 0.233 0.166 
293 OmyAC19ROGR    (1)    1 :  0.171 0.072 0.617 0.036 0.104 
294 OmyAC19ROGR    (1)    1 :  0.141 0.413 0.040 0.190 0.217 
295 OmyAC19ROGR    (0)    1 :  0.296 0.298 0.155 0.027 0.225 
296 OmyAC19ROGR    (0)    1 :  0.193 0.400 0.142 0.040 0.225 
297 OmyAC19ROGR    (1)    1 :  0.068 0.079 0.027 0.749 0.076 
298 OmyAC19ROGR    (0)    1 :  0.077 0.596 0.043 0.026 0.257 
299 OmyAC19ROGR    (1)    1 :  0.081 0.261 0.313 0.229 0.115 
300 OmyAC19ROGR    (1)    1 :  0.392 0.345 0.076 0.038 0.147 
301 OmyAC19ROGR    (0)    1 :  0.050 0.032 0.025 0.856 0.037 
302 OmyAC19ROGR    (1)    1 :  0.086 0.259 0.052 0.437 0.165 
303 OmyAC19ROGR    (1)    1 :  0.498 0.232 0.050 0.119 0.101 
304 OmyAC19ROGR    (1)    1 :  0.164 0.491 0.083 0.153 0.108 
305 OmyAC19ROGR    (1)    1 :  0.217 0.440 0.078 0.036 0.229 
306 OmyAC19ROGR    (1)    1 :  0.113 0.060 0.023 0.612 0.192 
307 OmyAC19ROGR    (2)    1 :  0.297 0.245 0.222 0.025 0.211 
308 OmyAC19ROGR    (0)    1 :  0.218 0.368 0.051 0.124 0.238 
309 OmyAC19ROGR    (2)    1 :  0.034 0.025 0.031 0.881 0.030 
310 OmyAC19ROGR    (0)    1 :  0.221 0.167 0.061 0.426 0.125 
311 OmyAC19ROGR    (0)    1 :  0.120 0.275 0.047 0.485 0.073 
312 OmyAC19ROGR    (0)    1 :  0.141 0.112 0.597 0.040 0.110 
313 OmyAC19ROGR    (1)    1 :  0.121 0.393 0.135 0.020 0.332 
314 OmyAC19ROGR    (0)    1 :  0.140 0.120 0.607 0.043 0.090 
315 OmyAC19ROGR    (1)    1 :  0.303 0.133 0.093 0.068 0.402 
316 OmyAC19ROGR    (1)    1 :  0.139 0.447 0.064 0.042 0.309 
317 OmyAC19ROGR    (1)    1 :  0.547 0.087 0.265 0.044 0.057 
318 OmyAC19ROGR    (1)    1 :  0.215 0.110 0.441 0.042 0.192 
319 OmyAC19ROGR    (1)    1 :  0.353 0.265 0.129 0.023 0.230 
320 OmyAC19ROGR    (0)    1 :  0.065 0.327 0.075 0.017 0.517 
321 OmyAC19ROGR    (1)    1 :  0.279 0.303 0.083 0.028 0.306 
322 OmyAC19ROGR    (0)    1 :  0.476 0.088 0.041 0.263 0.132 
323 OmyAC19ROGR    (1)    1 :  0.183 0.371 0.027 0.033 0.387 
324 OmyAC19ROGR    (1)    1 :  0.081 0.160 0.133 0.024 0.602 
325 OmyAC19ROGR    (1)    1 :  0.347 0.074 0.043 0.369 0.167 
326 OmyAC19ROGR    (1)    1 :  0.265 0.190 0.049 0.065 0.432 
327 OmyAC19ROGR    (1)    1 :  0.056 0.359 0.126 0.042 0.417 
328 OmyJC18ROGR    (1)    2 :  0.085 0.163 0.553 0.041 0.158 
329 OmyJC18ROGR    (0)    2 :  0.314 0.147 0.060 0.059 0.421 
330 OmyJC18ROGR    (0)    2 :  0.197 0.164 0.027 0.068 0.544 
331 OmyJC18ROGR    (1)    2 :  0.064 0.123 0.065 0.617 0.131 
332 OmyJC18ROGR    (1)    2 :  0.078 0.102 0.049 0.712 0.059 
333 OmyJC18ROGR    (1)    2 :  0.082 0.049 0.029 0.804 0.036 
334 OmyJC18ROGR    (1)    2 :  0.149 0.075 0.179 0.184 0.412 
335 OmyJC18ROGR    (0)    2 :  0.132 0.186 0.443 0.028 0.212 
336 OmyJC18ROGR    (1)    2 :  0.048 0.046 0.027 0.839 0.040 
337 OmyJC18ROGR    (1)    2 :  0.295 0.300 0.049 0.037 0.318 
338 OmyJC18ROGR    (1)    2 :  0.037 0.061 0.022 0.836 0.045 
339 OmyJC18ROGR    (1)    2 :  0.584 0.132 0.042 0.045 0.197 
340 OmyJC18ROGR    (0)    2 :  0.087 0.158 0.470 0.145 0.140 
341 OmyJC18ROGR    (1)    2 :  0.174 0.456 0.213 0.017 0.140 
342 OmyJC18ROGR    (2)    2 :  0.144 0.222 0.126 0.369 0.138 
343 OmyJC18ROGR    (2)    2 :  0.176 0.106 0.252 0.312 0.154 
344 OmyJC18ROGR    (3)    2 :  0.205 0.182 0.099 0.439 0.074 
345 OmyJC18ROGR    (2)    2 :  0.063 0.056 0.113 0.641 0.127 
346 OmyJC18ROGR    (4)    2 :  0.112 0.059 0.029 0.025 0.775 
347 OmyJC18ROGR    (3)    2 :  0.296 0.470 0.040 0.048 0.145 
348 OmyJC18ROGR    (1)    2 :  0.410 0.142 0.065 0.168 0.216 
349 OmyJC18ROGR    (1)    2 :  0.143 0.677 0.045 0.036 0.099 
350 OmyJC18ROGR    (1)    2 :  0.146 0.594 0.034 0.044 0.181 
351 OmyJC18ROGR    (0)    2 :  0.091 0.155 0.035 0.688 0.032 
352 OmyJC18ROGR    (4)    2 :  0.118 0.177 0.068 0.398 0.240 
353 OmyJC18ROGR    (2)    2 :  0.161 0.137 0.144 0.176 0.382 
354 OmyJC18ROGR    (1)    2 :  0.469 0.091 0.044 0.078 0.318 
355 OmyJC18ROGR    (2)    2 :  0.389 0.092 0.059 0.036 0.423 
356 OmyJC18ROGR    (1)    2 :  0.127 0.203 0.408 0.042 0.221 
357 OmyJC18ROGR    (2)    2 :  0.043 0.038 0.225 0.654 0.041 
358 OmyJC18ROGR    (2)    2 :  0.242 0.238 0.333 0.022 0.164 
359 OmyJC18ROGR    (3)    2 :  0.293 0.416 0.093 0.084 0.114 
360 OmyJC18ROGR    (0)    2 :  0.385 0.127 0.287 0.050 0.151 
361 OmyJC18ROGR    (1)    2 :  0.105 0.124 0.055 0.020 0.697 
362 OmyJC18ROGR    (1)    2 :  0.210 0.193 0.071 0.176 0.351 
363 OmyJC18ROGR    (2)    2 :  0.332 0.091 0.184 0.193 0.200 
364 OmyJC18ROGR    (3)    2 :  0.141 0.693 0.041 0.017 0.108 
365 OmyJC18ROGR    (4)    2 :  0.287 0.286 0.038 0.039 0.351 
366 OmyJC18ROGR    (4)    2 :  0.146 0.255 0.372 0.038 0.189 
367 OmyJC18ROGR    (3)    2 :  0.069 0.056 0.032 0.742 0.101 
368 OmyJC18ROGR    (3)    2 :  0.208 0.219 0.070 0.358 0.146 
369 OmyJC18ROGR    (2)    2 :  0.432 0.082 0.250 0.081 0.156 
370 OmyJC18ROGR    (3)    2 :  0.321 0.190 0.075 0.051 0.363 
371 OmyJC18ROGR    (1)    2 :  0.430 0.201 0.104 0.034 0.231 
372 OmyJC18ROGR    (3)    2 :  0.220 0.400 0.123 0.091 0.166 
373 OmyJC18ROGR    (5)    2 :  0.114 0.091 0.524 0.103 0.167 
374 OmyJC18ROGR    (5)    2 :  0.066 0.082 0.784 0.022 0.047 
375 OmyJC18ROGR    (3)    2 :  0.378 0.197 0.043 0.091 0.291 
376 OmyJC18ROGR    (3)    2 :  0.025 0.051 0.027 0.866 0.030 
377 OmyJC18ROGR    (4)    2 :  0.164 0.095 0.421 0.204 0.116 
378 OmyJC18ROGR    (0)    2 :  0.260 0.364 0.182 0.078 0.115 
379 OmyJC18ROGR    (5)    2 :  0.127 0.405 0.139 0.114 0.215 
380 OmyJC18ROGR    (4)    2 :  0.336 0.113 0.164 0.135 0.252 
381 OmyJC18ROGR    (1)    2 :  0.386 0.340 0.117 0.052 0.104 
382 OmyJC18ROGR    (1)    2 :  0.218 0.298 0.147 0.039 0.298 
383 OmyJC18ROGR    (3)    2 :  0.265 0.094 0.058 0.421 0.162 
384 OmyJC18ROGR    (2)    2 :  0.043 0.636 0.025 0.157 0.140 
385 OmyJC18ROGR    (4)    2 :  0.164 0.141 0.031 0.043 0.621 
386 OmyJC18ROGR    (2)    2 :  0.151 0.306 0.038 0.353 0.152 
387 OmyJC18ROGR    (1)    2 :  0.101 0.182 0.287 0.302 0.129 
388 OmyJC18ROGR    (6)    2 :  0.455 0.086 0.276 0.049 0.133 
389 OmyJC18ROGR    (1)    2 :  0.284 0.253 0.054 0.152 0.258 
390 OmyJC18ROGR    (1)    2 :  0.170 0.412 0.079 0.075 0.264 
391 OmyJC18ROGR    (3)    2 :  0.042 0.035 0.046 0.841 0.036 
392 OmyJC18ROGR    (2)    2 :  0.180 0.185 0.266 0.040 0.329 
393 OmyJC18ROGR    (4)    2 :  0.060 0.044 0.742 0.074 0.079 
394 OmyJC18ROGR    (3)    2 :  0.081 0.072 0.032 0.728 0.088 
395 OmyJC18ROGR    (7)    2 :  0.202 0.102 0.384 0.218 0.094 
396 OmyJC18ROGR    (4)    2 :  0.064 0.085 0.244 0.516 0.090 
397 OmyJC18ROGR    (1)    2 :  0.291 0.211 0.131 0.055 0.312 
398 OmyJC18ROGR    (3)    2 :  0.186 0.104 0.134 0.207 0.370 
399 OmyJC18ROGR    (2)    2 :  0.322 0.084 0.215 0.281 0.097 
400 OmyJC18ROGR    (0)    2 :  0.133 0.229 0.089 0.063 0.486 
401 OmyJC18ROGR    (6)    2 :  0.114 0.052 0.657 0.069 0.108 
402 OmyJC18ROGR    (5)    2 :  0.198 0.044 0.370 0.210 0.178 
403 OmyJC18ROGR    (1)    2 :  0.378 0.141 0.190 0.136 0.155 
404 OmyJC18ROGR    (2)    2 :  0.492 0.160 0.051 0.105 0.191 
405 OmyJC18ROGR    (3)    2 :  0.111 0.536 0.092 0.033 0.228 
406 OmyJC18ROGR    (2)    2 :  0.317 0.288 0.042 0.041 0.312 
407 OmyJC18ROGR    (2)    2 :  0.080 0.529 0.209 0.109 0.073 
408 OmyJC18ROGR    (2)    2 :  0.085 0.392 0.292 0.099 0.132 
409 OmyJC18ROGR    (1)    2 :  0.178 0.177 0.271 0.040 0.334 
410 OmyJC18ROGR    (1)    2 :  0.136 0.244 0.060 0.029 0.530 
411 OmyJC18ROGR    (1)    2 :  0.464 0.049 0.066 0.033 0.388 
412 OmyJC18ROGR    (0)    2 :  0.123 0.613 0.041 0.023 0.199 
413 OmyJC18ROGR    (1)    2 :  0.090 0.173 0.030 0.039 0.668 
414 OmyJC18ROGR    (2)    2 :  0.485 0.300 0.055 0.022 0.137 
415 OmyJC18ROGR    (2)    2 :  0.254 0.071 0.136 0.018 0.521 
416 OmyJC18ROGR    (3)    2 :  0.381 0.178 0.059 0.070 0.312 
417 OmyJC18ROGR    (1)    2 :  0.107 0.204 0.374 0.055 0.260 
418 OmyJC18ROGR    (0)    2 :  0.064 0.041 0.678 0.037 0.180 
419 OmyJC18ROGR    (1)    2 :  0.241 0.164 0.335 0.029 0.230 
420 OmyJC18ROGR    (0)    2 :  0.240 0.066 0.030 0.033 0.631 
421 OmyJC18ROGR    (1)    2 :  0.140 0.558 0.070 0.055 0.177 
422 OmyJC18ROGR    (6)    2 :  0.792 0.046 0.052 0.036 0.074 
423 OmyJC18ROGR    (2)    2 :  0.199 0.098 0.108 0.053 0.541 
424 OmyJC18ROGR    (1)    2 :  0.068 0.090 0.202 0.211 0.430 
425 OmyJC18ROGR    (1)    2 :  0.217 0.153 0.060 0.265 0.306 
426 OmyJC18ROGR    (3)    2 :  0.151 0.266 0.162 0.036 0.384 
427 OmyJC18ROGR    (2)    2 :  0.136 0.200 0.021 0.581 0.062 
428 OmyJC18ROGR    (6)    2 :  0.081 0.104 0.037 0.021 0.757 
429 OmyJC18ROGR    (1)    2 :  0.370 0.226 0.025 0.186 0.193 
430 OmyJC18ROGR    (1)    2 :  0.590 0.095 0.099 0.124 0.092 
431 OmyJC18ROGR    (0)    2 :  0.237 0.150 0.044 0.052 0.517 
432 OmyJC18ROGR    (2)    2 :  0.099 0.049 0.043 0.753 0.056 
433 OmyJC18ROGR    (2)    2 :  0.234 0.086 0.532 0.076 0.071 
434 OmyJC18ROGR    (2)    2 :  0.486 0.123 0.057 0.120 0.214 
435 OmyJC18ROGR    (8)    2 :  0.085 0.196 0.139 0.073 0.507 
436 OmyJC18ROGR    (2)    2 :  0.173 0.141 0.138 0.037 0.511 
437 OmyJC18ROGR    (4)    2 :  0.234 0.223 0.208 0.036 0.299 
438 OmyJC18ROGR    (1)    2 :  0.077 0.031 0.745 0.072 0.075 
439 OmyJC18ROGR    (2)    2 :  0.256 0.089 0.088 0.486 0.080 
440 OmyJC18ROGR    (0)    2 :  0.054 0.032 0.749 0.113 0.052 
441 OmyJC18ROGR    (1)    2 :  0.110 0.788 0.034 0.024 0.045 
442 OmyJC18ROGR    (6)    2 :  0.418 0.239 0.148 0.104 0.091 
443 OmyJC18ROGR    (1)    2 :  0.138 0.570 0.047 0.023 0.221 
444 OmyJC18ROGR    (6)    2 :  0.121 0.145 0.367 0.048 0.318 
445 OmyJC18ROGR    (2)    2 :  0.208 0.114 0.210 0.077 0.392 
446 OmyJC18ROGR    (3)    2 :  0.117 0.135 0.280 0.271 0.197 
447 OmyJC18ROGR    (2)    2 :  0.273 0.387 0.090 0.101 0.148 
448 OmyJC18ROGR    (3)    2 :  0.605 0.154 0.052 0.051 0.138 
449 OmyJC18ROGR    (1)    2 :  0.195 0.400 0.097 0.040 0.266 
450 OmyJC18ROGR    (4)    2 :  0.082 0.070 0.194 0.204 0.451 
451 OmyJC18ROGR    (3)    2 :  0.420 0.211 0.074 0.045 0.250 
452 OmyJC18ROGR    (1)    2 :  0.422 0.291 0.041 0.057 0.189 
453 OmyJC18ROGR    (1)    2 :  0.130 0.543 0.024 0.023 0.280 
454 OmyJC18ROGR    (4)    2 :  0.132 0.326 0.338 0.063 0.140 
455 OmyJC18ROGR    (4)    2 :  0.109 0.235 0.147 0.440 0.069 
456 OmyJC18ROGR    (5)    2 :  0.207 0.095 0.073 0.120 0.505 
457 OmyJC18ROGR    (3)    2 :  0.362 0.083 0.331 0.028 0.195 
458 OmyJC18ROGR    (1)    2 :  0.119 0.180 0.139 0.047 0.514 
459 OmyJC18ROGR    (1)    2 :  0.051 0.046 0.027 0.830 0.045 
460 OmyJC18ROGR    (2)    2 :  0.183 0.301 0.044 0.037 0.435 
461 OmyJC18ROGR    (1)    2 :  0.096 0.055 0.085 0.711 0.053 
462 OmyJC18ROGR    (1)    2 :  0.189 0.225 0.325 0.020 0.241 
463 OmyJC18ROGR    (4)    2 :  0.248 0.466 0.074 0.058 0.154 
464 OmyJC18ROGR    (6)    2 :  0.137 0.280 0.228 0.026 0.330 
465 OmyJC18ROGR    (3)    2 :  0.068 0.112 0.512 0.033 0.274 
466 OmyJC18ROGR    (3)    2 :  0.138 0.252 0.297 0.089 0.224 
467 OmyJC18ROGR    (2)    2 :  0.697 0.093 0.035 0.063 0.112 
468 OmyJC18ROGR    (2)    2 :  0.107 0.168 0.102 0.018 0.604 
469 OmyJC18ROGR    (1)    2 :  0.019 0.021 0.018 0.904 0.039 
470 OmyJC18ROGR    (0)    2 :  0.112 0.094 0.499 0.236 0.060 
471 OmyJC18ROGR    (2)    2 :  0.366 0.069 0.074 0.079 0.411 
472 OmyJC18ROGR    (2)    2 :  0.057 0.079 0.024 0.010 0.830 
473 OmyJC18ROGR    (1)    2 :  0.233 0.311 0.072 0.085 0.300 
474 OmyJC18ROGR    (3)    2 :  0.102 0.083 0.053 0.056 0.707 
475 OmyJC18ROGR    (1)    2 :  0.250 0.148 0.385 0.092 0.125 
476 OmyJC18ROGR    (2)    2 :  0.335 0.266 0.107 0.045 0.248 
477 OmyJC18ROGR    (0)    2 :  0.495 0.072 0.203 0.074 0.156 
478 OmyJC18ROGR    (1)    2 :  0.139 0.384 0.075 0.076 0.326 
479 OmyJC18ROGR    (1)    2 :  0.355 0.079 0.175 0.047 0.344 
480 OmyJC18ROGR    (1)    2 :  0.283 0.240 0.058 0.087 0.331 
481 OmyJC18ROGR    (1)    2 :  0.255 0.285 0.084 0.044 0.332 
482 OmyJC18ROGR    (1)    2 :  0.300 0.120 0.409 0.036 0.135 
483 OmyJC18ROGR    (0)    2 :  0.230 0.288 0.200 0.035 0.247 
484 OmyJC18ROGR    (0)    2 :  0.234 0.576 0.047 0.074 0.070 
485 OmyJC18ROGR    (0)    2 :  0.403 0.106 0.357 0.025 0.109 
486 OmyJC18ROGR    (0)    2 :  0.143 0.315 0.168 0.053 0.320 
487 OmyJC18ROGR    (1)    2 :  0.367 0.069 0.476 0.033 0.054 
488 OmyJC18ROGR    (1)    2 :  0.283 0.147 0.267 0.078 0.225 
489 OmyJC18ROGR    (1)    2 :  0.193 0.638 0.038 0.048 0.084 
490 OmyJC18ROGR    (0)    2 :  0.131 0.431 0.033 0.022 0.383 
491 OmyJC18ROGR    (0)    2 :  0.099 0.148 0.598 0.066 0.090 
492 OmyJC18ROGR    (5)    2 :  0.074 0.037 0.100 0.745 0.044 
493 OmyJC18ROGR    (1)    2 :  0.474 0.061 0.156 0.217 0.093 
494 OmyJC18ROGR    (3)    2 :  0.165 0.188 0.132 0.044 0.472 
495 OmyJC18ROGR    (1)    2 :  0.387 0.102 0.170 0.091 0.250 
496 OmyJC18ROGR    (1)    2 :  0.198 0.088 0.040 0.123 0.550 
497 OmyJC18ROGR    (1)    2 :  0.380 0.116 0.208 0.022 0.274 
498 OmyJC18ROGR    (1)    2 :  0.224 0.260 0.292 0.059 0.165 
499 OmyJC18ROGR    (1)    2 :  0.169 0.346 0.179 0.044 0.262 
500 OmyJC18ROGR    (1)    2 :  0.174 0.167 0.036 0.103 0.520 
501 OmyJC18ROGR    (2)    2 :  0.133 0.140 0.344 0.030 0.353 
502 OmyJC18ROGR    (1)    2 :  0.170 0.122 0.419 0.211 0.078 
503 OmyJC18ROGR    (2)    2 :  0.136 0.267 0.250 0.097 0.250 
504 OmyJC18ROGR    (2)    2 :  0.264 0.074 0.491 0.067 0.105 
505 OmyJC18ROGR    (2)    2 :  0.065 0.177 0.104 0.075 0.579 
506 OmyJC18ROGR    (3)    2 :  0.154 0.093 0.096 0.056 0.601 
507 OmyJC18ROGR    (1)    2 :  0.326 0.105 0.054 0.097 0.417 
508 OmyJC18ROGR    (7)    2 :  0.380 0.075 0.097 0.038 0.409 
509 OmyJC18ROGR    (1)    2 :  0.424 0.079 0.198 0.142 0.157 
510 OmyJC18ROGR    (1)    2 :  0.018 0.025 0.017 0.924 0.016 
511 OmyJC18ROGR    (2)    2 :  0.076 0.127 0.510 0.161 0.126 
512 OmyJC18ROGR    (1)    2 :  0.108 0.145 0.492 0.025 0.230 
513 OmyJC18ROGR    (3)    2 :  0.581 0.121 0.033 0.032 0.233 
514 OmyJC18ROGR    (1)    2 :  0.030 0.041 0.852 0.029 0.048 
515 OmyJC18ROGR    (5)    2 :  0.351 0.204 0.079 0.039 0.326 
516 OmyJC18ROGR    (3)    2 :  0.090 0.068 0.418 0.339 0.085 
517 OmyJC18ROGR    (1)    2 :  0.117 0.298 0.430 0.025 0.130 
518 OmyJC18ROGR    (1)    2 :  0.153 0.116 0.176 0.475 0.081 
519 OmyJC18ROGR    (0)    2 :  0.167 0.060 0.220 0.096 0.456 
520 OmyJC18ROGR    (0)    2 :  0.143 0.584 0.166 0.034 0.073 
521 OmyJC18ROGR    (2)    2 :  0.348 0.122 0.107 0.086 0.337 
522 OmyJC18ROGR    (2)    2 :  0.149 0.101 0.082 0.331 0.337 
523 OmyJC18ROGR    (1)    2 :  0.182 0.094 0.327 0.287 0.110 
524 OmyJC18ROGR    (3)    2 :  0.197 0.181 0.116 0.144 0.362 
525 OmyJC18ROGR    (1)    2 :  0.721 0.091 0.101 0.039 0.049 
526 OmyJC18ROGR    (7)    2 :  0.183 0.398 0.066 0.019 0.334 
527 OmyJC18ROGR    (4)    2 :  0.119 0.330 0.063 0.102 0.386 
528 OmyJC18ROGR    (1)    2 :  0.111 0.468 0.201 0.025 0.195 
529 OmyJC18ROGR    (2)    2 :  0.088 0.367 0.056 0.027 0.462 
530 OmyJC18ROGR    (1)    2 :  0.176 0.098 0.345 0.071 0.311 
531 OmyJC18ROGR    (2)    2 :  0.133 0.613 0.094 0.035 0.125 
532 OmyJC18ROGR    (2)    2 :  0.249 0.104 0.117 0.021 0.509 
533 OmyJC18ROGR    (5)    2 :  0.047 0.032 0.045 0.852 0.024 
534 OmyJC18ROGR    (2)    2 :  0.126 0.187 0.146 0.109 0.431 
535 OmyJC18ROGR    (3)    2 :  0.140 0.287 0.357 0.066 0.150 
536 OmyJC18ROGR    (0)    2 :  0.241 0.214 0.052 0.118 0.375 
537 OmyJC18ROGR    (3)    2 :  0.304 0.263 0.087 0.218 0.129 
538 OmyJC18ROGR    (1)    2 :  0.406 0.129 0.127 0.031 0.307 
539 OmyJC18ROGR    (1)    2 :  0.243 0.124 0.286 0.061 0.286 
540 OmyJC18ROGR    (1)    2 :  0.215 0.379 0.100 0.058 0.248 
541 OmyJC18ROGR    (5)    2 :  0.188 0.304 0.314 0.014 0.180 
542 OmyJC18ROGR    (4)    2 :  0.327 0.349 0.081 0.100 0.143 
543 OmyJC18ROGR    (2)    2 :  0.202 0.190 0.347 0.019 0.242 
544 OmyJC18ROGR    (2)    2 :  0.492 0.048 0.208 0.051 0.201 
545 OmyJC18ROGR    (2)    2 :  0.193 0.269 0.178 0.269 0.090 
546 OmyJC18ROGR    (1)    2 :  0.181 0.253 0.263 0.048 0.255 
547 OmyJC18ROGR    (1)    2 :  0.247 0.181 0.228 0.067 0.277 
548 OmyJC18ROGR    (1)    2 :  0.095 0.047 0.048 0.719 0.091 
549 OmyJC18ROGR    (1)    2 :  0.127 0.448 0.124 0.231 0.071 
550 OmyJC18ROGR    (2)    2 :  0.158 0.375 0.066 0.240 0.161 
551 OmyJC18ROGR    (4)    2 :  0.220 0.371 0.063 0.141 0.205 
552 OmyJC18ROGR    (6)    2 :  0.234 0.529 0.021 0.033 0.183 
553 OmyJC18ROGR    (3)    2 :  0.067 0.033 0.827 0.027 0.046 
554 OmyJC18ROGR    (1)    2 :  0.295 0.104 0.468 0.023 0.110 
555 OmyJC18ROGR    (4)    2 :  0.133 0.189 0.438 0.028 0.212 
556 OmyJC18ROGR    (2)    2 :  0.235 0.295 0.196 0.077 0.197 
557 OmyJC18ROGR    (0)    2 :  0.493 0.180 0.092 0.033 0.202 
558 OmyJC18ROGR    (2)    2 :  0.410 0.118 0.232 0.064 0.176 
559 OmyJC18ROGR    (3)    2 :  0.215 0.351 0.073 0.262 0.099 
560 OmyJC18ROGR    (6)    2 :  0.140 0.326 0.390 0.032 0.112 
561 OmyJC18ROGR    (1)    2 :  0.371 0.262 0.029 0.153 0.185 
562 OmyJC18ROGR    (2)    2 :  0.145 0.082 0.594 0.055 0.125 
563 OmyJC18ROGR    (2)    2 :  0.294 0.178 0.182 0.293 0.053 
564 OmyJC18ROGR    (1)    2 :  0.092 0.172 0.096 0.339 0.300 
565 OmyJC18ROGR    (1)    2 :  0.509 0.161 0.026 0.051 0.253 
566 OmyJC18ROGR    (1)    2 :  0.216 0.115 0.103 0.029 0.537 
567 OmyJC18ROGR    (1)    2 :  0.079 0.681 0.048 0.045 0.147 
568 OmyJC18ROGR    (1)    2 :  0.141 0.603 0.079 0.024 0.153 
569 OmyJC18ROGR    (3)    2 :  0.145 0.290 0.135 0.046 0.384 
570 OmyJC18ROGR    (1)    2 :  0.208 0.105 0.232 0.271 0.184 
571 OmyJC18ROGR    (2)    2 :  0.186 0.064 0.100 0.545 0.105 
572 OmyJC18ROGR    (5)    2 :  0.327 0.058 0.396 0.136 0.083 
573 OmyJC18ROGR    (5)    2 :  0.095 0.597 0.116 0.136 0.056 
574 OmyJC18ROGR    (1)    2 :  0.097 0.643 0.042 0.133 0.085 
575 OmyJC18ROGR    (2)    2 :  0.193 0.297 0.260 0.030 0.220 
576 OmyJC18ROGR    (0)    2 :  0.119 0.228 0.554 0.020 0.079 
577 OmyJC18ROGR    (1)    2 :  0.158 0.384 0.071 0.268 0.119 
578 OmyJC18ROGR    (1)    2 :  0.119 0.791 0.019 0.022 0.049 
579 OmyJC18ROGR    (2)    2 :  0.543 0.153 0.170 0.056 0.078 
580 OmyJC18ROGR    (1)    2 :  0.382 0.156 0.268 0.017 0.177 
581 OmyJC18ROGR    (1)    2 :  0.284 0.087 0.461 0.101 0.067 
582 OmyJC18ROGR    (0)    2 :  0.151 0.102 0.040 0.076 0.631 
583 OmyJC18ROGR    (1)    2 :  0.222 0.356 0.245 0.052 0.125 
584 OmyJC18ROGR    (2)    2 :  0.069 0.398 0.189 0.282 0.061 
585 OmyJC18ROGR    (1)    2 :  0.049 0.510 0.028 0.221 0.193 
586 OmyJC18ROGR    (0)    2 :  0.079 0.202 0.094 0.552 0.073 
587 OmyJC18ROGR    (1)    2 :  0.152 0.091 0.163 0.030 0.564 
588 OmyJC18ROGR    (0)    2 :  0.159 0.296 0.080 0.404 0.061 
589 OmyJC18ROGR    (2)    2 :  0.051 0.040 0.802 0.036 0.070 
590 OmyJC18ROGR    (2)    2 :  0.417 0.071 0.134 0.131 0.247 
591 OmyJC18ROGR    (1)    2 :  0.149 0.233 0.140 0.401 0.077 
592 OmyJC18ROGR    (1)    2 :  0.425 0.167 0.149 0.039 0.221 
593 OmyJC18ROGR    (1)    2 :  0.128 0.179 0.056 0.263 0.374 
594 OmyJC18ROGR    (3)    2 :  0.210 0.314 0.094 0.037 0.345 
595 OmyJC18ROGR    (1)    2 :  0.046 0.729 0.070 0.082 0.073 
596 OmyJC18ROGR    (1)    2 :  0.216 0.114 0.074 0.079 0.517 
597 OmyJC18ROGR    (1)    2 :  0.108 0.372 0.051 0.074 0.395 
598 OmyJC18ROGR    (1)    2 :  0.153 0.124 0.066 0.556 0.100 
599 OmyJC18ROGR    (1)    2 :  0.149 0.360 0.303 0.076 0.112 
600 OmyJC18ROGR    (2)    2 :  0.337 0.164 0.334 0.040 0.127 
601 OmyJC18ROGR    (7)    2 :  0.151 0.096 0.688 0.018 0.046 
602 OmyJC18ROGR    (3)    2 :  0.089 0.041 0.038 0.061 0.772 
603 OmyJC18ROGR    (1)    2 :  0.152 0.239 0.315 0.048 0.247 
604 OmyJC18ROGR    (1)    2 :  0.145 0.377 0.228 0.048 0.202 
605 OmyJC18ROGR    (1)    2 :  0.089 0.099 0.544 0.031 0.238 
606 OmyJC18ROGR    (1)    2 :  0.075 0.411 0.033 0.380 0.101 
