

----------------------------------------------------
STRUCTURE by Pritchard, Stephens and Donnelly (2000)
     and Falush, Stephens and Pritchard (2003)
       Code by Pritchard, Falush and Hubisz
             Version 2.3.4 (Jul 2012)
----------------------------------------------------



Command line arguments:   bin/structure -m "/Users/ddayan/FRA/premature_migration/Rogue_Half-Pounder/rogue_half_pounder_repo/structure/halfpounder/10k_20k_adm_corr/mainparams" -e "/Users/ddayan/FRA/premature_migration/Rogue_Half-Pounder/rogue_half_pounder_repo/structure/halfpounder/10k_20k_adm_corr/extraparams" 
Input File:    /Users/ddayan/FRA/premature_migration/Rogue_Half-Pounder/rogue_half_pounder_repo/structure/halfpounder/project_data

Run parameters:
   882 individuals
   330 loci
   4 populations assumed
   10000 Burn-in period
   20000 Reps


--------------------------------------------
Proportion of membership of each pre-defined
 population in each of the 4 clusters

Given    Inferred Clusters              Number of
 Pop       1      2      3      4      Individuals

  1:     0.236  0.226  0.267  0.270      157
  2:     0.239  0.225  0.265  0.271      643
  3:     0.121  0.077  0.407  0.395       40
  4:     0.750  0.062  0.099  0.089       42
--------------------------------------------

Allele-freq. divergence among pops (Net nucleotide distance),
computed using point estimates of P.

      1       2       3       4      
 1      -    0.0103  0.0035  0.0032  
 2   0.0103     -    0.0080  0.0080  
 3   0.0035  0.0080     -    0.0009  
 4   0.0032  0.0080  0.0009     -    

Average distances (expected heterozygosity) between individuals in same cluster:
cluster  1  : 0.2810 
cluster  2  : 0.2554 
cluster  3  : 0.2871 
cluster  4  : 0.2864 

--------------------------------------------
Estimated Ln Prob of Data   = -247634.1
Mean value of ln likelihood = -246431.0
Variance of ln likelihood   = 2406.3
Mean value of alpha         = 0.2710

Mean value of Fst_1         = 0.0244
Mean value of Fst_2         = 0.0712
Mean value of Fst_3         = 0.0109
Mean value of Fst_4         = 0.0085


Inferred ancestry of individuals:
        Label (%Miss) Pop:  Inferred clusters
  1 OmyAC19ROGR    (0)    1 :  0.396 0.023 0.197 0.384 
  2 OmyAC19ROGR    (1)    1 :  0.408 0.119 0.130 0.343 
  3 OmyAC19ROGR    (1)    1 :  0.307 0.082 0.073 0.538 
  4 OmyAC19ROGR    (1)    1 :  0.195 0.042 0.345 0.418 
  5 OmyAC19ROGR    (2)    1 :  0.019 0.942 0.015 0.024 
  6 OmyAC19ROGR    (1)    1 :  0.073 0.286 0.143 0.499 
  7 OmyAC19ROGR    (1)    1 :  0.220 0.262 0.316 0.202 
  8 OmyAC19ROGR    (0)    1 :  0.269 0.024 0.426 0.281 
  9 OmyAC19ROGR    (1)    1 :  0.207 0.227 0.071 0.495 
 10 OmyAC19ROGR    (1)    1 :  0.169 0.524 0.148 0.159 
 11 OmyAC19ROGR    (0)    1 :  0.229 0.173 0.235 0.364 
 12 OmyAC19ROGR    (0)    1 :  0.078 0.176 0.170 0.576 
 13 OmyAC19ROGR    (1)    1 :  0.223 0.045 0.576 0.157 
 14 OmyAC19ROGR    (1)    1 :  0.041 0.495 0.345 0.118 
 15 OmyAC19ROGR    (2)    1 :  0.042 0.466 0.384 0.107 
 16 OmyAC19ROGR    (1)    1 :  0.199 0.165 0.453 0.183 
 17 OmyAC19ROGR    (1)    1 :  0.030 0.148 0.417 0.405 
 18 OmyAC19ROGR    (2)    1 :  0.461 0.036 0.325 0.178 
 19 OmyAC19ROGR    (1)    1 :  0.220 0.088 0.529 0.163 
 20 OmyAC19ROGR    (1)    1 :  0.040 0.257 0.472 0.232 
 21 OmyAC19ROGR    (1)    1 :  0.155 0.287 0.287 0.271 
 22 OmyAC19ROGR    (1)    1 :  0.497 0.088 0.149 0.265 
 23 OmyAC19ROGR    (1)    1 :  0.182 0.243 0.108 0.467 
 24 OmyAC19ROGR    (1)    1 :  0.867 0.027 0.037 0.068 
 25 OmyAC19ROGR    (1)    1 :  0.124 0.272 0.379 0.226 
 26 OmyAC19ROGR    (1)    1 :  0.377 0.154 0.177 0.293 
 27 OmyAC19ROGR    (1)    1 :  0.070 0.065 0.591 0.274 
 28 OmyAC19ROGR    (1)    1 :  0.874 0.029 0.037 0.060 
 29 OmyAC19ROGR    (1)    1 :  0.246 0.089 0.270 0.395 
 30 OmyAC19ROGR    (1)    1 :  0.069 0.707 0.084 0.140 
 31 OmyAC19ROGR    (1)    1 :  0.258 0.063 0.346 0.334 
 32 OmyAC19ROGR    (1)    1 :  0.300 0.170 0.314 0.216 
 33 OmyAC19ROGR    (1)    1 :  0.423 0.184 0.143 0.250 
 34 OmyAC19ROGR    (1)    1 :  0.069 0.590 0.252 0.090 
 35 OmyAC19ROGR    (0)    1 :  0.384 0.140 0.210 0.265 
 36 OmyAC19ROGR    (1)    1 :  0.120 0.248 0.150 0.482 
 37 OmyAC19ROGR    (1)    1 :  0.540 0.157 0.180 0.123 
 38 OmyAC19ROGR    (1)    1 :  0.367 0.510 0.054 0.068 
 39 OmyAC19ROGR    (1)    1 :  0.089 0.213 0.316 0.382 
 40 OmyAC19ROGR    (0)    1 :  0.054 0.337 0.277 0.332 
 41 OmyAC19ROGR    (1)    1 :  0.139 0.044 0.537 0.279 
 42 OmyAC19ROGR    (1)    1 :  0.032 0.815 0.072 0.080 
 43 OmyAC19ROGR    (1)    1 :  0.219 0.063 0.129 0.589 
 44 OmyAC19ROGR    (7)    1 :  0.132 0.069 0.108 0.691 
 45 OmyAC19ROGR    (2)    1 :  0.317 0.408 0.108 0.166 
 46 OmyAC19ROGR    (1)    1 :  0.482 0.084 0.203 0.230 
 47 OmyAC19ROGR    (0)    1 :  0.763 0.085 0.072 0.079 
 48 OmyAC19ROGR    (1)    1 :  0.202 0.063 0.197 0.538 
 49 OmyAC19ROGR    (0)    1 :  0.415 0.058 0.284 0.243 
 50 OmyAC19ROGR    (1)    1 :  0.044 0.039 0.727 0.189 
 51 OmyAC19ROGR    (2)    1 :  0.082 0.744 0.085 0.088 
 52 OmyAC19ROGR    (1)    1 :  0.043 0.870 0.039 0.048 
 53 OmyAC19ROGR    (2)    1 :  0.712 0.045 0.094 0.149 
 54 OmyAC19ROGR    (1)    1 :  0.575 0.113 0.124 0.188 
 55 OmyAC19ROGR    (3)    1 :  0.092 0.147 0.478 0.284 
 56 OmyAC19ROGR    (1)    1 :  0.534 0.115 0.243 0.108 
 57 OmyAC19ROGR    (0)    1 :  0.685 0.035 0.152 0.127 
 58 OmyAC19ROGR    (1)    1 :  0.070 0.746 0.088 0.096 
 59 OmyAC19ROGR    (0)    1 :  0.572 0.042 0.214 0.171 
 60 OmyAC19ROGR    (2)    1 :  0.126 0.185 0.328 0.361 
 61 OmyAC19ROGR    (1)    1 :  0.584 0.082 0.228 0.106 
 62 OmyAC19ROGR    (1)    1 :  0.160 0.067 0.179 0.594 
 63 OmyAC19ROGR    (0)    1 :  0.478 0.254 0.130 0.138 
 64 OmyAC19ROGR    (3)    1 :  0.133 0.097 0.312 0.459 
 65 OmyAC19ROGR    (1)    1 :  0.179 0.092 0.535 0.194 
 66 OmyAC19ROGR    (4)    1 :  0.063 0.338 0.444 0.155 
 67 OmyAC19ROGR    (0)    1 :  0.421 0.053 0.404 0.123 
 68 OmyAC19ROGR    (2)    1 :  0.549 0.077 0.104 0.270 
 69 OmyAC19ROGR    (2)    1 :  0.549 0.278 0.103 0.070 
 70 OmyAC19ROGR    (1)    1 :  0.305 0.052 0.177 0.466 
 71 OmyAC19ROGR    (0)    1 :  0.174 0.051 0.407 0.369 
 72 OmyAC19ROGR    (5)    1 :  0.204 0.036 0.245 0.515 
 73 OmyAC19ROGR    (1)    1 :  0.410 0.336 0.112 0.142 
 74 OmyAC19ROGR    (1)    1 :  0.057 0.054 0.286 0.603 
 75 OmyAC19ROGR    (1)    1 :  0.381 0.156 0.308 0.155 
 76 OmyAC19ROGR    (1)    1 :  0.716 0.065 0.089 0.129 
 77 OmyAC19ROGR    (1)    1 :  0.022 0.923 0.028 0.027 
 78 OmyAC19ROGR    (1)    1 :  0.159 0.066 0.290 0.485 
 79 OmyAC19ROGR    (2)    1 :  0.323 0.093 0.282 0.302 
 80 OmyAC19ROGR    (2)    1 :  0.094 0.741 0.076 0.089 
 81 OmyAC19ROGR    (2)    1 :  0.108 0.498 0.148 0.246 
 82 OmyAC19ROGR    (1)    1 :  0.633 0.030 0.094 0.244 
 83 OmyAC19ROGR    (0)    1 :  0.450 0.072 0.291 0.187 
 84 OmyAC19ROGR    (1)    1 :  0.099 0.252 0.218 0.431 
 85 OmyAC19ROGR    (6)    1 :  0.283 0.055 0.329 0.333 
 86 OmyAC19ROGR    (1)    1 :  0.039 0.111 0.497 0.353 
 87 OmyAC19ROGR    (2)    1 :  0.425 0.042 0.145 0.388 
 88 OmyJC19ROGR    (0)    2 :  0.034 0.860 0.068 0.037 
 89 OmyJC19ROGR    (1)    2 :  0.111 0.104 0.527 0.259 
 90 OmyJC19ROGR    (1)    2 :  0.028 0.886 0.039 0.047 
 91 OmyJC19ROGR    (2)    2 :  0.377 0.022 0.291 0.310 
 92 OmyJC19ROGR    (1)    2 :  0.682 0.067 0.140 0.111 
 93 OmyJC19ROGR    (1)    2 :  0.808 0.026 0.070 0.095 
 94 OmyJC19ROGR    (1)    2 :  0.063 0.252 0.310 0.375 
 95 OmyJC19ROGR    (0)    2 :  0.048 0.285 0.178 0.489 
 96 OmyJC19ROGR    (2)    2 :  0.140 0.125 0.532 0.203 
 97 OmyJC19ROGR    (1)    2 :  0.729 0.189 0.033 0.049 
 98 OmyJC19ROGR    (0)    2 :  0.160 0.068 0.447 0.325 
 99 OmyJC19ROGR    (0)    2 :  0.532 0.129 0.200 0.139 
100 OmyJC19ROGR    (1)    2 :  0.172 0.057 0.234 0.537 
101 OmyJC19ROGR    (1)    2 :  0.202 0.560 0.108 0.130 
102 OmyJC19ROGR    (1)    2 :  0.071 0.094 0.703 0.132 
103 OmyJC19ROGR    (2)    2 :  0.285 0.266 0.176 0.272 
104 OmyJC19ROGR    (1)    2 :  0.657 0.048 0.136 0.159 
105 OmyJC19ROGR    (1)    2 :  0.567 0.250 0.092 0.091 
106 OmyJC19ROGR    (1)    2 :  0.045 0.907 0.022 0.026 
107 OmyJC19ROGR    (2)    2 :  0.144 0.143 0.549 0.164 
108 OmyJC19ROGR    (0)    2 :  0.415 0.084 0.292 0.210 
109 OmyJC19ROGR    (1)    2 :  0.043 0.290 0.437 0.231 
110 OmyJC19ROGR    (1)    2 :  0.546 0.226 0.088 0.140 
111 OmyJC19ROGR    (1)    2 :  0.584 0.096 0.172 0.148 
112 OmyJC19ROGR    (2)    2 :  0.084 0.131 0.381 0.405 
113 OmyJC19ROGR    (1)    2 :  0.066 0.569 0.208 0.156 
114 OmyJC19ROGR    (3)    2 :  0.164 0.067 0.269 0.500 
115 OmyJC19ROGR    (2)    2 :  0.445 0.068 0.042 0.445 
116 OmyJC19ROGR    (0)    2 :  0.130 0.148 0.282 0.440 
117 OmyJC19ROGR    (1)    2 :  0.105 0.297 0.324 0.274 
118 OmyJC19ROGR    (1)    2 :  0.265 0.050 0.355 0.331 
119 OmyJC19ROGR    (3)    2 :  0.082 0.095 0.532 0.291 
120 OmyJC19ROGR    (1)    2 :  0.847 0.018 0.067 0.067 
121 OmyJC19ROGR    (0)    2 :  0.067 0.072 0.364 0.496 
122 OmyJC19ROGR    (1)    2 :  0.281 0.081 0.228 0.410 
123 OmyJC19ROGR    (1)    2 :  0.330 0.033 0.317 0.320 
124 OmyJC19ROGR    (0)    2 :  0.076 0.152 0.142 0.630 
125 OmyJC19ROGR    (1)    2 :  0.603 0.122 0.065 0.210 
126 OmyJC19ROGR    (1)    2 :  0.068 0.686 0.099 0.147 
127 OmyJC19ROGR    (1)    2 :  0.079 0.069 0.770 0.082 
128 OmyJC19ROGR    (1)    2 :  0.782 0.055 0.097 0.065 
129 OmyJC19ROGR    (1)    2 :  0.206 0.340 0.223 0.231 
130 OmyJC19ROGR    (1)    2 :  0.048 0.072 0.089 0.791 
131 OmyJC19ROGR    (1)    2 :  0.306 0.118 0.186 0.390 
132 OmyJC19ROGR    (1)    2 :  0.591 0.074 0.189 0.146 
133 OmyJC19ROGR    (1)    2 :  0.110 0.048 0.237 0.605 
134 OmyJC19ROGR    (1)    2 :  0.131 0.098 0.572 0.199 
135 OmyJC19ROGR    (1)    2 :  0.902 0.028 0.036 0.034 
136 OmyJC19ROGR    (3)    2 :  0.157 0.059 0.437 0.348 
137 OmyJC19ROGR    (1)    2 :  0.071 0.273 0.300 0.356 
138 OmyJC19ROGR    (1)    2 :  0.043 0.713 0.093 0.151 
139 OmyJC19ROGR    (2)    2 :  0.105 0.035 0.214 0.646 
140 OmyJC19ROGR    (3)    2 :  0.091 0.142 0.506 0.261 
141 OmyJC19ROGR    (0)    2 :  0.179 0.443 0.240 0.138 
142 OmyJC19ROGR    (1)    2 :  0.253 0.373 0.208 0.166 
143 OmyJC19ROGR    (0)    2 :  0.683 0.092 0.055 0.169 
144 OmyJC19ROGR    (1)    2 :  0.108 0.024 0.164 0.703 
145 OmyJC19ROGR    (1)    2 :  0.065 0.035 0.215 0.685 
146 OmyJC19ROGR    (2)    2 :  0.633 0.087 0.122 0.158 
147 OmyJC19ROGR    (1)    2 :  0.154 0.073 0.635 0.139 
148 OmyJC19ROGR    (1)    2 :  0.254 0.030 0.428 0.289 
149 OmyJC19ROGR    (2)    2 :  0.450 0.106 0.290 0.155 
150 OmyJC19ROGR    (2)    2 :  0.603 0.084 0.195 0.118 
151 OmyJC19ROGR    (1)    2 :  0.237 0.152 0.336 0.275 
152 OmyJC19ROGR    (0)    2 :  0.194 0.084 0.242 0.479 
153 OmyJC19ROGR    (1)    2 :  0.840 0.051 0.060 0.049 
154 OmyJC19ROGR    (2)    2 :  0.073 0.093 0.400 0.434 
155 OmyJC19ROGR    (1)    2 :  0.316 0.130 0.280 0.273 
156 OmyJC19ROGR    (1)    2 :  0.242 0.169 0.374 0.215 
157 OmyJC19ROGR    (0)    2 :  0.346 0.095 0.161 0.398 
158 OmyJC19ROGR    (2)    2 :  0.214 0.036 0.400 0.350 
159 OmyJC19ROGR    (1)    2 :  0.068 0.065 0.479 0.388 
160 OmyJC19ROGR    (0)    2 :  0.306 0.080 0.486 0.128 
161 OmyJC19ROGR    (1)    2 :  0.497 0.051 0.233 0.219 
162 OmyJC19ROGR    (1)    2 :  0.269 0.111 0.404 0.216 
163 OmyJC19ROGR    (1)    2 :  0.649 0.059 0.123 0.169 
164 OmyJC19ROGR    (1)    2 :  0.090 0.038 0.491 0.381 
165 OmyJC19ROGR    (0)    2 :  0.235 0.031 0.273 0.461 
166 OmyJC19ROGR    (0)    2 :  0.066 0.076 0.235 0.623 
167 OmyJC19ROGR    (2)    2 :  0.386 0.133 0.214 0.266 
168 OmyJC19ROGR    (0)    2 :  0.138 0.114 0.346 0.401 
169 OmyJC19ROGR    (1)    2 :  0.017 0.921 0.037 0.025 
170 OmyJC19ROGR    (1)    2 :  0.746 0.077 0.077 0.100 
171 OmyJC19ROGR    (1)    2 :  0.129 0.047 0.439 0.385 
172 OmyJC19ROGR    (0)    2 :  0.345 0.457 0.125 0.072 
173 OmyJC19ROGR    (1)    2 :  0.029 0.902 0.034 0.035 
174 OmyJC19ROGR    (0)    2 :  0.135 0.057 0.126 0.682 
175 OmyJC19ROGR    (1)    2 :  0.109 0.043 0.375 0.474 
176 OmyJC19ROGR    (1)    2 :  0.630 0.062 0.241 0.068 
177 OmyJC19ROGR    (1)    2 :  0.823 0.019 0.064 0.094 
178 OmyJC19ROGR    (0)    2 :  0.030 0.054 0.507 0.409 
179 OmyJC19ROGR    (1)    2 :  0.575 0.034 0.190 0.201 
180 OmyJC19ROGR    (1)    2 :  0.083 0.820 0.048 0.049 
181 OmyJC19ROGR    (1)    2 :  0.118 0.067 0.420 0.395 
182 OmyJC19ROGR    (1)    2 :  0.110 0.214 0.353 0.323 
183 OmyJC19ROGR    (1)    2 :  0.153 0.049 0.350 0.448 
184 OmyJC19ROGR    (1)    2 :  0.124 0.582 0.198 0.096 
185 OmyJC19ROGR    (2)    2 :  0.112 0.023 0.275 0.591 
186 OmyJC19ROGR    (1)    2 :  0.564 0.135 0.103 0.198 
187 OmyJC19ROGR    (0)    2 :  0.073 0.032 0.114 0.780 
188 OmyJC19ROGR    (1)    2 :  0.164 0.100 0.255 0.482 
189 OmyJC19ROGR    (0)    2 :  0.391 0.215 0.163 0.232 
190 OmyJC19ROGR    (0)    2 :  0.665 0.071 0.153 0.112 
191 OmyJC19ROGR    (2)    2 :  0.674 0.052 0.081 0.193 
192 OmyJC19ROGR    (1)    2 :  0.041 0.042 0.802 0.115 
193 OmyJC19ROGR    (1)    2 :  0.173 0.177 0.308 0.342 
194 OmyJC19ROGR    (0)    2 :  0.049 0.025 0.857 0.070 
195 OmyJC19ROGR    (1)    2 :  0.035 0.819 0.083 0.064 
196 OmyJC19ROGR    (1)    2 :  0.040 0.043 0.078 0.839 
197 OmyJC19ROGR    (1)    2 :  0.511 0.087 0.190 0.212 
198 OmyJC19ROGR    (1)    2 :  0.062 0.781 0.101 0.056 
199 OmyJC19ROGR    (0)    2 :  0.107 0.044 0.322 0.527 
200 OmyJC19ROGR    (0)    2 :  0.703 0.072 0.086 0.139 
201 OmyJC19ROGR    (1)    2 :  0.101 0.039 0.454 0.406 
202 OmyJC19ROGR    (0)    2 :  0.829 0.020 0.090 0.062 
203 OmyJC19ROGR    (0)    2 :  0.186 0.058 0.278 0.478 
204 OmyJC19ROGR    (1)    2 :  0.237 0.074 0.397 0.292 
205 OmyJC19ROGR    (1)    2 :  0.141 0.135 0.132 0.592 
206 OmyJC19ROGR    (1)    2 :  0.047 0.841 0.056 0.056 
207 OmyJC19ROGR    (1)    2 :  0.121 0.293 0.233 0.353 
208 OmyJC19ROGR    (1)    2 :  0.101 0.060 0.521 0.319 
209 OmyJC19ROGR    (0)    2 :  0.203 0.585 0.084 0.128 
210 OmyJC19ROGR    (1)    2 :  0.022 0.906 0.028 0.044 
211 OmyJC19ROGR    (0)    2 :  0.135 0.208 0.316 0.341 
212 OmyJC19ROGR    (1)    2 :  0.432 0.271 0.188 0.109 
213 OmyJC19ROGR    (1)    2 :  0.145 0.043 0.087 0.726 
214 OmyJC19ROGR    (1)    2 :  0.095 0.073 0.274 0.559 
215 OmyJC19ROGR    (1)    2 :  0.090 0.040 0.783 0.087 
216 OmyJC19ROGR    (1)    2 :  0.035 0.839 0.045 0.081 
217 OmyJC19ROGR    (1)    2 :  0.121 0.410 0.250 0.219 
218 OmyJC19ROGR    (1)    2 :  0.630 0.045 0.094 0.231 
219 OmyJC19ROGR    (1)    2 :  0.051 0.152 0.516 0.281 
220 OmyJC19ROGR    (1)    2 :  0.208 0.024 0.458 0.310 
221 OmyJC19ROGR    (0)    2 :  0.089 0.294 0.076 0.540 
222 OmyJC19ROGR    (1)    2 :  0.352 0.055 0.342 0.251 
223 OmyJC19ROGR    (0)    2 :  0.131 0.092 0.269 0.508 
224 OmyJC19ROGR    (1)    2 :  0.090 0.030 0.609 0.271 
225 OmyJC19ROGR    (1)    2 :  0.024 0.914 0.033 0.029 
226 OmyJC19ROGR    (0)    2 :  0.061 0.259 0.329 0.351 
227 OmyJC19ROGR    (1)    2 :  0.052 0.891 0.025 0.032 
228 OmyJC19ROGR    (1)    2 :  0.054 0.064 0.394 0.488 
229 OmyJC19ROGR    (2)    2 :  0.223 0.046 0.130 0.601 
230 OmyJC19ROGR    (1)    2 :  0.265 0.263 0.136 0.336 
231 OmyJC19ROGR    (1)    2 :  0.068 0.093 0.274 0.564 
232 OmyJC19ROGR    (2)    2 :  0.232 0.061 0.175 0.533 
233 OmyJC19ROGR    (1)    2 :  0.122 0.142 0.408 0.329 
234 OmyJC19ROGR    (1)    2 :  0.036 0.909 0.028 0.028 
235 OmyJC19ROGR    (0)    2 :  0.118 0.557 0.247 0.078 
236 OmyJC19ROGR    (1)    2 :  0.321 0.040 0.466 0.173 
237 OmyJC19ROGR    (1)    2 :  0.215 0.126 0.419 0.240 
238 OmyJC19ROGR    (0)    2 :  0.074 0.166 0.468 0.292 
239 OmyJC19ROGR    (1)    2 :  0.071 0.118 0.732 0.079 
240 OmyJC19ROGR    (1)    2 :  0.115 0.066 0.146 0.673 
241 OmyJC19ROGR    (0)    2 :  0.587 0.129 0.173 0.111 
242 OmyJC19ROGR    (1)    2 :  0.231 0.028 0.662 0.079 
243 OmyJC19ROGR    (1)    2 :  0.484 0.070 0.188 0.258 
244 OmyJC19ROGR    (1)    2 :  0.408 0.091 0.160 0.341 
245 OmyJC19ROGR    (0)    2 :  0.023 0.933 0.023 0.021 
246 OmyJC19ROGR    (1)    2 :  0.592 0.209 0.101 0.098 
247 OmyJC19ROGR    (0)    2 :  0.170 0.542 0.115 0.174 
248 OmyJC19ROGR    (1)    2 :  0.139 0.601 0.096 0.164 
249 OmyJC19ROGR    (1)    2 :  0.072 0.091 0.193 0.644 
250 OmyJC19ROGR    (0)    2 :  0.212 0.171 0.318 0.299 
251 OmyJC19ROGR    (1)    2 :  0.129 0.089 0.195 0.587 
252 OmyJC19ROGR    (0)    2 :  0.832 0.040 0.044 0.084 
253 OmyJC19ROGR    (0)    2 :  0.089 0.097 0.470 0.344 
254 OmyJC19ROGR    (1)    2 :  0.538 0.082 0.186 0.194 
255 OmyJC19ROGR    (1)    2 :  0.611 0.045 0.058 0.287 
256 OmyJC19ROGR    (1)    2 :  0.367 0.349 0.102 0.182 
257 OmyJC19ROGR    (0)    2 :  0.089 0.109 0.121 0.681 
258 OmyAC19ROGR    (1)    1 :  0.202 0.280 0.200 0.319 
259 OmyAC19ROGR    (2)    1 :  0.106 0.541 0.249 0.104 
260 OmyAC19ROGR    (1)    1 :  0.134 0.040 0.683 0.143 
261 OmyAC19ROGR    (0)    1 :  0.068 0.088 0.363 0.481 
262 OmyAC19ROGR    (1)    1 :  0.235 0.160 0.306 0.299 
263 OmyAC19ROGR    (0)    1 :  0.578 0.053 0.168 0.201 
264 OmyAC19ROGR    (1)    1 :  0.121 0.098 0.320 0.461 
265 OmyAC19ROGR    (1)    1 :  0.165 0.073 0.437 0.325 
266 OmyAC19ROGR    (1)    1 :  0.059 0.027 0.123 0.790 
267 OmyAC19ROGR    (1)    1 :  0.184 0.218 0.272 0.325 
268 OmyAC19ROGR    (2)    1 :  0.514 0.178 0.114 0.194 
269 OmyAC19ROGR    (1)    1 :  0.115 0.256 0.305 0.325 
270 OmyAC19ROGR    (1)    1 :  0.590 0.048 0.069 0.293 
271 OmyAC19ROGR    (1)    1 :  0.111 0.452 0.232 0.205 
272 OmyAC19ROGR    (0)    1 :  0.055 0.256 0.311 0.379 
273 OmyAC19ROGR    (0)    1 :  0.248 0.061 0.405 0.286 
274 OmyAC19ROGR    (1)    1 :  0.048 0.782 0.065 0.106 
275 OmyAC19ROGR    (1)    1 :  0.305 0.187 0.316 0.192 
276 OmyAC19ROGR    (1)    1 :  0.085 0.080 0.659 0.176 
277 OmyAC19ROGR    (1)    1 :  0.073 0.123 0.358 0.445 
278 OmyAC19ROGR    (1)    1 :  0.077 0.361 0.302 0.260 
279 OmyAC19ROGR    (0)    1 :  0.051 0.224 0.583 0.141 
280 OmyAC19ROGR    (1)    1 :  0.366 0.156 0.111 0.366 
281 OmyAC19ROGR    (1)    1 :  0.093 0.079 0.384 0.443 
282 OmyAC19ROGR    (1)    1 :  0.213 0.258 0.183 0.347 
283 OmyAC19ROGR    (1)    1 :  0.103 0.080 0.509 0.309 
284 OmyAC19ROGR    (0)    1 :  0.249 0.044 0.250 0.458 
285 OmyAC19ROGR    (1)    1 :  0.371 0.066 0.399 0.164 
286 OmyAC19ROGR    (1)    1 :  0.209 0.033 0.467 0.290 
287 OmyAC19ROGR    (1)    1 :  0.015 0.954 0.016 0.014 
288 OmyAC19ROGR    (1)    1 :  0.051 0.786 0.096 0.068 
289 OmyAC19ROGR    (1)    1 :  0.072 0.160 0.523 0.245 
290 OmyAC19ROGR    (1)    1 :  0.032 0.928 0.018 0.022 
291 OmyAC19ROGR    (1)    1 :  0.245 0.470 0.109 0.176 
292 OmyAC19ROGR    (1)    1 :  0.093 0.290 0.273 0.344 
293 OmyAC19ROGR    (1)    1 :  0.698 0.043 0.129 0.130 
294 OmyAC19ROGR    (1)    1 :  0.065 0.255 0.426 0.254 
295 OmyAC19ROGR    (0)    1 :  0.238 0.036 0.401 0.325 
296 OmyAC19ROGR    (0)    1 :  0.142 0.050 0.635 0.174 
297 OmyAC19ROGR    (1)    1 :  0.036 0.797 0.076 0.091 
298 OmyAC19ROGR    (0)    1 :  0.067 0.040 0.573 0.319 
299 OmyAC19ROGR    (1)    1 :  0.368 0.279 0.256 0.097 
300 OmyAC19ROGR    (1)    1 :  0.127 0.055 0.405 0.414 
301 OmyAC19ROGR    (0)    1 :  0.029 0.885 0.034 0.052 
302 OmyAC19ROGR    (1)    1 :  0.064 0.485 0.285 0.165 
303 OmyAC19ROGR    (1)    1 :  0.077 0.191 0.421 0.311 
304 OmyAC19ROGR    (1)    1 :  0.121 0.205 0.549 0.125 
305 OmyAC19ROGR    (1)    1 :  0.158 0.045 0.505 0.293 
306 OmyAC19ROGR    (1)    1 :  0.029 0.675 0.082 0.214 
307 OmyAC19ROGR    (2)    1 :  0.277 0.040 0.278 0.405 
308 OmyAC19ROGR    (0)    1 :  0.081 0.157 0.396 0.366 
309 OmyAC19ROGR    (2)    1 :  0.024 0.910 0.032 0.035 
310 OmyAC19ROGR    (0)    1 :  0.108 0.488 0.209 0.195 
311 OmyAC19ROGR    (0)    1 :  0.070 0.549 0.299 0.082 
312 OmyAC19ROGR    (0)    1 :  0.641 0.052 0.154 0.153 
313 OmyAC19ROGR    (1)    1 :  0.172 0.028 0.422 0.379 
314 OmyAC19ROGR    (0)    1 :  0.686 0.060 0.143 0.111 
315 OmyAC19ROGR    (1)    1 :  0.137 0.093 0.200 0.570 
316 OmyAC19ROGR    (1)    1 :  0.100 0.052 0.420 0.428 
317 OmyAC19ROGR    (1)    1 :  0.468 0.074 0.272 0.186 
318 OmyAC19ROGR    (1)    1 :  0.565 0.043 0.148 0.244 
319 OmyAC19ROGR    (1)    1 :  0.212 0.031 0.468 0.289 
320 OmyAC19ROGR    (0)    1 :  0.137 0.023 0.489 0.351 
321 OmyAC19ROGR    (1)    1 :  0.106 0.046 0.438 0.410 
322 OmyAC19ROGR    (0)    1 :  0.090 0.377 0.241 0.293 
323 OmyAC19ROGR    (1)    1 :  0.040 0.043 0.589 0.328 
324 OmyAC19ROGR    (1)    1 :  0.206 0.040 0.144 0.611 
325 OmyAC19ROGR    (1)    1 :  0.074 0.470 0.116 0.340 
326 OmyAC19ROGR    (1)    1 :  0.070 0.084 0.294 0.551 
327 OmyAC19ROGR    (1)    1 :  0.190 0.055 0.387 0.369 
328 OmyJC18ROGR    (1)    2 :  0.619 0.063 0.163 0.156 
329 OmyJC18ROGR    (0)    2 :  0.092 0.099 0.213 0.596 
330 OmyJC18ROGR    (0)    2 :  0.037 0.083 0.188 0.691 
331 OmyJC18ROGR    (1)    2 :  0.093 0.660 0.141 0.107 
332 OmyJC18ROGR    (1)    2 :  0.079 0.752 0.099 0.070 
333 OmyJC18ROGR    (1)    2 :  0.036 0.842 0.061 0.061 
334 OmyJC18ROGR    (1)    2 :  0.247 0.244 0.147 0.362 
335 OmyJC18ROGR    (0)    2 :  0.562 0.038 0.170 0.231 
336 OmyJC18ROGR    (1)    2 :  0.034 0.887 0.043 0.036 
337 OmyJC18ROGR    (1)    2 :  0.063 0.052 0.513 0.372 
338 OmyJC18ROGR    (1)    2 :  0.026 0.875 0.061 0.038 
339 OmyJC18ROGR    (1)    2 :  0.073 0.079 0.292 0.557 
340 OmyJC18ROGR    (0)    2 :  0.536 0.177 0.148 0.139 
341 OmyJC18ROGR    (1)    2 :  0.321 0.024 0.498 0.156 
342 OmyJC18ROGR    (2)    2 :  0.129 0.443 0.242 0.186 
343 OmyJC18ROGR    (2)    2 :  0.335 0.371 0.135 0.160 
344 OmyJC18ROGR    (3)    2 :  0.174 0.505 0.214 0.108 
345 OmyJC18ROGR    (2)    2 :  0.121 0.686 0.084 0.109 
346 OmyJC18ROGR    (4)    2 :  0.036 0.041 0.123 0.799 
347 OmyJC18ROGR    (3)    2 :  0.062 0.079 0.627 0.232 
348 OmyJC18ROGR    (1)    2 :  0.099 0.236 0.201 0.464 
349 OmyJC18ROGR    (1)    2 :  0.076 0.044 0.662 0.218 
350 OmyJC18ROGR    (1)    2 :  0.049 0.064 0.645 0.242 
351 OmyJC18ROGR    (0)    2 :  0.038 0.733 0.157 0.072 
352 OmyJC18ROGR    (4)    2 :  0.110 0.470 0.204 0.216 
353 OmyJC18ROGR    (2)    2 :  0.222 0.247 0.131 0.399 
354 OmyJC18ROGR    (1)    2 :  0.085 0.109 0.193 0.614 
355 OmyJC18ROGR    (2)    2 :  0.111 0.052 0.148 0.690 
356 OmyJC18ROGR    (1)    2 :  0.498 0.057 0.229 0.216 
357 OmyJC18ROGR    (2)    2 :  0.234 0.672 0.047 0.048 
358 OmyJC18ROGR    (2)    2 :  0.457 0.025 0.270 0.248 
359 OmyJC18ROGR    (3)    2 :  0.132 0.122 0.520 0.226 
360 OmyJC18ROGR    (0)    2 :  0.480 0.070 0.141 0.308 
361 OmyJC18ROGR    (1)    2 :  0.088 0.025 0.275 0.612 
362 OmyJC18ROGR    (1)    2 :  0.103 0.257 0.287 0.352 
363 OmyJC18ROGR    (2)    2 :  0.295 0.289 0.203 0.213 
364 OmyJC18ROGR    (3)    2 :  0.080 0.027 0.738 0.154 
365 OmyJC18ROGR    (4)    2 :  0.055 0.054 0.360 0.532 
366 OmyJC18ROGR    (4)    2 :  0.447 0.055 0.296 0.202 
367 OmyJC18ROGR    (3)    2 :  0.042 0.808 0.075 0.075 
368 OmyJC18ROGR    (3)    2 :  0.093 0.427 0.281 0.199 
369 OmyJC18ROGR    (2)    2 :  0.388 0.102 0.110 0.400 
370 OmyJC18ROGR    (3)    2 :  0.116 0.084 0.255 0.545 
371 OmyJC18ROGR    (1)    2 :  0.213 0.054 0.291 0.443 
372 OmyJC18ROGR    (3)    2 :  0.186 0.124 0.520 0.169 
373 OmyJC18ROGR    (5)    2 :  0.603 0.126 0.128 0.143 
374 OmyJC18ROGR    (5)    2 :  0.801 0.029 0.099 0.071 
375 OmyJC18ROGR    (3)    2 :  0.075 0.148 0.298 0.479 
376 OmyJC18ROGR    (3)    2 :  0.027 0.891 0.039 0.043 
377 OmyJC18ROGR    (4)    2 :  0.487 0.250 0.108 0.155 
378 OmyJC18ROGR    (0)    2 :  0.226 0.106 0.492 0.176 
379 OmyJC18ROGR    (5)    2 :  0.197 0.148 0.403 0.253 
380 OmyJC18ROGR    (4)    2 :  0.282 0.192 0.133 0.394 
381 OmyJC18ROGR    (1)    2 :  0.173 0.073 0.482 0.272 
382 OmyJC18ROGR    (1)    2 :  0.221 0.056 0.432 0.291 
383 OmyJC18ROGR    (3)    2 :  0.104 0.486 0.128 0.282 
384 OmyJC18ROGR    (2)    2 :  0.038 0.255 0.576 0.131 
385 OmyJC18ROGR    (4)    2 :  0.039 0.064 0.255 0.642 
386 OmyJC18ROGR    (2)    2 :  0.053 0.381 0.398 0.168 
387 OmyJC18ROGR    (1)    2 :  0.345 0.331 0.218 0.107 
388 OmyJC18ROGR    (6)    2 :  0.449 0.097 0.184 0.270 
389 OmyJC18ROGR    (1)    2 :  0.083 0.193 0.365 0.359 
390 OmyJC18ROGR    (1)    2 :  0.123 0.095 0.486 0.296 
391 OmyJC18ROGR    (3)    2 :  0.064 0.851 0.042 0.042 
392 OmyJC18ROGR    (2)    2 :  0.320 0.052 0.225 0.403 
393 OmyJC18ROGR    (4)    2 :  0.760 0.103 0.048 0.090 
394 OmyJC18ROGR    (3)    2 :  0.037 0.767 0.096 0.101 
395 OmyJC18ROGR    (7)    2 :  0.517 0.256 0.084 0.143 
396 OmyJC18ROGR    (4)    2 :  0.245 0.556 0.111 0.088 
397 OmyJC18ROGR    (1)    2 :  0.178 0.072 0.415 0.335 
398 OmyJC18ROGR    (3)    2 :  0.202 0.233 0.148 0.418 
399 OmyJC18ROGR    (2)    2 :  0.313 0.387 0.114 0.187 
400 OmyJC18ROGR    (0)    2 :  0.132 0.080 0.362 0.426 
401 OmyJC18ROGR    (6)    2 :  0.720 0.087 0.070 0.123 
402 OmyJC18ROGR    (5)    2 :  0.507 0.253 0.075 0.165 
403 OmyJC18ROGR    (1)    2 :  0.313 0.193 0.185 0.309 
404 OmyJC18ROGR    (2)    2 :  0.054 0.162 0.390 0.394 
405 OmyJC18ROGR    (3)    2 :  0.124 0.055 0.508 0.312 
406 OmyJC18ROGR    (2)    2 :  0.057 0.053 0.387 0.503 
407 OmyJC18ROGR    (2)    2 :  0.332 0.149 0.403 0.115 
408 OmyJC18ROGR    (2)    2 :  0.373 0.151 0.311 0.165 
409 OmyJC18ROGR    (1)    2 :  0.363 0.048 0.195 0.394 
410 OmyJC18ROGR    (1)    2 :  0.089 0.040 0.342 0.530 
411 OmyJC18ROGR    (1)    2 :  0.134 0.058 0.139 0.669 
412 OmyJC18ROGR    (0)    2 :  0.069 0.026 0.734 0.170 
413 OmyJC18ROGR    (1)    2 :  0.049 0.054 0.194 0.703 
414 OmyJC18ROGR    (2)    2 :  0.065 0.039 0.568 0.328 
415 OmyJC18ROGR    (2)    2 :  0.214 0.026 0.075 0.685 
416 OmyJC18ROGR    (3)    2 :  0.088 0.100 0.301 0.512 
417 OmyJC18ROGR    (1)    2 :  0.464 0.080 0.222 0.234 
418 OmyJC18ROGR    (0)    2 :  0.796 0.050 0.048 0.106 
419 OmyJC18ROGR    (1)    2 :  0.434 0.040 0.160 0.365 
420 OmyJC18ROGR    (0)    2 :  0.040 0.047 0.105 0.808 
421 OmyJC18ROGR    (1)    2 :  0.098 0.079 0.513 0.311 
422 OmyJC18ROGR    (6)    2 :  0.173 0.077 0.185 0.565 
423 OmyJC18ROGR    (2)    2 :  0.134 0.081 0.146 0.639 
424 OmyJC18ROGR    (1)    2 :  0.284 0.262 0.153 0.301 
425 OmyJC18ROGR    (1)    2 :  0.086 0.326 0.193 0.395 
426 OmyJC18ROGR    (3)    2 :  0.217 0.047 0.275 0.461 
427 OmyJC18ROGR    (2)    2 :  0.034 0.626 0.237 0.103 
428 OmyJC18ROGR    (6)    2 :  0.047 0.027 0.169 0.757 
429 OmyJC18ROGR    (1)    2 :  0.037 0.224 0.318 0.420 
430 OmyJC18ROGR    (1)    2 :  0.245 0.190 0.206 0.360 
431 OmyJC18ROGR    (0)    2 :  0.076 0.079 0.245 0.600 
432 OmyJC18ROGR    (2)    2 :  0.069 0.806 0.063 0.062 
433 OmyJC18ROGR    (2)    2 :  0.697 0.105 0.094 0.104 
434 OmyJC18ROGR    (2)    2 :  0.104 0.171 0.237 0.488 
435 OmyJC18ROGR    (8)    2 :  0.170 0.109 0.392 0.329 
436 OmyJC18ROGR    (2)    2 :  0.179 0.051 0.199 0.571 
437 OmyJC18ROGR    (4)    2 :  0.235 0.050 0.203 0.512 
438 OmyJC18ROGR    (1)    2 :  0.780 0.086 0.036 0.097 
439 OmyJC18ROGR    (2)    2 :  0.114 0.548 0.180 0.158 
440 OmyJC18ROGR    (0)    2 :  0.754 0.148 0.035 0.063 
441 OmyJC18ROGR    (1)    2 :  0.056 0.036 0.809 0.098 
442 OmyJC18ROGR    (6)    2 :  0.245 0.176 0.385 0.194 
443 OmyJC18ROGR    (1)    2 :  0.053 0.029 0.713 0.205 
444 OmyJC18ROGR    (6)    2 :  0.416 0.057 0.145 0.381 
445 OmyJC18ROGR    (2)    2 :  0.305 0.101 0.138 0.456 
446 OmyJC18ROGR    (3)    2 :  0.378 0.325 0.156 0.141 
447 OmyJC18ROGR    (2)    2 :  0.135 0.131 0.445 0.289 
448 OmyJC18ROGR    (3)    2 :  0.102 0.096 0.527 0.275 
449 OmyJC18ROGR    (1)    2 :  0.105 0.045 0.633 0.216 
450 OmyJC18ROGR    (4)    2 :  0.258 0.239 0.092 0.411 
451 OmyJC18ROGR    (3)    2 :  0.138 0.066 0.479 0.317 
452 OmyJC18ROGR    (1)    2 :  0.050 0.103 0.499 0.348 
453 OmyJC18ROGR    (1)    2 :  0.041 0.036 0.550 0.374 
454 OmyJC18ROGR    (4)    2 :  0.478 0.079 0.298 0.145 
455 OmyJC18ROGR    (4)    2 :  0.208 0.473 0.205 0.114 
456 OmyJC18ROGR    (5)    2 :  0.115 0.175 0.154 0.556 
457 OmyJC18ROGR    (3)    2 :  0.561 0.043 0.133 0.264 
458 OmyJC18ROGR    (1)    2 :  0.242 0.081 0.377 0.300 
459 OmyJC18ROGR    (1)    2 :  0.030 0.874 0.045 0.051 
460 OmyJC18ROGR    (2)    2 :  0.074 0.058 0.481 0.387 
461 OmyJC18ROGR    (1)    2 :  0.106 0.773 0.057 0.063 
462 OmyJC18ROGR    (1)    2 :  0.394 0.025 0.288 0.293 
463 OmyJC18ROGR    (4)    2 :  0.097 0.082 0.626 0.195 
464 OmyJC18ROGR    (6)    2 :  0.296 0.039 0.222 0.443 
465 OmyJC18ROGR    (3)    2 :  0.584 0.051 0.126 0.238 
466 OmyJC18ROGR    (3)    2 :  0.309 0.110 0.302 0.279 
467 OmyJC18ROGR    (2)    2 :  0.116 0.124 0.265 0.495 
468 OmyJC18ROGR    (2)    2 :  0.124 0.027 0.320 0.530 
469 OmyJC18ROGR    (1)    2 :  0.031 0.903 0.027 0.038 
470 OmyJC18ROGR    (0)    2 :  0.497 0.291 0.148 0.063 
471 OmyJC18ROGR    (2)    2 :  0.124 0.135 0.149 0.592 
472 OmyJC18ROGR    (2)    2 :  0.038 0.013 0.202 0.747 
473 OmyJC18ROGR    (1)    2 :  0.123 0.124 0.309 0.444 
474 OmyJC18ROGR    (3)    2 :  0.097 0.081 0.148 0.673 
475 OmyJC18ROGR    (1)    2 :  0.472 0.130 0.241 0.157 
476 OmyJC18ROGR    (2)    2 :  0.124 0.061 0.415 0.400 
477 OmyJC18ROGR    (0)    2 :  0.364 0.123 0.155 0.357 
478 OmyJC18ROGR    (1)    2 :  0.107 0.115 0.510 0.268 
479 OmyJC18ROGR    (1)    2 :  0.263 0.079 0.162 0.496 
480 OmyJC18ROGR    (1)    2 :  0.091 0.134 0.378 0.397 
481 OmyJC18ROGR    (1)    2 :  0.111 0.063 0.498 0.329 
482 OmyJC18ROGR    (1)    2 :  0.551 0.053 0.157 0.239 
483 OmyJC18ROGR    (0)    2 :  0.234 0.048 0.425 0.294 
484 OmyJC18ROGR    (0)    2 :  0.072 0.098 0.724 0.105 
485 OmyJC18ROGR    (0)    2 :  0.522 0.046 0.194 0.238 
486 OmyJC18ROGR    (0)    2 :  0.214 0.060 0.291 0.434 
487 OmyJC18ROGR    (1)    2 :  0.758 0.048 0.090 0.104 
488 OmyJC18ROGR    (1)    2 :  0.443 0.111 0.183 0.263 
489 OmyJC18ROGR    (1)    2 :  0.064 0.066 0.634 0.236 
490 OmyJC18ROGR    (0)    2 :  0.050 0.031 0.504 0.415 
491 OmyJC18ROGR    (0)    2 :  0.615 0.085 0.199 0.102 
492 OmyJC18ROGR    (5)    2 :  0.095 0.788 0.045 0.072 
493 OmyJC18ROGR    (1)    2 :  0.298 0.304 0.154 0.244 
494 OmyJC18ROGR    (3)    2 :  0.203 0.054 0.267 0.477 
495 OmyJC18ROGR    (1)    2 :  0.301 0.138 0.174 0.387 
496 OmyJC18ROGR    (1)    2 :  0.043 0.159 0.170 0.627 
497 OmyJC18ROGR    (1)    2 :  0.288 0.028 0.163 0.521 
498 OmyJC18ROGR    (1)    2 :  0.354 0.099 0.389 0.158 
499 OmyJC18ROGR    (1)    2 :  0.276 0.062 0.375 0.287 
500 OmyJC18ROGR    (1)    2 :  0.054 0.126 0.315 0.505 
501 OmyJC18ROGR    (2)    2 :  0.558 0.042 0.109 0.291 
502 OmyJC18ROGR    (1)    2 :  0.536 0.261 0.112 0.091 
503 OmyJC18ROGR    (2)    2 :  0.280 0.150 0.382 0.188 
504 OmyJC18ROGR    (2)    2 :  0.537 0.101 0.130 0.232 
505 OmyJC18ROGR    (2)    2 :  0.143 0.114 0.337 0.406 
506 OmyJC18ROGR    (3)    2 :  0.131 0.076 0.118 0.674 
507 OmyJC18ROGR    (1)    2 :  0.059 0.137 0.151 0.653 
508 OmyJC18ROGR    (7)    2 :  0.144 0.050 0.149 0.657 
509 OmyJC18ROGR    (1)    2 :  0.363 0.225 0.156 0.255 
510 OmyJC18ROGR    (1)    2 :  0.021 0.930 0.028 0.021 
511 OmyJC18ROGR    (2)    2 :  0.576 0.175 0.124 0.126 
512 OmyJC18ROGR    (1)    2 :  0.596 0.041 0.158 0.205 
513 OmyJC18ROGR    (3)    2 :  0.062 0.043 0.256 0.640 
514 OmyJC18ROGR    (1)    2 :  0.848 0.043 0.052 0.057 
515 OmyJC18ROGR    (5)    2 :  0.113 0.049 0.267 0.571 
516 OmyJC18ROGR    (3)    2 :  0.501 0.340 0.060 0.099 
517 OmyJC18ROGR    (1)    2 :  0.461 0.028 0.352 0.160 
518 OmyJC18ROGR    (1)    2 :  0.213 0.535 0.168 0.083 
519 OmyJC18ROGR    (0)    2 :  0.345 0.125 0.102 0.427 
520 OmyJC18ROGR    (0)    2 :  0.204 0.057 0.623 0.116 
521 OmyJC18ROGR    (2)    2 :  0.174 0.130 0.181 0.515 
522 OmyJC18ROGR    (2)    2 :  0.124 0.389 0.140 0.347 
523 OmyJC18ROGR    (1)    2 :  0.432 0.337 0.118 0.112 
524 OmyJC18ROGR    (3)    2 :  0.154 0.184 0.228 0.433 
525 OmyJC18ROGR    (1)    2 :  0.332 0.075 0.357 0.236 
526 OmyJC18ROGR    (7)    2 :  0.083 0.032 0.433 0.452 
527 OmyJC18ROGR    (4)    2 :  0.095 0.128 0.395 0.383 
528 OmyJC18ROGR    (1)    2 :  0.259 0.031 0.508 0.202 
529 OmyJC18ROGR    (2)    2 :  0.086 0.047 0.451 0.415 
530 OmyJC18ROGR    (1)    2 :  0.483 0.102 0.121 0.294 
531 OmyJC18ROGR    (2)    2 :  0.113 0.049 0.634 0.203 
532 OmyJC18ROGR    (2)    2 :  0.174 0.030 0.197 0.599 
533 OmyJC18ROGR    (5)    2 :  0.045 0.891 0.040 0.025 
534 OmyJC18ROGR    (2)    2 :  0.200 0.135 0.263 0.401 
535 OmyJC18ROGR    (3)    2 :  0.464 0.086 0.277 0.173 
536 OmyJC18ROGR    (0)    2 :  0.085 0.159 0.244 0.513 
537 OmyJC18ROGR    (3)    2 :  0.135 0.293 0.374 0.198 
538 OmyJC18ROGR    (1)    2 :  0.196 0.054 0.239 0.511 
539 OmyJC18ROGR    (1)    2 :  0.393 0.085 0.219 0.303 
540 OmyJC18ROGR    (1)    2 :  0.147 0.067 0.412 0.373 
541 OmyJC18ROGR    (5)    2 :  0.378 0.020 0.422 0.180 
542 OmyJC18ROGR    (4)    2 :  0.128 0.143 0.435 0.294 
543 OmyJC18ROGR    (2)    2 :  0.421 0.027 0.207 0.345 
544 OmyJC18ROGR    (2)    2 :  0.349 0.073 0.092 0.486 
545 OmyJC18ROGR    (2)    2 :  0.234 0.369 0.242 0.156 
546 OmyJC18ROGR    (1)    2 :  0.371 0.061 0.277 0.291 
547 OmyJC18ROGR    (1)    2 :  0.373 0.089 0.220 0.317 
548 OmyJC18ROGR    (1)    2 :  0.053 0.757 0.087 0.103 
549 OmyJC18ROGR    (1)    2 :  0.223 0.321 0.355 0.100 
550 OmyJC18ROGR    (2)    2 :  0.110 0.314 0.336 0.241 
551 OmyJC18ROGR    (4)    2 :  0.082 0.174 0.539 0.206 
552 OmyJC18ROGR    (6)    2 :  0.027 0.048 0.573 0.352 
553 OmyJC18ROGR    (3)    2 :  0.847 0.037 0.042 0.074 
554 OmyJC18ROGR    (1)    2 :  0.579 0.031 0.159 0.231 
555 OmyJC18ROGR    (4)    2 :  0.489 0.048 0.268 0.194 
556 OmyJC18ROGR    (2)    2 :  0.255 0.100 0.299 0.346 
557 OmyJC18ROGR    (0)    2 :  0.186 0.051 0.330 0.434 
558 OmyJC18ROGR    (2)    2 :  0.433 0.082 0.211 0.274 
559 OmyJC18ROGR    (3)    2 :  0.107 0.327 0.423 0.144 
560 OmyJC18ROGR    (6)    2 :  0.552 0.045 0.298 0.105 
561 OmyJC18ROGR    (1)    2 :  0.044 0.226 0.430 0.299 
562 OmyJC18ROGR    (2)    2 :  0.599 0.078 0.114 0.210 
563 OmyJC18ROGR    (2)    2 :  0.296 0.342 0.272 0.089 
564 OmyJC18ROGR    (1)    2 :  0.155 0.409 0.141 0.296 
565 OmyJC18ROGR    (1)    2 :  0.050 0.074 0.222 0.654 
566 OmyJC18ROGR    (1)    2 :  0.134 0.035 0.192 0.640 
567 OmyJC18ROGR    (1)    2 :  0.053 0.055 0.701 0.191 
568 OmyJC18ROGR    (1)    2 :  0.107 0.033 0.720 0.140 
569 OmyJC18ROGR    (3)    2 :  0.156 0.060 0.433 0.352 
570 OmyJC18ROGR    (1)    2 :  0.330 0.313 0.147 0.210 
571 OmyJC18ROGR    (2)    2 :  0.118 0.581 0.118 0.182 
572 OmyJC18ROGR    (5)    2 :  0.585 0.188 0.077 0.149 
573 OmyJC18ROGR    (5)    2 :  0.171 0.200 0.572 0.056 
574 OmyJC18ROGR    (1)    2 :  0.053 0.192 0.667 0.089 
575 OmyJC18ROGR    (2)    2 :  0.341 0.041 0.361 0.257 
576 OmyJC18ROGR    (0)    2 :  0.706 0.028 0.188 0.077 
577 OmyJC18ROGR    (1)    2 :  0.101 0.333 0.370 0.197 
578 OmyJC18ROGR    (1)    2 :  0.029 0.032 0.877 0.062 
579 OmyJC18ROGR    (2)    2 :  0.421 0.093 0.255 0.231 
580 OmyJC18ROGR    (1)    2 :  0.394 0.023 0.238 0.344 
581 OmyJC18ROGR    (1)    2 :  0.601 0.166 0.102 0.131 
582 OmyJC18ROGR    (0)    2 :  0.056 0.092 0.155 0.696 
583 OmyJC18ROGR    (1)    2 :  0.338 0.085 0.433 0.143 
584 OmyJC18ROGR    (2)    2 :  0.244 0.335 0.361 0.060 
585 OmyJC18ROGR    (1)    2 :  0.032 0.272 0.535 0.161 
586 OmyJC18ROGR    (0)    2 :  0.103 0.617 0.185 0.095 
587 OmyJC18ROGR    (1)    2 :  0.225 0.042 0.172 0.560 
588 OmyJC18ROGR    (0)    2 :  0.129 0.504 0.266 0.101 
589 OmyJC18ROGR    (2)    2 :  0.821 0.043 0.056 0.080 
590 OmyJC18ROGR    (2)    2 :  0.247 0.193 0.097 0.462 
591 OmyJC18ROGR    (1)    2 :  0.165 0.431 0.268 0.136 
592 OmyJC18ROGR    (1)    2 :  0.304 0.066 0.245 0.385 
593 OmyJC18ROGR    (1)    2 :  0.066 0.307 0.276 0.352 
594 OmyJC18ROGR    (3)    2 :  0.132 0.051 0.273 0.544 
595 OmyJC18ROGR    (1)    2 :  0.117 0.110 0.690 0.083 
596 OmyJC18ROGR    (1)    2 :  0.098 0.113 0.219 0.569 
597 OmyJC18ROGR    (1)    2 :  0.075 0.119 0.424 0.382 
598 OmyJC18ROGR    (1)    2 :  0.091 0.596 0.175 0.138 
599 OmyJC18ROGR    (1)    2 :  0.490 0.116 0.257 0.137 
600 OmyJC18ROGR    (2)    2 :  0.507 0.064 0.211 0.219 
601 OmyJC18ROGR    (7)    2 :  0.746 0.021 0.157 0.077 
602 OmyJC18ROGR    (3)    2 :  0.062 0.103 0.119 0.716 
603 OmyJC18ROGR    (1)    2 :  0.402 0.057 0.252 0.289 
604 OmyJC18ROGR    (1)    2 :  0.245 0.070 0.480 0.205 
605 OmyJC18ROGR    (1)    2 :  0.555 0.050 0.206 0.189 
606 OmyJC18ROGR    (1)    2 :  0.055 0.436 0.354 0.155 
607 OmyJC18ROGR    (1)    2 :  0.224 0.068 0.250 0.458 
608 OmyJC18ROGR    (1)    2 :  0.422 0.066 0.213 0.298 
609 OmyJC18ROGR    (1)    2 :  0.816 0.064 0.070 0.051 
610 OmyJC18ROGR    (1)    2 :  0.344 0.229 0.147 0.280 
611 OmyJC18ROGR    (1)    2 :  0.268 0.068 0.172 0.493 
612 OmyJC18ROGR    (1)    2 :  0.107 0.165 0.439 0.289 
613 OmyJC18ROGR    (2)    2 :  0.149 0.595 0.116 0.141 
614 OmyJC18ROGR    (1)    2 :  0.585 0.297 0.045 0.073 
615 OmyJC18ROGR    (1)    2 :  0.100 0.051 0.326 0.524 
616 OmyJC18ROGR    (1)    2 :  0.073 0.048 0.188 0.691 
617 OmyJC18ROGR    (1)    2 :  0.322 0.037 0.148 0.493 
618 OmyJC18ROGR    (0)    2 :  0.049 0.171 0.432 0.348 
619 OmyJC18ROGR    (1)    2 :  0.062 0.117 0.651 0.169 
620 OmyJC18ROGR    (1)    2 :  0.152 0.317 0.253 0.277 
621 OmyJC18ROGR    (1)    2 :  0.355 0.224 0.185 0.236 
622 OmyJC18ROGR    (1)    2 :  0.247 0.020 0.137 0.595 
623 OmyJC18ROGR    (1)    2 :  0.072 0.331 0.477 0.120 
624 OmyJC18ROGR    (0)    2 :  0.240 0.109 0.495 0.156 
625 OmyJC18ROGR    (0)    2 :  0.039 0.042 0.791 0.129 
626 OmyJC18ROGR    (1)    2 :  0.104 0.028 0.117 0.752 
627 OmyJC18ROGR    (1)    2 :  0.079 0.036 0.331 0.554 
628 OmyJC18ROGR    (1)    2 :  0.064 0.534 0.234 0.168 
629 OmyJC18ROGR    (1)    2 :  0.018 0.907 0.036 0.040 
630 OmyJC18ROGR    (2)    2 :  0.039 0.089 0.801 0.071 
631 OmyJC18ROGR    (5)    2 :  0.436 0.322 0.177 0.065 
632 OmyJC18ROGR    (2)    2 :  0.156 0.087 0.319 0.438 
633 OmyJC18ROGR    (1)    2 :  0.038 0.354 0.325 0.283 
634 OmyJC18ROGR    (4)    2 :  0.374 0.029 0.415 0.182 
635 OmyJC18ROGR    (1)    2 :  0.027 0.024 0.846 0.103 
636 OmyJC18ROGR    (0)    2 :  0.117 0.083 0.588 0.212 
637 OmyJC18ROGR    (1)    2 :  0.849 0.040 0.064 0.047 
638 OmyJC18ROGR    (0)    2 :  0.045 0.142 0.649 0.164 
639 OmyJC18ROGR    (0)    2 :  0.536 0.069 0.252 0.142 
640 OmyJC18ROGR    (1)    2 :  0.134 0.151 0.141 0.574 
641 OmyJC18ROGR    (1)    2 :  0.266 0.137 0.309 0.288 
642 OmyJC18ROGR    (1)    2 :  0.147 0.428 0.194 0.231 
643 OmyJC18ROGR    (1)    2 :  0.043 0.022 0.784 0.151 
644 OmyJC18ROGR    (1)    2 :  0.058 0.035 0.597 0.311 
645 OmyJC18ROGR    (0)    2 :  0.108 0.248 0.480 0.163 
646 OmyAC19ROGR    (1)    3 :  0.169 0.083 0.217 0.531 
647 OmyJC18ROGR    (1)    2 :  0.119 0.111 0.619 0.151 
648 OmyAC19ROGR    (0)    3 :  0.156 0.027 0.239 0.577 
649 OmyAC19APPR    (1)    3 :  0.030 0.021 0.838 0.112 
650 OmyAC19APPR    (1)    3 :  0.047 0.082 0.733 0.138 
651 OmyJC18ROGR    (1)    2 :  0.226 0.049 0.584 0.141 
652 OmyAC19APPR    (0)    3 :  0.133 0.062 0.632 0.172 
653 OmyAC19CORH    (2)    4 :  0.533 0.054 0.281 0.132 
654 OmyJC18ROGR    (0)    2 :  0.083 0.033 0.763 0.122 
655 OmyAC19CORH    (1)    4 :  0.505 0.195 0.129 0.170 
656 OmyAC19CORH    (1)    4 :  0.776 0.052 0.080 0.092 
657 OmyAC19CORH    (1)    4 :  0.909 0.019 0.027 0.046 
658 OmyAC19CORH    (0)    4 :  0.876 0.057 0.034 0.033 
659 OmyAC19CORH    (0)    4 :  0.880 0.032 0.037 0.051 
660 OmyAC19ROGR    (3)    3 :  0.039 0.155 0.191 0.616 
661 OmyJC18ROGR    (1)    2 :  0.198 0.100 0.366 0.336 
662 OmyAC19ROGR    (1)    3 :  0.106 0.067 0.392 0.435 
663 OmyAC19ROGR    (1)    3 :  0.055 0.045 0.747 0.152 
664 OmyAC19APPR    (1)    3 :  0.105 0.083 0.087 0.725 
665 OmyAC19APPR    (1)    3 :  0.043 0.126 0.514 0.317 
666 OmyJC18ROGR    (0)    2 :  0.146 0.638 0.104 0.113 
667 OmyAC19APPR    (1)    3 :  0.036 0.046 0.834 0.084 
668 OmyAC19CORH    (1)    4 :  0.315 0.349 0.120 0.215 
669 OmyAC19CORH    (0)    4 :  0.876 0.029 0.060 0.035 
670 OmyAC19CORH    (1)    4 :  0.795 0.026 0.082 0.097 
671 OmyAC19CORH    (1)    4 :  0.592 0.066 0.270 0.072 
672 OmyAC19CORH    (1)    4 :  0.760 0.050 0.101 0.090 
673 OmyAC19CORH    (0)    4 :  0.526 0.051 0.162 0.262 
674 OmyAC19ROGR    (2)    3 :  0.141 0.043 0.493 0.323 
675 OmyAC19ROGR    (5)    3 :  0.145 0.079 0.306 0.470 
