

----------------------------------------------------
STRUCTURE by Pritchard, Stephens and Donnelly (2000)
     and Falush, Stephens and Pritchard (2003)
       Code by Pritchard, Falush and Hubisz
             Version 2.3.4 (Jul 2012)
----------------------------------------------------



Command line arguments:   bin/structure -m "/Users/ddayan/FRA/premature_migration/Rogue_Half-Pounder/rogue_half_pounder_repo/structure/halfpounder/10k_20k_adm_corr_rep2/mainparams" -e "/Users/ddayan/FRA/premature_migration/Rogue_Half-Pounder/rogue_half_pounder_repo/structure/halfpounder/10k_20k_adm_corr_rep2/extraparams" 
Input File:    /Users/ddayan/FRA/premature_migration/Rogue_Half-Pounder/rogue_half_pounder_repo/structure/halfpounder/project_data

Run parameters:
   882 individuals
   330 loci
   6 populations assumed
   10000 Burn-in period
   20000 Reps


--------------------------------------------
Proportion of membership of each pre-defined
 population in each of the 6 clusters

Given    Inferred Clusters                            Number of
 Pop       1      2      3      4      5      6      Individuals

  1:     0.173  0.195  0.165  0.159  0.146  0.161      157
  2:     0.176  0.163  0.171  0.167  0.152  0.171      643
  3:     0.043  0.168  0.248  0.234  0.065  0.243       40
  4:     0.040  0.088  0.056  0.093  0.657  0.065       42
--------------------------------------------

Allele-freq. divergence among pops (Net nucleotide distance),
computed using point estimates of P.

      1       2       3       4       5       6      
 1      -    0.0088  0.0090  0.0088  0.0120  0.0084  
 2   0.0088     -    0.0015  0.0016  0.0038  0.0012  
 3   0.0090  0.0015     -    0.0015  0.0044  0.0011  
 4   0.0088  0.0016  0.0015     -    0.0045  0.0009  
 5   0.0120  0.0038  0.0044  0.0045     -    0.0036  
 6   0.0084  0.0012  0.0011  0.0009  0.0036     -    

Average distances (expected heterozygosity) between individuals in same cluster:
cluster  1  : 0.2519 
cluster  2  : 0.2847 
cluster  3  : 0.2849 
cluster  4  : 0.2857 
cluster  5  : 0.2789 
cluster  6  : 0.2854 

--------------------------------------------
Estimated Ln Prob of Data   = -250105.6
Mean value of ln likelihood = -245866.2
Variance of ln likelihood   = 8478.8
Mean value of alpha         = 0.1654

Mean value of Fst_1         = 0.0777
Mean value of Fst_2         = 0.0152
Mean value of Fst_3         = 0.0148
Mean value of Fst_4         = 0.0162
Mean value of Fst_5         = 0.0309
Mean value of Fst_6         = 0.0124


Inferred ancestry of individuals:
        Label (%Miss) Pop:  Inferred clusters
  1 OmyAC19ROGR    (0)    1 :  0.014 0.166 0.240 0.095 0.235 0.250 
  2 OmyAC19ROGR    (1)    1 :  0.069 0.429 0.167 0.130 0.118 0.087 
  3 OmyAC19ROGR    (1)    1 :  0.045 0.208 0.499 0.036 0.092 0.120 
  4 OmyAC19ROGR    (1)    1 :  0.019 0.232 0.257 0.191 0.087 0.214 
  5 OmyAC19ROGR    (2)    1 :  0.935 0.012 0.013 0.016 0.010 0.015 
  6 OmyAC19ROGR    (1)    1 :  0.195 0.093 0.415 0.050 0.034 0.214 
  7 OmyAC19ROGR    (1)    1 :  0.195 0.064 0.173 0.361 0.118 0.089 
  8 OmyAC19ROGR    (0)    1 :  0.012 0.573 0.048 0.066 0.058 0.243 
  9 OmyAC19ROGR    (1)    1 :  0.174 0.135 0.390 0.048 0.126 0.126 
 10 OmyAC19ROGR    (1)    1 :  0.492 0.119 0.064 0.170 0.101 0.054 
 11 OmyAC19ROGR    (0)    1 :  0.089 0.086 0.234 0.079 0.099 0.413 
 12 OmyAC19ROGR    (0)    1 :  0.098 0.082 0.578 0.082 0.047 0.113 
 13 OmyAC19ROGR    (1)    1 :  0.024 0.315 0.056 0.245 0.127 0.233 
 14 OmyAC19ROGR    (1)    1 :  0.403 0.043 0.113 0.279 0.019 0.143 
 15 OmyAC19ROGR    (2)    1 :  0.407 0.041 0.090 0.241 0.035 0.186 
 16 OmyAC19ROGR    (1)    1 :  0.086 0.123 0.113 0.110 0.083 0.484 
 17 OmyAC19ROGR    (1)    1 :  0.071 0.560 0.127 0.106 0.013 0.123 
 18 OmyAC19ROGR    (2)    1 :  0.022 0.365 0.065 0.159 0.182 0.208 
 19 OmyAC19ROGR    (1)    1 :  0.040 0.283 0.039 0.368 0.069 0.201 
 20 OmyAC19ROGR    (1)    1 :  0.202 0.079 0.186 0.388 0.017 0.127 
 21 OmyAC19ROGR    (1)    1 :  0.147 0.454 0.085 0.133 0.055 0.125 
 22 OmyAC19ROGR    (1)    1 :  0.053 0.136 0.173 0.126 0.247 0.266 
 23 OmyAC19ROGR    (1)    1 :  0.133 0.372 0.170 0.050 0.066 0.209 
 24 OmyAC19ROGR    (1)    1 :  0.013 0.034 0.053 0.021 0.832 0.046 
 25 OmyAC19ROGR    (1)    1 :  0.165 0.196 0.108 0.287 0.055 0.191 
 26 OmyAC19ROGR    (1)    1 :  0.103 0.300 0.145 0.083 0.281 0.088 
 27 OmyAC19ROGR    (1)    1 :  0.042 0.089 0.146 0.303 0.038 0.383 
 28 OmyAC19ROGR    (1)    1 :  0.026 0.029 0.036 0.025 0.852 0.032 
 29 OmyAC19ROGR    (1)    1 :  0.040 0.266 0.166 0.128 0.082 0.318 
 30 OmyAC19ROGR    (1)    1 :  0.602 0.131 0.065 0.075 0.051 0.076 
 31 OmyAC19ROGR    (1)    1 :  0.027 0.390 0.155 0.091 0.088 0.249 
 32 OmyAC19ROGR    (1)    1 :  0.079 0.504 0.040 0.090 0.122 0.164 
 33 OmyAC19ROGR    (1)    1 :  0.121 0.160 0.189 0.082 0.273 0.175 
 34 OmyAC19ROGR    (1)    1 :  0.530 0.085 0.077 0.136 0.031 0.141 
 35 OmyAC19ROGR    (0)    1 :  0.076 0.493 0.078 0.119 0.130 0.104 
 36 OmyAC19ROGR    (1)    1 :  0.142 0.339 0.202 0.065 0.061 0.192 
 37 OmyAC19ROGR    (1)    1 :  0.089 0.069 0.090 0.139 0.501 0.112 
 38 OmyAC19ROGR    (1)    1 :  0.470 0.080 0.030 0.035 0.325 0.060 
 39 OmyAC19ROGR    (1)    1 :  0.090 0.643 0.064 0.130 0.026 0.046 
 40 OmyAC19ROGR    (0)    1 :  0.234 0.066 0.339 0.264 0.027 0.069 
 41 OmyAC19ROGR    (1)    1 :  0.029 0.088 0.229 0.415 0.072 0.167 
 42 OmyAC19ROGR    (1)    1 :  0.779 0.076 0.050 0.034 0.016 0.045 
 43 OmyAC19ROGR    (1)    1 :  0.037 0.294 0.384 0.084 0.109 0.092 
 44 OmyAC19ROGR    (7)    1 :  0.033 0.459 0.277 0.042 0.062 0.126 
 45 OmyAC19ROGR    (2)    1 :  0.295 0.100 0.149 0.052 0.255 0.149 
 46 OmyAC19ROGR    (1)    1 :  0.050 0.145 0.098 0.183 0.374 0.149 
 47 OmyAC19ROGR    (0)    1 :  0.058 0.040 0.074 0.039 0.725 0.063 
 48 OmyAC19ROGR    (1)    1 :  0.035 0.225 0.412 0.103 0.101 0.124 
 49 OmyAC19ROGR    (0)    1 :  0.032 0.127 0.237 0.210 0.240 0.154 
 50 OmyAC19ROGR    (1)    1 :  0.022 0.185 0.122 0.537 0.018 0.116 
 51 OmyAC19ROGR    (2)    1 :  0.694 0.056 0.081 0.043 0.054 0.072 
 52 OmyAC19ROGR    (1)    1 :  0.829 0.042 0.035 0.026 0.038 0.030 
 53 OmyAC19ROGR    (2)    1 :  0.024 0.104 0.150 0.050 0.566 0.105 
 54 OmyAC19ROGR    (1)    1 :  0.057 0.071 0.167 0.108 0.520 0.077 
 55 OmyAC19ROGR    (3)    1 :  0.072 0.478 0.094 0.139 0.048 0.169 
 56 OmyAC19ROGR    (1)    1 :  0.056 0.123 0.061 0.193 0.364 0.203 
 57 OmyAC19ROGR    (0)    1 :  0.019 0.196 0.049 0.054 0.565 0.116 
 58 OmyAC19ROGR    (1)    1 :  0.672 0.065 0.066 0.047 0.031 0.118 
 59 OmyAC19ROGR    (0)    1 :  0.023 0.097 0.109 0.143 0.472 0.155 
 60 OmyAC19ROGR    (2)    1 :  0.098 0.100 0.148 0.106 0.051 0.497 
 61 OmyAC19ROGR    (1)    1 :  0.046 0.105 0.115 0.234 0.369 0.131 
 62 OmyAC19ROGR    (1)    1 :  0.033 0.233 0.439 0.100 0.057 0.138 
 63 OmyAC19ROGR    (0)    1 :  0.187 0.075 0.162 0.085 0.360 0.131 
 64 OmyAC19ROGR    (3)    1 :  0.050 0.149 0.327 0.186 0.075 0.214 
 65 OmyAC19ROGR    (1)    1 :  0.049 0.296 0.055 0.132 0.075 0.392 
 66 OmyAC19ROGR    (4)    1 :  0.229 0.142 0.064 0.468 0.028 0.069 
 67 OmyAC19ROGR    (0)    1 :  0.030 0.062 0.066 0.306 0.222 0.314 
 68 OmyAC19ROGR    (2)    1 :  0.044 0.147 0.204 0.088 0.434 0.084 
 69 OmyAC19ROGR    (2)    1 :  0.193 0.131 0.038 0.063 0.490 0.087 
 70 OmyAC19ROGR    (1)    1 :  0.026 0.501 0.221 0.087 0.104 0.060 
 71 OmyAC19ROGR    (0)    1 :  0.028 0.378 0.105 0.128 0.076 0.286 
 72 OmyAC19ROGR    (5)    1 :  0.018 0.104 0.385 0.089 0.110 0.294 
 73 OmyAC19ROGR    (1)    1 :  0.200 0.418 0.064 0.046 0.187 0.084 
 74 OmyAC19ROGR    (1)    1 :  0.028 0.053 0.685 0.151 0.027 0.056 
 75 OmyAC19ROGR    (1)    1 :  0.105 0.242 0.072 0.133 0.277 0.171 
 76 OmyAC19ROGR    (1)    1 :  0.042 0.150 0.114 0.071 0.571 0.052 
 77 OmyAC19ROGR    (1)    1 :  0.896 0.020 0.025 0.024 0.013 0.022 
 78 OmyAC19ROGR    (1)    1 :  0.035 0.434 0.187 0.090 0.104 0.150 
 79 OmyAC19ROGR    (2)    1 :  0.037 0.596 0.051 0.093 0.058 0.165 
 80 OmyAC19ROGR    (2)    1 :  0.721 0.039 0.064 0.068 0.068 0.041 
 81 OmyAC19ROGR    (2)    1 :  0.383 0.081 0.205 0.121 0.081 0.129 
 82 OmyAC19ROGR    (1)    1 :  0.014 0.124 0.177 0.046 0.509 0.131 
 83 OmyAC19ROGR    (0)    1 :  0.039 0.365 0.091 0.224 0.168 0.112 
 84 OmyAC19ROGR    (1)    1 :  0.160 0.150 0.214 0.229 0.052 0.196 
 85 OmyAC19ROGR    (6)    1 :  0.022 0.534 0.042 0.082 0.089 0.231 
 86 OmyAC19ROGR    (1)    1 :  0.058 0.065 0.229 0.513 0.018 0.116 
 87 OmyAC19ROGR    (2)    1 :  0.031 0.091 0.341 0.174 0.223 0.140 
 88 OmyJC19ROGR    (0)    2 :  0.826 0.066 0.024 0.042 0.014 0.028 
 89 OmyJC19ROGR    (1)    2 :  0.045 0.244 0.084 0.511 0.053 0.063 
 90 OmyJC19ROGR    (1)    2 :  0.872 0.039 0.021 0.018 0.020 0.029 
 91 OmyJC19ROGR    (2)    2 :  0.015 0.094 0.216 0.244 0.299 0.132 
 92 OmyJC19ROGR    (1)    2 :  0.038 0.246 0.066 0.102 0.455 0.093 
 93 OmyJC19ROGR    (1)    2 :  0.015 0.088 0.031 0.027 0.744 0.094 
 94 OmyJC19ROGR    (1)    2 :  0.139 0.363 0.149 0.106 0.029 0.214 
 95 OmyJC19ROGR    (0)    2 :  0.184 0.360 0.242 0.111 0.027 0.077 
 96 OmyJC19ROGR    (2)    2 :  0.066 0.160 0.104 0.146 0.067 0.456 
 97 OmyJC19ROGR    (1)    2 :  0.124 0.053 0.026 0.025 0.732 0.040 
 98 OmyJC19ROGR    (0)    2 :  0.030 0.172 0.102 0.114 0.079 0.503 
 99 OmyJC19ROGR    (0)    2 :  0.069 0.079 0.048 0.110 0.313 0.380 
100 OmyJC19ROGR    (1)    2 :  0.029 0.652 0.093 0.045 0.045 0.137 
101 OmyJC19ROGR    (1)    2 :  0.462 0.162 0.083 0.079 0.121 0.093 
102 OmyJC19ROGR    (1)    2 :  0.047 0.152 0.102 0.377 0.034 0.288 
103 OmyJC19ROGR    (2)    2 :  0.159 0.270 0.140 0.185 0.121 0.125 
104 OmyJC19ROGR    (1)    2 :  0.031 0.212 0.117 0.080 0.421 0.138 
105 OmyJC19ROGR    (1)    2 :  0.179 0.028 0.133 0.051 0.511 0.098 
106 OmyJC19ROGR    (1)    2 :  0.900 0.016 0.020 0.015 0.031 0.018 
107 OmyJC19ROGR    (2)    2 :  0.064 0.047 0.060 0.192 0.068 0.570 
108 OmyJC19ROGR    (0)    2 :  0.037 0.148 0.132 0.147 0.168 0.367 
109 OmyJC19ROGR    (1)    2 :  0.171 0.125 0.134 0.166 0.025 0.378 
110 OmyJC19ROGR    (1)    2 :  0.155 0.126 0.121 0.068 0.420 0.110 
111 OmyJC19ROGR    (1)    2 :  0.053 0.120 0.094 0.088 0.338 0.307 
112 OmyJC19ROGR    (2)    2 :  0.075 0.180 0.219 0.105 0.042 0.380 
113 OmyJC19ROGR    (1)    2 :  0.477 0.151 0.078 0.181 0.039 0.075 
114 OmyJC19ROGR    (3)    2 :  0.033 0.562 0.107 0.135 0.044 0.119 
115 OmyJC19ROGR    (2)    2 :  0.046 0.040 0.556 0.024 0.282 0.051 
116 OmyJC19ROGR    (0)    2 :  0.073 0.439 0.188 0.108 0.057 0.135 
117 OmyJC19ROGR    (1)    2 :  0.168 0.317 0.100 0.105 0.041 0.268 
118 OmyJC19ROGR    (1)    2 :  0.026 0.420 0.074 0.294 0.133 0.052 
119 OmyJC19ROGR    (3)    2 :  0.042 0.158 0.100 0.380 0.041 0.279 
120 OmyJC19ROGR    (1)    2 :  0.014 0.040 0.040 0.034 0.819 0.055 
121 OmyJC19ROGR    (0)    2 :  0.039 0.277 0.217 0.279 0.027 0.160 
122 OmyJC19ROGR    (1)    2 :  0.048 0.250 0.198 0.235 0.160 0.109 
123 OmyJC19ROGR    (1)    2 :  0.019 0.206 0.132 0.175 0.196 0.273 
124 OmyJC19ROGR    (0)    2 :  0.100 0.107 0.555 0.073 0.033 0.132 
125 OmyJC19ROGR    (1)    2 :  0.084 0.162 0.156 0.045 0.475 0.079 
126 OmyJC19ROGR    (1)    2 :  0.614 0.102 0.096 0.050 0.042 0.096 
127 OmyJC19ROGR    (1)    2 :  0.057 0.041 0.050 0.566 0.044 0.243 
128 OmyJC19ROGR    (1)    2 :  0.028 0.115 0.034 0.094 0.587 0.141 
129 OmyJC19ROGR    (1)    2 :  0.152 0.461 0.072 0.080 0.068 0.167 
130 OmyJC19ROGR    (1)    2 :  0.050 0.108 0.640 0.114 0.030 0.058 
131 OmyJC19ROGR    (1)    2 :  0.049 0.483 0.127 0.055 0.097 0.189 
132 OmyJC19ROGR    (1)    2 :  0.038 0.094 0.139 0.132 0.467 0.130 
133 OmyJC19ROGR    (1)    2 :  0.021 0.526 0.122 0.080 0.051 0.200 
134 OmyJC19ROGR    (1)    2 :  0.041 0.059 0.074 0.595 0.045 0.186 
135 OmyJC19ROGR    (1)    2 :  0.016 0.021 0.027 0.016 0.872 0.048 
136 OmyJC19ROGR    (3)    2 :  0.031 0.299 0.153 0.297 0.097 0.123 
137 OmyJC19ROGR    (1)    2 :  0.198 0.047 0.323 0.276 0.046 0.111 
138 OmyJC19ROGR    (1)    2 :  0.632 0.159 0.082 0.041 0.018 0.068 
139 OmyJC19ROGR    (2)    2 :  0.017 0.525 0.181 0.101 0.039 0.137 
140 OmyJC19ROGR    (3)    2 :  0.084 0.415 0.105 0.170 0.042 0.183 
141 OmyJC19ROGR    (0)    2 :  0.328 0.321 0.075 0.112 0.074 0.091 
142 OmyJC19ROGR    (1)    2 :  0.280 0.119 0.120 0.142 0.172 0.167 
143 OmyJC19ROGR    (0)    2 :  0.059 0.119 0.116 0.036 0.613 0.056 
144 OmyJC19ROGR    (1)    2 :  0.008 0.562 0.165 0.035 0.031 0.199 
145 OmyJC19ROGR    (1)    2 :  0.020 0.059 0.472 0.061 0.025 0.364 
146 OmyJC19ROGR    (2)    2 :  0.048 0.185 0.099 0.111 0.491 0.066 
147 OmyJC19ROGR    (1)    2 :  0.038 0.076 0.108 0.286 0.096 0.395 
148 OmyJC19ROGR    (1)    2 :  0.012 0.080 0.146 0.127 0.128 0.508 
149 OmyJC19ROGR    (2)    2 :  0.056 0.128 0.071 0.277 0.278 0.191 
150 OmyJC19ROGR    (2)    2 :  0.048 0.147 0.067 0.242 0.385 0.111 
151 OmyJC19ROGR    (1)    2 :  0.069 0.512 0.058 0.144 0.095 0.122 
152 OmyJC19ROGR    (0)    2 :  0.047 0.068 0.410 0.169 0.094 0.213 
153 OmyJC19ROGR    (1)    2 :  0.032 0.022 0.026 0.041 0.827 0.052 
154 OmyJC19ROGR    (2)    2 :  0.041 0.070 0.236 0.428 0.029 0.196 
155 OmyJC19ROGR    (1)    2 :  0.072 0.143 0.278 0.204 0.183 0.121 
156 OmyJC19ROGR    (1)    2 :  0.097 0.088 0.249 0.329 0.107 0.129 
157 OmyJC19ROGR    (0)    2 :  0.064 0.221 0.299 0.073 0.182 0.161 
158 OmyJC19ROGR    (2)    2 :  0.021 0.247 0.099 0.297 0.096 0.241 
159 OmyJC19ROGR    (1)    2 :  0.033 0.141 0.237 0.270 0.029 0.290 
160 OmyJC19ROGR    (0)    2 :  0.047 0.068 0.148 0.374 0.184 0.180 
161 OmyJC19ROGR    (1)    2 :  0.036 0.135 0.188 0.134 0.332 0.174 
162 OmyJC19ROGR    (1)    2 :  0.054 0.113 0.170 0.244 0.187 0.231 
163 OmyJC19ROGR    (1)    2 :  0.044 0.048 0.104 0.140 0.500 0.165 
164 OmyJC19ROGR    (1)    2 :  0.022 0.240 0.153 0.190 0.052 0.343 
165 OmyJC19ROGR    (0)    2 :  0.016 0.142 0.204 0.068 0.122 0.449 
166 OmyJC19ROGR    (0)    2 :  0.039 0.092 0.540 0.208 0.038 0.084 
167 OmyJC19ROGR    (2)    2 :  0.085 0.104 0.172 0.205 0.264 0.170 
168 OmyJC19ROGR    (0)    2 :  0.050 0.631 0.058 0.096 0.047 0.118 
169 OmyJC19ROGR    (1)    2 :  0.902 0.015 0.022 0.025 0.010 0.026 
170 OmyJC19ROGR    (1)    2 :  0.046 0.065 0.103 0.046 0.543 0.197 
171 OmyJC19ROGR    (1)    2 :  0.021 0.265 0.180 0.120 0.093 0.320 
172 OmyJC19ROGR    (0)    2 :  0.322 0.115 0.058 0.094 0.233 0.179 
173 OmyJC19ROGR    (1)    2 :  0.873 0.026 0.027 0.023 0.020 0.032 
174 OmyJC19ROGR    (0)    2 :  0.025 0.149 0.505 0.080 0.078 0.163 
175 OmyJC19ROGR    (1)    2 :  0.025 0.540 0.141 0.124 0.063 0.107 
176 OmyJC19ROGR    (1)    2 :  0.030 0.141 0.025 0.241 0.395 0.168 
177 OmyJC19ROGR    (1)    2 :  0.011 0.030 0.077 0.031 0.768 0.083 
178 OmyJC19ROGR    (0)    2 :  0.043 0.076 0.279 0.270 0.023 0.309 
179 OmyJC19ROGR    (1)    2 :  0.020 0.157 0.128 0.135 0.370 0.190 
180 OmyJC19ROGR    (1)    2 :  0.773 0.063 0.038 0.046 0.043 0.037 
181 OmyJC19ROGR    (1)    2 :  0.035 0.154 0.314 0.268 0.046 0.182 
182 OmyJC19ROGR    (1)    2 :  0.106 0.496 0.074 0.098 0.045 0.182 
183 OmyJC19ROGR    (1)    2 :  0.027 0.249 0.184 0.170 0.063 0.307 
184 OmyJC19ROGR    (1)    2 :  0.485 0.187 0.026 0.100 0.081 0.122 
185 OmyJC19ROGR    (2)    2 :  0.008 0.826 0.050 0.058 0.027 0.031 
186 OmyJC19ROGR    (1)    2 :  0.086 0.362 0.059 0.045 0.359 0.089 
187 OmyJC19ROGR    (0)    2 :  0.014 0.052 0.760 0.058 0.042 0.073 
188 OmyJC19ROGR    (1)    2 :  0.041 0.487 0.143 0.044 0.068 0.218 
189 OmyJC19ROGR    (0)    2 :  0.115 0.398 0.058 0.114 0.168 0.147 
190 OmyJC19ROGR    (0)    2 :  0.036 0.060 0.054 0.124 0.509 0.216 
191 OmyJC19ROGR    (2)    2 :  0.041 0.085 0.226 0.045 0.497 0.105 
192 OmyJC19ROGR    (1)    2 :  0.028 0.037 0.039 0.626 0.019 0.250 
193 OmyJC19ROGR    (1)    2 :  0.091 0.160 0.169 0.308 0.085 0.187 
194 OmyJC19ROGR    (0)    2 :  0.013 0.042 0.038 0.575 0.040 0.293 
195 OmyJC19ROGR    (1)    2 :  0.774 0.059 0.052 0.057 0.015 0.042 
196 OmyJC19ROGR    (1)    2 :  0.023 0.075 0.777 0.039 0.019 0.067 
197 OmyJC19ROGR    (1)    2 :  0.046 0.134 0.175 0.174 0.365 0.105 
198 OmyJC19ROGR    (1)    2 :  0.724 0.051 0.028 0.077 0.039 0.082 
199 OmyJC19ROGR    (0)    2 :  0.023 0.552 0.124 0.089 0.048 0.164 
200 OmyJC19ROGR    (0)    2 :  0.051 0.088 0.109 0.070 0.645 0.037 
201 OmyJC19ROGR    (1)    2 :  0.021 0.066 0.300 0.249 0.057 0.307 
202 OmyJC19ROGR    (0)    2 :  0.012 0.038 0.046 0.078 0.784 0.042 
203 OmyJC19ROGR    (0)    2 :  0.029 0.137 0.287 0.153 0.082 0.313 
204 OmyJC19ROGR    (1)    2 :  0.040 0.103 0.223 0.149 0.108 0.377 
205 OmyJC19ROGR    (1)    2 :  0.071 0.122 0.457 0.050 0.083 0.217 
206 OmyJC19ROGR    (1)    2 :  0.794 0.059 0.027 0.031 0.036 0.051 
207 OmyJC19ROGR    (1)    2 :  0.162 0.078 0.350 0.113 0.053 0.243 
208 OmyJC19ROGR    (1)    2 :  0.029 0.240 0.180 0.166 0.047 0.337 
209 OmyJC19ROGR    (0)    2 :  0.482 0.206 0.055 0.043 0.130 0.084 
210 OmyJC19ROGR    (1)    2 :  0.890 0.025 0.032 0.020 0.015 0.019 
211 OmyJC19ROGR    (0)    2 :  0.121 0.269 0.108 0.292 0.048 0.162 
212 OmyJC19ROGR    (1)    2 :  0.196 0.043 0.119 0.161 0.265 0.216 
213 OmyJC19ROGR    (1)    2 :  0.020 0.236 0.468 0.058 0.047 0.171 
214 OmyJC19ROGR    (1)    2 :  0.042 0.036 0.543 0.077 0.035 0.266 
215 OmyJC19ROGR    (1)    2 :  0.021 0.091 0.049 0.722 0.050 0.067 
216 OmyJC19ROGR    (1)    2 :  0.800 0.060 0.058 0.025 0.020 0.037 
217 OmyJC19ROGR    (1)    2 :  0.350 0.050 0.110 0.212 0.069 0.209 
218 OmyJC19ROGR    (1)    2 :  0.026 0.071 0.286 0.045 0.415 0.156 
219 OmyJC19ROGR    (1)    2 :  0.089 0.090 0.196 0.509 0.024 0.092 
220 OmyJC19ROGR    (1)    2 :  0.012 0.183 0.112 0.277 0.085 0.331 
221 OmyJC19ROGR    (0)    2 :  0.219 0.070 0.500 0.037 0.037 0.138 
222 OmyJC19ROGR    (1)    2 :  0.028 0.153 0.234 0.260 0.153 0.171 
223 OmyJC19ROGR    (0)    2 :  0.053 0.096 0.409 0.203 0.058 0.181 
224 OmyJC19ROGR    (1)    2 :  0.023 0.150 0.149 0.372 0.075 0.231 
225 OmyJC19ROGR    (1)    2 :  0.899 0.018 0.024 0.021 0.018 0.018 
226 OmyJC19ROGR    (0)    2 :  0.138 0.479 0.150 0.125 0.027 0.081 
227 OmyJC19ROGR    (1)    2 :  0.864 0.017 0.041 0.014 0.036 0.028 
228 OmyJC19ROGR    (1)    2 :  0.045 0.081 0.508 0.185 0.031 0.150 
229 OmyJC19ROGR    (2)    2 :  0.024 0.431 0.133 0.030 0.089 0.294 
230 OmyJC19ROGR    (1)    2 :  0.146 0.123 0.169 0.037 0.106 0.420 
231 OmyJC19ROGR    (1)    2 :  0.046 0.169 0.432 0.181 0.032 0.139 
232 OmyJC19ROGR    (2)    2 :  0.036 0.376 0.199 0.101 0.147 0.141 
233 OmyJC19ROGR    (1)    2 :  0.074 0.128 0.146 0.117 0.058 0.476 
234 OmyJC19ROGR    (1)    2 :  0.876 0.027 0.020 0.027 0.026 0.024 
235 OmyJC19ROGR    (0)    2 :  0.463 0.066 0.033 0.205 0.063 0.170 
236 OmyJC19ROGR    (1)    2 :  0.019 0.052 0.118 0.186 0.169 0.455 
237 OmyJC19ROGR    (1)    2 :  0.084 0.120 0.156 0.364 0.133 0.142 
238 OmyJC19ROGR    (0)    2 :  0.078 0.028 0.150 0.231 0.024 0.488 
239 OmyJC19ROGR    (1)    2 :  0.054 0.120 0.033 0.673 0.029 0.092 
240 OmyJC19ROGR    (1)    2 :  0.033 0.463 0.226 0.146 0.048 0.084 
241 OmyJC19ROGR    (0)    2 :  0.074 0.227 0.057 0.158 0.400 0.084 
242 OmyJC19ROGR    (1)    2 :  0.016 0.066 0.026 0.624 0.099 0.169 
243 OmyJC19ROGR    (1)    2 :  0.036 0.125 0.200 0.123 0.278 0.238 
244 OmyJC19ROGR    (1)    2 :  0.045 0.125 0.366 0.067 0.205 0.193 
245 OmyJC19ROGR    (0)    2 :  0.917 0.022 0.012 0.019 0.016 0.014 
246 OmyJC19ROGR    (1)    2 :  0.148 0.046 0.080 0.078 0.555 0.093 
247 OmyJC19ROGR    (0)    2 :  0.476 0.093 0.102 0.060 0.090 0.180 
248 OmyJC19ROGR    (1)    2 :  0.436 0.350 0.054 0.062 0.038 0.060 
249 OmyJC19ROGR    (1)    2 :  0.038 0.210 0.479 0.092 0.040 0.140 
250 OmyJC19ROGR    (0)    2 :  0.091 0.329 0.141 0.126 0.066 0.248 
251 OmyJC19ROGR    (1)    2 :  0.048 0.131 0.398 0.181 0.069 0.174 
252 OmyJC19ROGR    (0)    2 :  0.032 0.057 0.086 0.039 0.738 0.048 
253 OmyJC19ROGR    (0)    2 :  0.043 0.509 0.063 0.174 0.034 0.178 
254 OmyJC19ROGR    (1)    2 :  0.042 0.103 0.240 0.144 0.338 0.134 
255 OmyJC19ROGR    (1)    2 :  0.023 0.080 0.334 0.051 0.420 0.092 
256 OmyJC19ROGR    (1)    2 :  0.307 0.041 0.194 0.088 0.279 0.091 
257 OmyJC19ROGR    (0)    2 :  0.058 0.221 0.460 0.077 0.049 0.134 
258 OmyAC19ROGR    (1)    1 :  0.170 0.134 0.292 0.221 0.099 0.083 
259 OmyAC19ROGR    (2)    1 :  0.413 0.121 0.067 0.216 0.058 0.125 
260 OmyAC19ROGR    (1)    1 :  0.020 0.209 0.051 0.487 0.082 0.151 
261 OmyAC19ROGR    (0)    1 :  0.039 0.433 0.176 0.112 0.033 0.207 
262 OmyAC19ROGR    (1)    1 :  0.113 0.225 0.142 0.147 0.172 0.200 
263 OmyAC19ROGR    (0)    1 :  0.028 0.041 0.161 0.087 0.378 0.304 
264 OmyAC19ROGR    (1)    1 :  0.048 0.116 0.414 0.123 0.050 0.248 
265 OmyAC19ROGR    (1)    1 :  0.037 0.095 0.221 0.371 0.095 0.180 
266 OmyAC19ROGR    (1)    1 :  0.015 0.099 0.680 0.063 0.042 0.101 
267 OmyAC19ROGR    (1)    1 :  0.129 0.331 0.108 0.146 0.065 0.221 
268 OmyAC19ROGR    (2)    1 :  0.127 0.197 0.134 0.057 0.298 0.187 
269 OmyAC19ROGR    (1)    1 :  0.104 0.576 0.041 0.072 0.037 0.170 
270 OmyAC19ROGR    (1)    1 :  0.028 0.125 0.242 0.043 0.446 0.116 
271 OmyAC19ROGR    (1)    1 :  0.254 0.445 0.051 0.077 0.045 0.128 
272 OmyAC19ROGR    (0)    1 :  0.185 0.106 0.332 0.178 0.030 0.168 
273 OmyAC19ROGR    (0)    1 :  0.029 0.491 0.044 0.182 0.075 0.178 
274 OmyAC19ROGR    (1)    1 :  0.743 0.098 0.057 0.038 0.026 0.038 
275 OmyAC19ROGR    (1)    1 :  0.122 0.107 0.125 0.219 0.201 0.226 
276 OmyAC19ROGR    (1)    1 :  0.038 0.131 0.123 0.524 0.042 0.141 
277 OmyAC19ROGR    (1)    1 :  0.073 0.242 0.217 0.284 0.041 0.144 
278 OmyAC19ROGR    (1)    1 :  0.248 0.090 0.147 0.080 0.037 0.399 
279 OmyAC19ROGR    (0)    1 :  0.158 0.090 0.093 0.404 0.039 0.215 
280 OmyAC19ROGR    (1)    1 :  0.095 0.197 0.210 0.102 0.338 0.058 
281 OmyAC19ROGR    (1)    1 :  0.036 0.563 0.073 0.159 0.046 0.124 
282 OmyAC19ROGR    (1)    1 :  0.160 0.203 0.166 0.192 0.086 0.193 
283 OmyAC19ROGR    (1)    1 :  0.041 0.215 0.182 0.252 0.060 0.249 
284 OmyAC19ROGR    (0)    1 :  0.026 0.115 0.473 0.084 0.106 0.196 
285 OmyAC19ROGR    (1)    1 :  0.044 0.149 0.101 0.327 0.203 0.176 
286 OmyAC19ROGR    (1)    1 :  0.018 0.150 0.201 0.285 0.110 0.236 
287 OmyAC19ROGR    (1)    1 :  0.941 0.015 0.011 0.014 0.009 0.010 
288 OmyAC19ROGR    (1)    1 :  0.686 0.064 0.028 0.045 0.039 0.137 
289 OmyAC19ROGR    (1)    1 :  0.087 0.382 0.081 0.176 0.040 0.233 
290 OmyAC19ROGR    (1)    1 :  0.907 0.016 0.018 0.016 0.019 0.024 
291 OmyAC19ROGR    (1)    1 :  0.348 0.090 0.118 0.057 0.135 0.252 
292 OmyAC19ROGR    (1)    1 :  0.211 0.340 0.168 0.148 0.058 0.074 
293 OmyAC19ROGR    (1)    1 :  0.025 0.149 0.080 0.045 0.585 0.116 
294 OmyAC19ROGR    (1)    1 :  0.172 0.091 0.216 0.307 0.033 0.180 
295 OmyAC19ROGR    (0)    1 :  0.016 0.251 0.205 0.318 0.099 0.111 
296 OmyAC19ROGR    (0)    1 :  0.029 0.093 0.125 0.457 0.118 0.176 
297 OmyAC19ROGR    (1)    1 :  0.745 0.061 0.058 0.056 0.019 0.062 
298 OmyAC19ROGR    (0)    1 :  0.018 0.059 0.222 0.543 0.038 0.121 
299 OmyAC19ROGR    (1)    1 :  0.179 0.052 0.070 0.200 0.218 0.281 
300 OmyAC19ROGR    (1)    1 :  0.030 0.416 0.158 0.186 0.071 0.137 
301 OmyAC19ROGR    (0)    1 :  0.858 0.031 0.036 0.029 0.020 0.026 
302 OmyAC19ROGR    (1)    1 :  0.393 0.061 0.126 0.157 0.040 0.223 
303 OmyAC19ROGR    (1)    1 :  0.099 0.518 0.076 0.125 0.043 0.140 
304 OmyAC19ROGR    (1)    1 :  0.120 0.209 0.064 0.387 0.058 0.162 
305 OmyAC19ROGR    (1)    1 :  0.025 0.235 0.102 0.173 0.046 0.419 
306 OmyAC19ROGR    (1)    1 :  0.583 0.098 0.194 0.063 0.017 0.045 
307 OmyAC19ROGR    (2)    1 :  0.022 0.256 0.199 0.147 0.154 0.223 
308 OmyAC19ROGR    (0)    1 :  0.074 0.180 0.174 0.391 0.039 0.141 
309 OmyAC19ROGR    (2)    1 :  0.891 0.022 0.018 0.026 0.021 0.022 
310 OmyAC19ROGR    (0)    1 :  0.399 0.153 0.125 0.147 0.047 0.129 
311 OmyAC19ROGR    (0)    1 :  0.437 0.048 0.035 0.304 0.031 0.145 
312 OmyAC19ROGR    (0)    1 :  0.027 0.140 0.104 0.066 0.503 0.160 
313 OmyAC19ROGR    (1)    1 :  0.015 0.066 0.255 0.204 0.088 0.371 
314 OmyAC19ROGR    (0)    1 :  0.034 0.118 0.076 0.124 0.537 0.111 
315 OmyAC19ROGR    (1)    1 :  0.050 0.318 0.259 0.080 0.068 0.225 
316 OmyAC19ROGR    (1)    1 :  0.026 0.099 0.259 0.387 0.046 0.183 
317 OmyAC19ROGR    (1)    1 :  0.028 0.559 0.032 0.092 0.141 0.148 
318 OmyAC19ROGR    (1)    1 :  0.023 0.193 0.148 0.098 0.383 0.154 
319 OmyAC19ROGR    (1)    1 :  0.015 0.266 0.092 0.216 0.079 0.333 
320 OmyAC19ROGR    (0)    1 :  0.011 0.038 0.390 0.116 0.052 0.392 
321 OmyAC19ROGR    (1)    1 :  0.021 0.256 0.225 0.268 0.050 0.181 
322 OmyAC19ROGR    (0)    1 :  0.277 0.285 0.147 0.175 0.044 0.072 
323 OmyAC19ROGR    (1)    1 :  0.023 0.106 0.364 0.236 0.020 0.251 
324 OmyAC19ROGR    (1)    1 :  0.018 0.035 0.655 0.129 0.118 0.046 
325 OmyAC19ROGR    (1)    1 :  0.314 0.365 0.107 0.070 0.025 0.120 
326 OmyAC19ROGR    (1)    1 :  0.042 0.192 0.342 0.115 0.050 0.260 
327 OmyAC19ROGR    (1)    1 :  0.032 0.029 0.478 0.282 0.091 0.087 
328 OmyJC18ROGR    (1)    2 :  0.037 0.042 0.157 0.098 0.569 0.097 
329 OmyJC18ROGR    (0)    2 :  0.044 0.313 0.258 0.092 0.042 0.251 
330 OmyJC18ROGR    (0)    2 :  0.048 0.085 0.633 0.164 0.021 0.049 
331 OmyJC18ROGR    (1)    2 :  0.606 0.079 0.080 0.054 0.042 0.139 
332 OmyJC18ROGR    (1)    2 :  0.653 0.083 0.045 0.098 0.045 0.076 
333 OmyJC18ROGR    (1)    2 :  0.798 0.063 0.021 0.045 0.022 0.050 
334 OmyJC18ROGR    (1)    2 :  0.157 0.104 0.454 0.078 0.119 0.089 
335 OmyJC18ROGR    (0)    2 :  0.016 0.139 0.173 0.144 0.339 0.189 
336 OmyJC18ROGR    (1)    2 :  0.835 0.043 0.027 0.028 0.022 0.045 
337 OmyJC18ROGR    (1)    2 :  0.028 0.267 0.162 0.184 0.032 0.327 
338 OmyJC18ROGR    (1)    2 :  0.829 0.023 0.027 0.067 0.013 0.041 
339 OmyJC18ROGR    (1)    2 :  0.034 0.562 0.088 0.041 0.021 0.254 
340 OmyJC18ROGR    (0)    2 :  0.110 0.046 0.114 0.184 0.469 0.076 
341 OmyJC18ROGR    (1)    2 :  0.012 0.074 0.090 0.325 0.138 0.361 
342 OmyJC18ROGR    (2)    2 :  0.338 0.070 0.116 0.347 0.070 0.059 
343 OmyJC18ROGR    (2)    2 :  0.290 0.162 0.124 0.100 0.162 0.162 
344 OmyJC18ROGR    (3)    2 :  0.387 0.172 0.050 0.172 0.071 0.148 
345 OmyJC18ROGR    (2)    2 :  0.612 0.045 0.109 0.062 0.095 0.077 
346 OmyJC18ROGR    (4)    2 :  0.019 0.061 0.817 0.048 0.022 0.033 
347 OmyJC18ROGR    (3)    2 :  0.041 0.246 0.105 0.202 0.031 0.376 
348 OmyJC18ROGR    (1)    2 :  0.124 0.330 0.198 0.205 0.046 0.096 
349 OmyJC18ROGR    (1)    2 :  0.025 0.168 0.071 0.507 0.041 0.188 
350 OmyJC18ROGR    (1)    2 :  0.035 0.083 0.061 0.114 0.025 0.682 
351 OmyJC18ROGR    (0)    2 :  0.675 0.083 0.033 0.095 0.025 0.089 
352 OmyJC18ROGR    (4)    2 :  0.289 0.038 0.092 0.084 0.041 0.456 
353 OmyJC18ROGR    (2)    2 :  0.158 0.113 0.309 0.198 0.112 0.110 
354 OmyJC18ROGR    (1)    2 :  0.060 0.366 0.280 0.091 0.043 0.161 
355 OmyJC18ROGR    (2)    2 :  0.026 0.375 0.313 0.097 0.051 0.139 
356 OmyJC18ROGR    (1)    2 :  0.029 0.088 0.154 0.119 0.313 0.299 
357 OmyJC18ROGR    (2)    2 :  0.612 0.031 0.044 0.037 0.238 0.039 
358 OmyJC18ROGR    (2)    2 :  0.017 0.206 0.120 0.332 0.243 0.082 
359 OmyJC18ROGR    (3)    2 :  0.057 0.172 0.086 0.524 0.067 0.093 
360 OmyJC18ROGR    (0)    2 :  0.040 0.334 0.119 0.081 0.285 0.141 
361 OmyJC18ROGR    (1)    2 :  0.016 0.049 0.736 0.098 0.034 0.067 
362 OmyJC18ROGR    (1)    2 :  0.143 0.132 0.293 0.240 0.062 0.131 
363 OmyJC18ROGR    (2)    2 :  0.181 0.264 0.127 0.076 0.114 0.238 
364 OmyJC18ROGR    (3)    2 :  0.018 0.091 0.087 0.577 0.037 0.191 
365 OmyJC18ROGR    (4)    2 :  0.033 0.230 0.269 0.233 0.029 0.207 
366 OmyJC18ROGR    (4)    2 :  0.030 0.122 0.112 0.251 0.245 0.239 
367 OmyJC18ROGR    (3)    2 :  0.755 0.049 0.068 0.043 0.028 0.057 
368 OmyJC18ROGR    (3)    2 :  0.324 0.132 0.130 0.143 0.060 0.212 
369 OmyJC18ROGR    (2)    2 :  0.055 0.369 0.150 0.097 0.224 0.105 
370 OmyJC18ROGR    (3)    2 :  0.040 0.231 0.226 0.151 0.050 0.302 
371 OmyJC18ROGR    (1)    2 :  0.031 0.299 0.207 0.235 0.076 0.152 
372 OmyJC18ROGR    (3)    2 :  0.062 0.128 0.152 0.491 0.084 0.083 
373 OmyJC18ROGR    (5)    2 :  0.088 0.104 0.140 0.077 0.494 0.097 
374 OmyJC18ROGR    (5)    2 :  0.016 0.065 0.029 0.062 0.765 0.063 
375 OmyJC18ROGR    (3)    2 :  0.087 0.310 0.237 0.116 0.049 0.202 
376 OmyJC18ROGR    (3)    2 :  0.847 0.025 0.037 0.044 0.019 0.027 
377 OmyJC18ROGR    (4)    2 :  0.185 0.154 0.147 0.097 0.323 0.093 
378 OmyJC18ROGR    (0)    2 :  0.057 0.126 0.056 0.270 0.151 0.340 
379 OmyJC18ROGR    (5)    2 :  0.082 0.065 0.164 0.411 0.105 0.174 
380 OmyJC18ROGR    (4)    2 :  0.097 0.332 0.275 0.136 0.085 0.075 
381 OmyJC18ROGR    (1)    2 :  0.043 0.341 0.089 0.341 0.073 0.113 
382 OmyJC18ROGR    (1)    2 :  0.031 0.132 0.153 0.228 0.082 0.373 
383 OmyJC18ROGR    (3)    2 :  0.407 0.194 0.170 0.056 0.047 0.125 
384 OmyJC18ROGR    (2)    2 :  0.124 0.022 0.123 0.320 0.026 0.386 
385 OmyJC18ROGR    (4)    2 :  0.037 0.111 0.541 0.105 0.028 0.179 
386 OmyJC18ROGR    (2)    2 :  0.286 0.062 0.112 0.312 0.027 0.201 
387 OmyJC18ROGR    (1)    2 :  0.229 0.134 0.116 0.233 0.198 0.090 
388 OmyJC18ROGR    (6)    2 :  0.046 0.391 0.082 0.064 0.243 0.175 
389 OmyJC18ROGR    (1)    2 :  0.099 0.227 0.141 0.114 0.040 0.379 
390 OmyJC18ROGR    (1)    2 :  0.055 0.149 0.192 0.320 0.071 0.213 
391 OmyJC18ROGR    (3)    2 :  0.832 0.040 0.023 0.028 0.039 0.038 
392 OmyJC18ROGR    (2)    2 :  0.030 0.150 0.203 0.198 0.250 0.169 
393 OmyJC18ROGR    (4)    2 :  0.072 0.042 0.093 0.055 0.682 0.057 
394 OmyJC18ROGR    (3)    2 :  0.700 0.049 0.072 0.033 0.017 0.129 
395 OmyJC18ROGR    (7)    2 :  0.152 0.231 0.108 0.072 0.317 0.120 
396 OmyJC18ROGR    (4)    2 :  0.527 0.050 0.088 0.054 0.163 0.118 
397 OmyJC18ROGR    (1)    2 :  0.040 0.242 0.210 0.172 0.083 0.254 
398 OmyJC18ROGR    (3)    2 :  0.153 0.146 0.348 0.122 0.102 0.129 
399 OmyJC18ROGR    (2)    2 :  0.289 0.259 0.091 0.056 0.214 0.090 
400 OmyJC18ROGR    (0)    2 :  0.044 0.073 0.360 0.192 0.078 0.254 
401 OmyJC18ROGR    (6)    2 :  0.058 0.084 0.103 0.063 0.652 0.040 
402 OmyJC18ROGR    (5)    2 :  0.215 0.154 0.186 0.060 0.322 0.063 
403 OmyJC18ROGR    (1)    2 :  0.118 0.282 0.166 0.149 0.188 0.096 
404 OmyJC18ROGR    (2)    2 :  0.086 0.474 0.119 0.121 0.028 0.172 
405 OmyJC18ROGR    (3)    2 :  0.022 0.066 0.213 0.383 0.074 0.242 
406 OmyJC18ROGR    (2)    2 :  0.034 0.263 0.244 0.266 0.040 0.153 
407 OmyJC18ROGR    (2)    2 :  0.083 0.052 0.087 0.409 0.188 0.180 
408 OmyJC18ROGR    (2)    2 :  0.073 0.046 0.124 0.299 0.232 0.226 
409 OmyJC18ROGR    (1)    2 :  0.029 0.153 0.320 0.126 0.192 0.180 
410 OmyJC18ROGR    (1)    2 :  0.023 0.089 0.331 0.157 0.037 0.364 
411 OmyJC18ROGR    (1)    2 :  0.031 0.424 0.256 0.050 0.043 0.196 
412 OmyJC18ROGR    (0)    2 :  0.020 0.141 0.182 0.407 0.030 0.219 
413 OmyJC18ROGR    (1)    2 :  0.031 0.087 0.603 0.114 0.021 0.143 
414 OmyJC18ROGR    (2)    2 :  0.019 0.361 0.115 0.251 0.046 0.207 
415 OmyJC18ROGR    (2)    2 :  0.014 0.243 0.514 0.047 0.112 0.070 
416 OmyJC18ROGR    (3)    2 :  0.058 0.270 0.291 0.141 0.044 0.196 
417 OmyJC18ROGR    (1)    2 :  0.042 0.058 0.295 0.219 0.301 0.085 
418 OmyJC18ROGR    (0)    2 :  0.035 0.078 0.124 0.032 0.661 0.070 
419 OmyJC18ROGR    (1)    2 :  0.023 0.224 0.201 0.101 0.232 0.219 
420 OmyJC18ROGR    (0)    2 :  0.024 0.169 0.560 0.038 0.033 0.176 
421 OmyJC18ROGR    (1)    2 :  0.044 0.164 0.208 0.409 0.047 0.127 
422 OmyJC18ROGR    (6)    2 :  0.026 0.701 0.054 0.041 0.041 0.137 
423 OmyJC18ROGR    (2)    2 :  0.037 0.160 0.537 0.052 0.090 0.123 
424 OmyJC18ROGR    (1)    2 :  0.173 0.037 0.437 0.121 0.101 0.131 
425 OmyJC18ROGR    (1)    2 :  0.208 0.187 0.124 0.092 0.029 0.360 
426 OmyJC18ROGR    (3)    2 :  0.030 0.091 0.394 0.269 0.133 0.083 
427 OmyJC18ROGR    (2)    2 :  0.554 0.153 0.052 0.136 0.012 0.093 
428 OmyJC18ROGR    (6)    2 :  0.014 0.037 0.781 0.075 0.027 0.067 
429 OmyJC18ROGR    (1)    2 :  0.145 0.318 0.184 0.183 0.021 0.149 
430 OmyJC18ROGR    (1)    2 :  0.095 0.591 0.061 0.049 0.088 0.116 
431 OmyJC18ROGR    (0)    2 :  0.040 0.160 0.500 0.120 0.046 0.134 
432 OmyJC18ROGR    (2)    2 :  0.742 0.069 0.031 0.067 0.035 0.056 
433 OmyJC18ROGR    (2)    2 :  0.070 0.168 0.066 0.085 0.549 0.063 
434 OmyJC18ROGR    (2)    2 :  0.080 0.515 0.083 0.035 0.029 0.258 
435 OmyJC18ROGR    (8)    2 :  0.061 0.055 0.468 0.159 0.105 0.152 
436 OmyJC18ROGR    (2)    2 :  0.027 0.149 0.398 0.122 0.089 0.216 
437 OmyJC18ROGR    (4)    2 :  0.028 0.129 0.311 0.254 0.183 0.095 
438 OmyJC18ROGR    (1)    2 :  0.057 0.052 0.055 0.033 0.759 0.044 
439 OmyJC18ROGR    (2)    2 :  0.449 0.242 0.059 0.081 0.061 0.108 
440 OmyJC18ROGR    (0)    2 :  0.098 0.056 0.066 0.042 0.707 0.031 
441 OmyJC18ROGR    (1)    2 :  0.022 0.040 0.043 0.799 0.028 0.068 
442 OmyJC18ROGR    (6)    2 :  0.084 0.329 0.049 0.180 0.096 0.262 
443 OmyJC18ROGR    (1)    2 :  0.016 0.172 0.165 0.398 0.038 0.211 
444 OmyJC18ROGR    (6)    2 :  0.032 0.121 0.244 0.075 0.245 0.283 
445 OmyJC18ROGR    (2)    2 :  0.060 0.160 0.249 0.110 0.151 0.270 
446 OmyJC18ROGR    (3)    2 :  0.249 0.078 0.114 0.107 0.194 0.258 
447 OmyJC18ROGR    (2)    2 :  0.078 0.211 0.103 0.252 0.072 0.285 
448 OmyJC18ROGR    (3)    2 :  0.035 0.505 0.049 0.083 0.025 0.303 
449 OmyJC18ROGR    (1)    2 :  0.027 0.080 0.172 0.397 0.072 0.252 
450 OmyJC18ROGR    (4)    2 :  0.163 0.044 0.440 0.051 0.183 0.121 
451 OmyJC18ROGR    (3)    2 :  0.034 0.288 0.105 0.093 0.060 0.420 
452 OmyJC18ROGR    (1)    2 :  0.051 0.308 0.217 0.229 0.035 0.161 
453 OmyJC18ROGR    (1)    2 :  0.019 0.103 0.238 0.483 0.019 0.137 
454 OmyJC18ROGR    (4)    2 :  0.041 0.101 0.127 0.292 0.292 0.147 
455 OmyJC18ROGR    (4)    2 :  0.409 0.070 0.061 0.279 0.095 0.087 
456 OmyJC18ROGR    (5)    2 :  0.098 0.117 0.466 0.078 0.062 0.180 
457 OmyJC18ROGR    (3)    2 :  0.026 0.404 0.131 0.066 0.253 0.119 
458 OmyJC18ROGR    (1)    2 :  0.036 0.045 0.281 0.103 0.113 0.422 
459 OmyJC18ROGR    (1)    2 :  0.813 0.043 0.044 0.039 0.019 0.041 
460 OmyJC18ROGR    (2)    2 :  0.026 0.068 0.286 0.373 0.028 0.218 
461 OmyJC18ROGR    (1)    2 :  0.686 0.108 0.031 0.055 0.053 0.068 
462 OmyJC18ROGR    (1)    2 :  0.016 0.243 0.168 0.127 0.240 0.206 
463 OmyJC18ROGR    (4)    2 :  0.037 0.164 0.105 0.396 0.051 0.246 
464 OmyJC18ROGR    (6)    2 :  0.021 0.095 0.357 0.233 0.203 0.091 
465 OmyJC18ROGR    (3)    2 :  0.029 0.056 0.250 0.086 0.457 0.121 
466 OmyJC18ROGR    (3)    2 :  0.072 0.076 0.169 0.225 0.246 0.212 
467 OmyJC18ROGR    (2)    2 :  0.041 0.710 0.041 0.110 0.023 0.076 
468 OmyJC18ROGR    (2)    2 :  0.019 0.080 0.517 0.155 0.077 0.152 
469 OmyJC18ROGR    (1)    2 :  0.906 0.017 0.027 0.011 0.015 0.023 
470 OmyJC18ROGR    (0)    2 :  0.207 0.089 0.052 0.100 0.471 0.080 
471 OmyJC18ROGR    (2)    2 :  0.063 0.326 0.249 0.043 0.051 0.268 
472 OmyJC18ROGR    (2)    2 :  0.008 0.053 0.771 0.072 0.016 0.080 
473 OmyJC18ROGR    (1)    2 :  0.053 0.179 0.302 0.261 0.069 0.136 
474 OmyJC18ROGR    (3)    2 :  0.041 0.055 0.671 0.061 0.040 0.132 
475 OmyJC18ROGR    (1)    2 :  0.070 0.276 0.082 0.139 0.263 0.171 
476 OmyJC18ROGR    (2)    2 :  0.030 0.239 0.177 0.348 0.075 0.130 
477 OmyJC18ROGR    (0)    2 :  0.044 0.484 0.081 0.047 0.156 0.188 
478 OmyJC18ROGR    (1)    2 :  0.062 0.151 0.203 0.265 0.053 0.266 
479 OmyJC18ROGR    (1)    2 :  0.039 0.300 0.208 0.058 0.157 0.238 
480 OmyJC18ROGR    (1)    2 :  0.065 0.226 0.212 0.265 0.039 0.192 
481 OmyJC18ROGR    (1)    2 :  0.031 0.158 0.133 0.119 0.046 0.513 
482 OmyJC18ROGR    (1)    2 :  0.030 0.324 0.087 0.094 0.215 0.250 
483 OmyJC18ROGR    (0)    2 :  0.021 0.113 0.086 0.125 0.114 0.540 
484 OmyJC18ROGR    (0)    2 :  0.057 0.249 0.044 0.263 0.034 0.354 
485 OmyJC18ROGR    (0)    2 :  0.026 0.348 0.137 0.083 0.288 0.118 
486 OmyJC18ROGR    (0)    2 :  0.040 0.092 0.253 0.236 0.127 0.252 
487 OmyJC18ROGR    (1)    2 :  0.021 0.395 0.031 0.065 0.401 0.086 
488 OmyJC18ROGR    (1)    2 :  0.052 0.273 0.155 0.111 0.190 0.219 
489 OmyJC18ROGR    (1)    2 :  0.035 0.126 0.108 0.561 0.035 0.135 
490 OmyJC18ROGR    (0)    2 :  0.018 0.121 0.366 0.295 0.026 0.175 
491 OmyJC18ROGR    (0)    2 :  0.041 0.056 0.079 0.118 0.533 0.174 
492 OmyJC18ROGR    (5)    2 :  0.763 0.060 0.036 0.030 0.072 0.040 
493 OmyJC18ROGR    (1)    2 :  0.159 0.501 0.055 0.069 0.130 0.086 
494 OmyJC18ROGR    (3)    2 :  0.027 0.102 0.506 0.152 0.082 0.130 
495 OmyJC18ROGR    (1)    2 :  0.077 0.388 0.136 0.090 0.116 0.193 
496 OmyJC18ROGR    (1)    2 :  0.098 0.130 0.410 0.074 0.024 0.264 
497 OmyJC18ROGR    (1)    2 :  0.013 0.348 0.230 0.090 0.164 0.155 
498 OmyJC18ROGR    (1)    2 :  0.053 0.097 0.067 0.131 0.166 0.487 
499 OmyJC18ROGR    (1)    2 :  0.032 0.137 0.190 0.278 0.156 0.208 
500 OmyJC18ROGR    (1)    2 :  0.091 0.111 0.440 0.154 0.032 0.172 
501 OmyJC18ROGR    (2)    2 :  0.020 0.196 0.254 0.088 0.261 0.180 
502 OmyJC18ROGR    (1)    2 :  0.161 0.144 0.047 0.091 0.312 0.246 
503 OmyJC18ROGR    (2)    2 :  0.074 0.082 0.105 0.139 0.113 0.487 
504 OmyJC18ROGR    (2)    2 :  0.054 0.175 0.085 0.062 0.527 0.096 
505 OmyJC18ROGR    (2)    2 :  0.054 0.032 0.582 0.181 0.066 0.084 
506 OmyJC18ROGR    (3)    2 :  0.048 0.094 0.472 0.066 0.087 0.233 
507 OmyJC18ROGR    (1)    2 :  0.068 0.247 0.329 0.046 0.029 0.281 
508 OmyJC18ROGR    (7)    2 :  0.027 0.252 0.398 0.062 0.065 0.196 
509 OmyJC18ROGR    (1)    2 :  0.113 0.450 0.094 0.034 0.128 0.181 
510 OmyJC18ROGR    (1)    2 :  0.927 0.017 0.011 0.021 0.013 0.012 
511 OmyJC18ROGR    (2)    2 :  0.135 0.048 0.116 0.081 0.521 0.099 
512 OmyJC18ROGR    (1)    2 :  0.018 0.062 0.208 0.104 0.372 0.235 
513 OmyJC18ROGR    (3)    2 :  0.022 0.516 0.217 0.145 0.027 0.071 
514 OmyJC18ROGR    (1)    2 :  0.022 0.026 0.047 0.044 0.813 0.048 
515 OmyJC18ROGR    (5)    2 :  0.029 0.305 0.227 0.173 0.053 0.213 
516 OmyJC18ROGR    (3)    2 :  0.292 0.109 0.085 0.067 0.325 0.123 
517 OmyJC18ROGR    (1)    2 :  0.017 0.098 0.069 0.227 0.267 0.323 
518 OmyJC18ROGR    (1)    2 :  0.467 0.116 0.084 0.095 0.151 0.088 
519 OmyJC18ROGR    (0)    2 :  0.074 0.147 0.421 0.047 0.172 0.141 
520 OmyJC18ROGR    (0)    2 :  0.024 0.147 0.051 0.551 0.117 0.109 
521 OmyJC18ROGR    (2)    2 :  0.064 0.262 0.309 0.155 0.070 0.139 
522 OmyJC18ROGR    (2)    2 :  0.302 0.117 0.323 0.126 0.058 0.073 
523 OmyJC18ROGR    (1)    2 :  0.242 0.118 0.078 0.181 0.304 0.077 
524 OmyJC18ROGR    (3)    2 :  0.108 0.130 0.371 0.149 0.097 0.146 
525 OmyJC18ROGR    (1)    2 :  0.026 0.692 0.036 0.056 0.077 0.114 
526 OmyJC18ROGR    (7)    2 :  0.014 0.094 0.240 0.461 0.042 0.149 
527 OmyJC18ROGR    (4)    2 :  0.082 0.060 0.387 0.328 0.054 0.090 
528 OmyJC18ROGR    (1)    2 :  0.018 0.097 0.211 0.298 0.178 0.197 
529 OmyJC18ROGR    (2)    2 :  0.025 0.071 0.387 0.212 0.055 0.250 
530 OmyJC18ROGR    (1)    2 :  0.049 0.108 0.266 0.088 0.327 0.163 
531 OmyJC18ROGR    (2)    2 :  0.027 0.105 0.178 0.425 0.068 0.197 
532 OmyJC18ROGR    (2)    2 :  0.013 0.197 0.480 0.083 0.086 0.142 
533 OmyJC18ROGR    (5)    2 :  0.859 0.039 0.013 0.030 0.031 0.028 
534 OmyJC18ROGR    (2)    2 :  0.075 0.071 0.399 0.099 0.069 0.286 
535 OmyJC18ROGR    (3)    2 :  0.038 0.089 0.129 0.384 0.224 0.135 
536 OmyJC18ROGR    (0)    2 :  0.087 0.174 0.414 0.139 0.038 0.150 
537 OmyJC18ROGR    (3)    2 :  0.173 0.344 0.091 0.172 0.061 0.159 
538 OmyJC18ROGR    (1)    2 :  0.024 0.335 0.320 0.110 0.122 0.090 
539 OmyJC18ROGR    (1)    2 :  0.038 0.145 0.259 0.101 0.255 0.202 
540 OmyJC18ROGR    (1)    2 :  0.040 0.159 0.276 0.254 0.079 0.193 
541 OmyJC18ROGR    (5)    2 :  0.014 0.107 0.201 0.368 0.196 0.114 
542 OmyJC18ROGR    (4)    2 :  0.076 0.244 0.133 0.318 0.065 0.165 
543 OmyJC18ROGR    (2)    2 :  0.016 0.200 0.215 0.116 0.262 0.190 
544 OmyJC18ROGR    (2)    2 :  0.033 0.568 0.121 0.049 0.157 0.072 
545 OmyJC18ROGR    (2)    2 :  0.211 0.152 0.075 0.344 0.112 0.106 
546 OmyJC18ROGR    (1)    2 :  0.033 0.091 0.210 0.186 0.224 0.255 
547 OmyJC18ROGR    (1)    2 :  0.055 0.219 0.196 0.164 0.158 0.208 
548 OmyJC18ROGR    (1)    2 :  0.693 0.080 0.066 0.048 0.027 0.086 
549 OmyJC18ROGR    (1)    2 :  0.197 0.135 0.027 0.273 0.092 0.276 
550 OmyJC18ROGR    (2)    2 :  0.204 0.115 0.165 0.301 0.048 0.167 
