

----------------------------------------------------
STRUCTURE by Pritchard, Stephens and Donnelly (2000)
     and Falush, Stephens and Pritchard (2003)
       Code by Pritchard, Falush and Hubisz
             Version 2.3.4 (Jul 2012)
----------------------------------------------------



Command line arguments:   bin/structure -m "/Users/ddayan/FRA/premature_migration/Rogue_Half-Pounder/rogue_half_pounder_repo/structure/halfpounder/10k_20k_adm_corr_rep2/mainparams" -e "/Users/ddayan/FRA/premature_migration/Rogue_Half-Pounder/rogue_half_pounder_repo/structure/halfpounder/10k_20k_adm_corr_rep2/extraparams" 
Input File:    /Users/ddayan/FRA/premature_migration/Rogue_Half-Pounder/rogue_half_pounder_repo/structure/halfpounder/project_data

Run parameters:
   882 individuals
   330 loci
   3 populations assumed
   10000 Burn-in period
   20000 Reps


--------------------------------------------
Proportion of membership of each pre-defined
 population in each of the 3 clusters

Given    Inferred Clusters       Number of
 Pop       1      2      3      Individuals

  1:     0.333  0.302  0.365      157
  2:     0.330  0.297  0.373      643
  3:     0.228  0.158  0.613       40
  4:     0.748  0.118  0.134       42
--------------------------------------------

Allele-freq. divergence among pops (Net nucleotide distance),
computed using point estimates of P.

      1       2       3      
 1      -    0.0108  0.0035  
 2   0.0108     -    0.0086  
 3   0.0035  0.0086     -    

Average distances (expected heterozygosity) between individuals in same cluster:
cluster  1  : 0.2823 
cluster  2  : 0.2568 
cluster  3  : 0.2896 

--------------------------------------------
Estimated Ln Prob of Data   = -247624.1
Mean value of ln likelihood = -246792.8
Variance of ln likelihood   = 1662.7
Mean value of alpha         = 0.5951

Mean value of Fst_1         = 0.0290
Mean value of Fst_2         = 0.0759
Mean value of Fst_3         = 0.0054


Inferred ancestry of individuals:
        Label (%Miss) Pop:  Inferred clusters
  1 OmyAC19ROGR    (0)    1 :  0.581 0.051 0.368 
  2 OmyAC19ROGR    (1)    1 :  0.539 0.233 0.228 
  3 OmyAC19ROGR    (1)    1 :  0.551 0.193 0.256 
  4 OmyAC19ROGR    (1)    1 :  0.384 0.089 0.527 
  5 OmyAC19ROGR    (2)    1 :  0.035 0.922 0.043 
  6 OmyAC19ROGR    (1)    1 :  0.190 0.434 0.376 
  7 OmyAC19ROGR    (1)    1 :  0.323 0.376 0.301 
  8 OmyAC19ROGR    (0)    1 :  0.470 0.057 0.473 
  9 OmyAC19ROGR    (1)    1 :  0.400 0.373 0.227 
 10 OmyAC19ROGR    (1)    1 :  0.240 0.569 0.191 
 11 OmyAC19ROGR    (0)    1 :  0.347 0.267 0.386 
 12 OmyAC19ROGR    (0)    1 :  0.202 0.311 0.486 
 13 OmyAC19ROGR    (1)    1 :  0.504 0.113 0.383 
 14 OmyAC19ROGR    (1)    1 :  0.072 0.571 0.358 
 15 OmyAC19ROGR    (2)    1 :  0.103 0.552 0.345 
 16 OmyAC19ROGR    (1)    1 :  0.401 0.275 0.325 
 17 OmyAC19ROGR    (1)    1 :  0.067 0.233 0.700 
 18 OmyAC19ROGR    (2)    1 :  0.652 0.086 0.261 
 19 OmyAC19ROGR    (1)    1 :  0.420 0.184 0.396 
 20 OmyAC19ROGR    (1)    1 :  0.094 0.352 0.555 
 21 OmyAC19ROGR    (1)    1 :  0.273 0.385 0.342 
 22 OmyAC19ROGR    (1)    1 :  0.623 0.200 0.177 
 23 OmyAC19ROGR    (1)    1 :  0.328 0.386 0.286 
 24 OmyAC19ROGR    (1)    1 :  0.837 0.054 0.109 
 25 OmyAC19ROGR    (1)    1 :  0.207 0.356 0.437 
 26 OmyAC19ROGR    (1)    1 :  0.453 0.275 0.271 
 27 OmyAC19ROGR    (1)    1 :  0.158 0.155 0.687 
 28 OmyAC19ROGR    (1)    1 :  0.843 0.086 0.071 
 29 OmyAC19ROGR    (1)    1 :  0.440 0.193 0.367 
 30 OmyAC19ROGR    (1)    1 :  0.123 0.703 0.174 
 31 OmyAC19ROGR    (1)    1 :  0.437 0.130 0.433 
 32 OmyAC19ROGR    (1)    1 :  0.415 0.282 0.303 
 33 OmyAC19ROGR    (1)    1 :  0.510 0.265 0.225 
 34 OmyAC19ROGR    (1)    1 :  0.129 0.641 0.230 
 35 OmyAC19ROGR    (0)    1 :  0.530 0.225 0.245 
 36 OmyAC19ROGR    (1)    1 :  0.246 0.391 0.363 
 37 OmyAC19ROGR    (1)    1 :  0.498 0.252 0.250 
 38 OmyAC19ROGR    (1)    1 :  0.331 0.572 0.097 
 39 OmyAC19ROGR    (1)    1 :  0.221 0.361 0.417 
 40 OmyAC19ROGR    (0)    1 :  0.106 0.403 0.491 
 41 OmyAC19ROGR    (1)    1 :  0.226 0.119 0.655 
 42 OmyAC19ROGR    (1)    1 :  0.056 0.828 0.116 
 43 OmyAC19ROGR    (1)    1 :  0.434 0.145 0.421 
 44 OmyAC19ROGR    (7)    1 :  0.400 0.177 0.423 
 45 OmyAC19ROGR    (2)    1 :  0.378 0.453 0.168 
 46 OmyAC19ROGR    (1)    1 :  0.493 0.180 0.327 
 47 OmyAC19ROGR    (0)    1 :  0.704 0.174 0.122 
 48 OmyAC19ROGR    (1)    1 :  0.381 0.142 0.476 
 49 OmyAC19ROGR    (0)    1 :  0.503 0.124 0.373 
 50 OmyAC19ROGR    (1)    1 :  0.119 0.096 0.785 
 51 OmyAC19ROGR    (2)    1 :  0.132 0.752 0.117 
 52 OmyAC19ROGR    (1)    1 :  0.078 0.849 0.072 
 53 OmyAC19ROGR    (2)    1 :  0.720 0.105 0.175 
 54 OmyAC19ROGR    (1)    1 :  0.600 0.184 0.216 
 55 OmyAC19ROGR    (3)    1 :  0.173 0.274 0.553 
 56 OmyAC19ROGR    (1)    1 :  0.580 0.223 0.197 
 57 OmyAC19ROGR    (0)    1 :  0.729 0.078 0.193 
 58 OmyAC19ROGR    (1)    1 :  0.112 0.762 0.127 
 59 OmyAC19ROGR    (0)    1 :  0.636 0.086 0.278 
 60 OmyAC19ROGR    (2)    1 :  0.253 0.317 0.430 
 61 OmyAC19ROGR    (1)    1 :  0.578 0.177 0.245 
 62 OmyAC19ROGR    (1)    1 :  0.339 0.146 0.515 
 63 OmyAC19ROGR    (0)    1 :  0.490 0.349 0.161 
 64 OmyAC19ROGR    (3)    1 :  0.203 0.187 0.610 
 65 OmyAC19ROGR    (1)    1 :  0.326 0.185 0.489 
 66 OmyAC19ROGR    (4)    1 :  0.121 0.473 0.406 
 67 OmyAC19ROGR    (0)    1 :  0.557 0.123 0.320 
 68 OmyAC19ROGR    (2)    1 :  0.618 0.161 0.221 
 69 OmyAC19ROGR    (2)    1 :  0.520 0.365 0.115 
 70 OmyAC19ROGR    (1)    1 :  0.533 0.116 0.352 
 71 OmyAC19ROGR    (0)    1 :  0.362 0.116 0.522 
 72 OmyAC19ROGR    (5)    1 :  0.376 0.081 0.543 
 73 OmyAC19ROGR    (1)    1 :  0.435 0.423 0.142 
 74 OmyAC19ROGR    (1)    1 :  0.098 0.092 0.810 
 75 OmyAC19ROGR    (1)    1 :  0.463 0.251 0.286 
 76 OmyAC19ROGR    (1)    1 :  0.731 0.135 0.134 
 77 OmyAC19ROGR    (1)    1 :  0.044 0.904 0.053 
 78 OmyAC19ROGR    (1)    1 :  0.372 0.140 0.489 
 79 OmyAC19ROGR    (2)    1 :  0.531 0.184 0.285 
 80 OmyAC19ROGR    (2)    1 :  0.141 0.737 0.122 
 81 OmyAC19ROGR    (2)    1 :  0.223 0.564 0.213 
 82 OmyAC19ROGR    (1)    1 :  0.740 0.064 0.196 
 83 OmyAC19ROGR    (0)    1 :  0.603 0.157 0.240 
 84 OmyAC19ROGR    (1)    1 :  0.206 0.421 0.374 
 85 OmyAC19ROGR    (6)    1 :  0.480 0.114 0.406 
 86 OmyAC19ROGR    (1)    1 :  0.079 0.220 0.701 
 87 OmyAC19ROGR    (2)    1 :  0.573 0.125 0.302 
 88 OmyJC19ROGR    (0)    2 :  0.056 0.859 0.085 
 89 OmyJC19ROGR    (1)    2 :  0.195 0.193 0.611 
 90 OmyJC19ROGR    (1)    2 :  0.058 0.876 0.066 
 91 OmyJC19ROGR    (2)    2 :  0.503 0.052 0.445 
 92 OmyJC19ROGR    (1)    2 :  0.675 0.152 0.173 
 93 OmyJC19ROGR    (1)    2 :  0.822 0.048 0.130 
 94 OmyJC19ROGR    (1)    2 :  0.122 0.388 0.490 
 95 OmyJC19ROGR    (0)    2 :  0.142 0.401 0.456 
 96 OmyJC19ROGR    (2)    2 :  0.274 0.232 0.494 
 97 OmyJC19ROGR    (1)    2 :  0.683 0.246 0.071 
 98 OmyJC19ROGR    (0)    2 :  0.333 0.137 0.529 
 99 OmyJC19ROGR    (0)    2 :  0.621 0.224 0.155 
100 OmyJC19ROGR    (1)    2 :  0.366 0.150 0.484 
101 OmyJC19ROGR    (1)    2 :  0.276 0.574 0.150 
102 OmyJC19ROGR    (1)    2 :  0.135 0.206 0.660 
103 OmyJC19ROGR    (2)    2 :  0.392 0.374 0.233 
104 OmyJC19ROGR    (1)    2 :  0.700 0.120 0.180 
105 OmyJC19ROGR    (1)    2 :  0.570 0.317 0.113 
106 OmyJC19ROGR    (1)    2 :  0.074 0.890 0.036 
107 OmyJC19ROGR    (2)    2 :  0.246 0.261 0.493 
108 OmyJC19ROGR    (0)    2 :  0.568 0.167 0.265 
109 OmyJC19ROGR    (1)    2 :  0.100 0.427 0.473 
110 OmyJC19ROGR    (1)    2 :  0.531 0.325 0.143 
111 OmyJC19ROGR    (1)    2 :  0.681 0.186 0.133 
112 OmyJC19ROGR    (2)    2 :  0.155 0.245 0.600 
113 OmyJC19ROGR    (1)    2 :  0.134 0.639 0.227 
114 OmyJC19ROGR    (3)    2 :  0.410 0.173 0.418 
115 OmyJC19ROGR    (2)    2 :  0.669 0.157 0.174 
116 OmyJC19ROGR    (0)    2 :  0.244 0.271 0.485 
117 OmyJC19ROGR    (1)    2 :  0.189 0.414 0.397 
118 OmyJC19ROGR    (1)    2 :  0.404 0.098 0.498 
119 OmyJC19ROGR    (3)    2 :  0.225 0.187 0.588 
120 OmyJC19ROGR    (1)    2 :  0.805 0.048 0.147 
121 OmyJC19ROGR    (0)    2 :  0.150 0.175 0.675 
122 OmyJC19ROGR    (1)    2 :  0.465 0.170 0.365 
123 OmyJC19ROGR    (1)    2 :  0.523 0.072 0.405 
124 OmyJC19ROGR    (0)    2 :  0.217 0.283 0.500 
125 OmyJC19ROGR    (1)    2 :  0.598 0.232 0.170 
126 OmyJC19ROGR    (1)    2 :  0.121 0.712 0.168 
127 OmyJC19ROGR    (1)    2 :  0.231 0.169 0.600 
128 OmyJC19ROGR    (1)    2 :  0.805 0.102 0.093 
129 OmyJC19ROGR    (1)    2 :  0.321 0.447 0.232 
130 OmyJC19ROGR    (1)    2 :  0.113 0.148 0.739 
131 OmyJC19ROGR    (1)    2 :  0.505 0.238 0.257 
132 OmyJC19ROGR    (1)    2 :  0.681 0.144 0.175 
133 OmyJC19ROGR    (1)    2 :  0.343 0.110 0.547 
134 OmyJC19ROGR    (1)    2 :  0.257 0.212 0.531 
135 OmyJC19ROGR    (1)    2 :  0.875 0.060 0.064 
136 OmyJC19ROGR    (3)    2 :  0.285 0.118 0.597 
137 OmyJC19ROGR    (1)    2 :  0.141 0.360 0.499 
138 OmyJC19ROGR    (1)    2 :  0.067 0.748 0.186 
139 OmyJC19ROGR    (2)    2 :  0.330 0.085 0.585 
140 OmyJC19ROGR    (3)    2 :  0.213 0.240 0.548 
141 OmyJC19ROGR    (0)    2 :  0.297 0.521 0.182 
142 OmyJC19ROGR    (1)    2 :  0.307 0.457 0.236 
143 OmyJC19ROGR    (0)    2 :  0.704 0.173 0.123 
144 OmyJC19ROGR    (1)    2 :  0.334 0.061 0.606 
145 OmyJC19ROGR    (1)    2 :  0.181 0.103 0.716 
146 OmyJC19ROGR    (2)    2 :  0.658 0.153 0.189 
147 OmyJC19ROGR    (1)    2 :  0.308 0.164 0.528 
148 OmyJC19ROGR    (1)    2 :  0.456 0.071 0.473 
149 OmyJC19ROGR    (2)    2 :  0.555 0.194 0.251 
150 OmyJC19ROGR    (2)    2 :  0.650 0.164 0.186 
151 OmyJC19ROGR    (1)    2 :  0.376 0.256 0.368 
152 OmyJC19ROGR    (0)    2 :  0.327 0.174 0.499 
153 OmyJC19ROGR    (1)    2 :  0.807 0.109 0.084 
154 OmyJC19ROGR    (2)    2 :  0.145 0.192 0.663 
155 OmyJC19ROGR    (1)    2 :  0.392 0.221 0.387 
156 OmyJC19ROGR    (1)    2 :  0.317 0.266 0.417 
157 OmyJC19ROGR    (0)    2 :  0.488 0.196 0.316 
158 OmyJC19ROGR    (2)    2 :  0.407 0.077 0.515 
159 OmyJC19ROGR    (1)    2 :  0.132 0.138 0.730 
160 OmyJC19ROGR    (0)    2 :  0.474 0.164 0.362 
161 OmyJC19ROGR    (1)    2 :  0.637 0.115 0.248 
162 OmyJC19ROGR    (1)    2 :  0.409 0.202 0.389 
163 OmyJC19ROGR    (1)    2 :  0.697 0.126 0.176 
164 OmyJC19ROGR    (1)    2 :  0.197 0.089 0.714 
165 OmyJC19ROGR    (0)    2 :  0.469 0.069 0.462 
166 OmyJC19ROGR    (0)    2 :  0.169 0.163 0.668 
167 OmyJC19ROGR    (2)    2 :  0.424 0.238 0.338 
168 OmyJC19ROGR    (0)    2 :  0.235 0.194 0.571 
169 OmyJC19ROGR    (1)    2 :  0.040 0.904 0.057 
170 OmyJC19ROGR    (1)    2 :  0.733 0.156 0.111 
171 OmyJC19ROGR    (1)    2 :  0.208 0.105 0.688 
172 OmyJC19ROGR    (0)    2 :  0.341 0.516 0.143 
173 OmyJC19ROGR    (1)    2 :  0.054 0.897 0.049 
174 OmyJC19ROGR    (0)    2 :  0.323 0.138 0.538 
175 OmyJC19ROGR    (1)    2 :  0.281 0.099 0.620 
176 OmyJC19ROGR    (1)    2 :  0.654 0.139 0.207 
177 OmyJC19ROGR    (1)    2 :  0.822 0.036 0.142 
178 OmyJC19ROGR    (0)    2 :  0.078 0.120 0.802 
179 OmyJC19ROGR    (1)    2 :  0.708 0.072 0.220 
180 OmyJC19ROGR    (1)    2 :  0.108 0.818 0.074 
181 OmyJC19ROGR    (1)    2 :  0.268 0.154 0.578 
182 OmyJC19ROGR    (1)    2 :  0.211 0.367 0.423 
183 OmyJC19ROGR    (1)    2 :  0.367 0.131 0.503 
184 OmyJC19ROGR    (1)    2 :  0.169 0.648 0.183 
185 OmyJC19ROGR    (2)    2 :  0.221 0.046 0.734 
186 OmyJC19ROGR    (1)    2 :  0.642 0.211 0.147 
187 OmyJC19ROGR    (0)    2 :  0.178 0.087 0.735 
188 OmyJC19ROGR    (1)    2 :  0.347 0.171 0.482 
189 OmyJC19ROGR    (0)    2 :  0.474 0.308 0.218 
190 OmyJC19ROGR    (0)    2 :  0.669 0.152 0.179 
191 OmyJC19ROGR    (2)    2 :  0.714 0.116 0.170 
192 OmyJC19ROGR    (1)    2 :  0.085 0.133 0.782 
193 OmyJC19ROGR    (1)    2 :  0.280 0.293 0.427 
194 OmyJC19ROGR    (0)    2 :  0.138 0.066 0.796 
195 OmyJC19ROGR    (1)    2 :  0.058 0.803 0.139 
196 OmyJC19ROGR    (1)    2 :  0.141 0.118 0.742 
197 OmyJC19ROGR    (1)    2 :  0.608 0.161 0.232 
198 OmyJC19ROGR    (1)    2 :  0.098 0.799 0.103 
199 OmyJC19ROGR    (0)    2 :  0.235 0.108 0.657 
200 OmyJC19ROGR    (0)    2 :  0.671 0.140 0.189 
201 OmyJC19ROGR    (1)    2 :  0.250 0.086 0.664 
202 OmyJC19ROGR    (0)    2 :  0.791 0.043 0.166 
203 OmyJC19ROGR    (0)    2 :  0.484 0.129 0.387 
204 OmyJC19ROGR    (1)    2 :  0.341 0.154 0.505 
205 OmyJC19ROGR    (1)    2 :  0.294 0.249 0.457 
206 OmyJC19ROGR    (1)    2 :  0.077 0.843 0.080 
207 OmyJC19ROGR    (1)    2 :  0.173 0.372 0.455 
208 OmyJC19ROGR    (1)    2 :  0.222 0.126 0.652 
209 OmyJC19ROGR    (0)    2 :  0.241 0.619 0.140 
210 OmyJC19ROGR    (1)    2 :  0.041 0.897 0.062 
211 OmyJC19ROGR    (0)    2 :  0.247 0.326 0.428 
212 OmyJC19ROGR    (1)    2 :  0.488 0.360 0.152 
213 OmyJC19ROGR    (1)    2 :  0.445 0.112 0.443 
214 OmyJC19ROGR    (1)    2 :  0.194 0.189 0.618 
215 OmyJC19ROGR    (1)    2 :  0.257 0.100 0.643 
216 OmyJC19ROGR    (1)    2 :  0.057 0.843 0.100 
217 OmyJC19ROGR    (1)    2 :  0.199 0.522 0.279 
218 OmyJC19ROGR    (1)    2 :  0.718 0.099 0.183 
219 OmyJC19ROGR    (1)    2 :  0.100 0.274 0.626 
220 OmyJC19ROGR    (1)    2 :  0.433 0.053 0.514 
221 OmyJC19ROGR    (0)    2 :  0.238 0.477 0.285 
222 OmyJC19ROGR    (1)    2 :  0.474 0.121 0.405 
223 OmyJC19ROGR    (0)    2 :  0.276 0.176 0.548 
224 OmyJC19ROGR    (1)    2 :  0.155 0.075 0.770 
225 OmyJC19ROGR    (1)    2 :  0.043 0.911 0.046 
226 OmyJC19ROGR    (0)    2 :  0.127 0.358 0.515 
227 OmyJC19ROGR    (1)    2 :  0.083 0.865 0.052 
228 OmyJC19ROGR    (1)    2 :  0.094 0.110 0.796 
229 OmyJC19ROGR    (2)    2 :  0.540 0.114 0.347 
230 OmyJC19ROGR    (1)    2 :  0.407 0.383 0.210 
231 OmyJC19ROGR    (1)    2 :  0.150 0.204 0.646 
232 OmyJC19ROGR    (2)    2 :  0.418 0.145 0.437 
233 OmyJC19ROGR    (1)    2 :  0.226 0.257 0.518 
234 OmyJC19ROGR    (1)    2 :  0.061 0.892 0.047 
235 OmyJC19ROGR    (0)    2 :  0.182 0.622 0.196 
236 OmyJC19ROGR    (1)    2 :  0.461 0.099 0.440 
237 OmyJC19ROGR    (1)    2 :  0.330 0.216 0.454 
238 OmyJC19ROGR    (0)    2 :  0.141 0.294 0.565 
239 OmyJC19ROGR    (1)    2 :  0.167 0.263 0.571 
240 OmyJC19ROGR    (1)    2 :  0.297 0.142 0.561 
241 OmyJC19ROGR    (0)    2 :  0.590 0.230 0.179 
242 OmyJC19ROGR    (1)    2 :  0.471 0.082 0.448 
243 OmyJC19ROGR    (1)    2 :  0.610 0.137 0.253 
244 OmyJC19ROGR    (1)    2 :  0.575 0.172 0.254 
245 OmyJC19ROGR    (0)    2 :  0.039 0.921 0.039 
246 OmyJC19ROGR    (1)    2 :  0.537 0.311 0.152 
247 OmyJC19ROGR    (0)    2 :  0.235 0.597 0.168 
248 OmyJC19ROGR    (1)    2 :  0.205 0.623 0.171 
249 OmyJC19ROGR    (1)    2 :  0.184 0.211 0.604 
250 OmyJC19ROGR    (0)    2 :  0.361 0.269 0.370 
251 OmyJC19ROGR    (1)    2 :  0.294 0.205 0.501 
252 OmyJC19ROGR    (0)    2 :  0.810 0.106 0.085 
253 OmyJC19ROGR    (0)    2 :  0.243 0.216 0.541 
254 OmyJC19ROGR    (1)    2 :  0.584 0.168 0.248 
255 OmyJC19ROGR    (1)    2 :  0.751 0.087 0.162 
256 OmyJC19ROGR    (1)    2 :  0.416 0.435 0.149 
257 OmyJC19ROGR    (0)    2 :  0.255 0.244 0.501 
258 OmyAC19ROGR    (1)    1 :  0.322 0.365 0.313 
259 OmyAC19ROGR    (2)    1 :  0.168 0.610 0.223 
260 OmyAC19ROGR    (1)    1 :  0.309 0.101 0.590 
261 OmyAC19ROGR    (0)    1 :  0.126 0.172 0.702 
262 OmyAC19ROGR    (1)    1 :  0.335 0.303 0.363 
263 OmyAC19ROGR    (0)    1 :  0.689 0.109 0.203 
264 OmyAC19ROGR    (1)    1 :  0.280 0.212 0.508 
265 OmyAC19ROGR    (1)    1 :  0.264 0.137 0.599 
266 OmyAC19ROGR    (1)    1 :  0.174 0.065 0.761 
267 OmyAC19ROGR    (1)    1 :  0.257 0.353 0.390 
268 OmyAC19ROGR    (2)    1 :  0.539 0.281 0.181 
269 OmyAC19ROGR    (1)    1 :  0.238 0.374 0.388 
270 OmyAC19ROGR    (1)    1 :  0.666 0.124 0.211 
271 OmyAC19ROGR    (1)    1 :  0.194 0.539 0.266 
272 OmyAC19ROGR    (0)    1 :  0.122 0.396 0.482 
273 OmyAC19ROGR    (0)    1 :  0.468 0.130 0.403 
274 OmyAC19ROGR    (1)    1 :  0.078 0.811 0.111 
275 OmyAC19ROGR    (1)    1 :  0.404 0.287 0.309 
276 OmyAC19ROGR    (1)    1 :  0.195 0.198 0.606 
277 OmyAC19ROGR    (1)    1 :  0.160 0.241 0.600 
278 OmyAC19ROGR    (1)    1 :  0.140 0.474 0.386 
279 OmyAC19ROGR    (0)    1 :  0.140 0.373 0.488 
280 OmyAC19ROGR    (1)    1 :  0.450 0.285 0.266 
281 OmyAC19ROGR    (1)    1 :  0.209 0.163 0.628 
282 OmyAC19ROGR    (1)    1 :  0.332 0.339 0.330 
283 OmyAC19ROGR    (1)    1 :  0.196 0.166 0.638 
284 OmyAC19ROGR    (0)    1 :  0.401 0.092 0.507 
285 OmyAC19ROGR    (1)    1 :  0.494 0.136 0.370 
286 OmyAC19ROGR    (1)    1 :  0.331 0.080 0.589 
287 OmyAC19ROGR    (1)    1 :  0.030 0.935 0.035 
288 OmyAC19ROGR    (1)    1 :  0.086 0.799 0.115 
289 OmyAC19ROGR    (1)    1 :  0.161 0.273 0.565 
290 OmyAC19ROGR    (1)    1 :  0.052 0.904 0.044 
291 OmyAC19ROGR    (1)    1 :  0.333 0.523 0.144 
292 OmyAC19ROGR    (1)    1 :  0.180 0.395 0.426 
293 OmyAC19ROGR    (1)    1 :  0.745 0.110 0.145 
294 OmyAC19ROGR    (1)    1 :  0.134 0.377 0.489 
295 OmyAC19ROGR    (0)    1 :  0.426 0.080 0.493 
296 OmyAC19ROGR    (0)    1 :  0.223 0.114 0.663 
297 OmyAC19ROGR    (1)    1 :  0.067 0.827 0.106 
298 OmyAC19ROGR    (0)    1 :  0.114 0.075 0.810 
299 OmyAC19ROGR    (1)    1 :  0.415 0.387 0.197 
300 OmyAC19ROGR    (1)    1 :  0.243 0.131 0.627 
301 OmyAC19ROGR    (0)    1 :  0.055 0.871 0.074 
302 OmyAC19ROGR    (1)    1 :  0.106 0.564 0.330 
303 OmyAC19ROGR    (1)    1 :  0.151 0.306 0.543 
304 OmyAC19ROGR    (1)    1 :  0.225 0.341 0.433 
305 OmyAC19ROGR    (1)    1 :  0.292 0.114 0.594 
306 OmyAC19ROGR    (1)    1 :  0.057 0.737 0.206 
307 OmyAC19ROGR    (2)    1 :  0.454 0.081 0.465 
308 OmyAC19ROGR    (0)    1 :  0.168 0.280 0.552 
309 OmyAC19ROGR    (2)    1 :  0.054 0.902 0.044 
310 OmyAC19ROGR    (0)    1 :  0.161 0.537 0.302 
311 OmyAC19ROGR    (0)    1 :  0.124 0.620 0.256 
312 OmyAC19ROGR    (0)    1 :  0.659 0.130 0.211 
313 OmyAC19ROGR    (1)    1 :  0.370 0.068 0.562 
314 OmyAC19ROGR    (0)    1 :  0.701 0.137 0.162 
315 OmyAC19ROGR    (1)    1 :  0.364 0.207 0.429 
316 OmyAC19ROGR    (1)    1 :  0.235 0.112 0.654 
317 OmyAC19ROGR    (1)    1 :  0.597 0.140 0.262 
318 OmyAC19ROGR    (1)    1 :  0.664 0.088 0.248 
319 OmyAC19ROGR    (1)    1 :  0.462 0.066 0.472 
320 OmyAC19ROGR    (0)    1 :  0.297 0.054 0.648 
321 OmyAC19ROGR    (1)    1 :  0.186 0.094 0.721 
322 OmyAC19ROGR    (0)    1 :  0.158 0.495 0.348 
323 OmyAC19ROGR    (1)    1 :  0.093 0.092 0.814 
324 OmyAC19ROGR    (1)    1 :  0.370 0.096 0.535 
325 OmyAC19ROGR    (1)    1 :  0.163 0.553 0.284 
326 OmyAC19ROGR    (1)    1 :  0.167 0.172 0.660 
327 OmyAC19ROGR    (1)    1 :  0.316 0.130 0.554 
328 OmyJC18ROGR    (1)    2 :  0.630 0.120 0.250 
329 OmyJC18ROGR    (0)    2 :  0.228 0.211 0.561 
330 OmyJC18ROGR    (0)    2 :  0.080 0.162 0.759 
331 OmyJC18ROGR    (1)    2 :  0.136 0.674 0.190 
332 OmyJC18ROGR    (1)    2 :  0.145 0.747 0.108 
333 OmyJC18ROGR    (1)    2 :  0.077 0.836 0.087 
334 OmyJC18ROGR    (1)    2 :  0.332 0.335 0.334 
335 OmyJC18ROGR    (0)    2 :  0.646 0.076 0.278 
336 OmyJC18ROGR    (1)    2 :  0.059 0.865 0.077 
337 OmyJC18ROGR    (1)    2 :  0.143 0.127 0.730 
338 OmyJC18ROGR    (1)    2 :  0.044 0.858 0.098 
339 OmyJC18ROGR    (1)    2 :  0.173 0.160 0.667 
340 OmyJC18ROGR    (0)    2 :  0.504 0.274 0.222 
341 OmyJC18ROGR    (1)    2 :  0.549 0.062 0.389 
342 OmyJC18ROGR    (2)    2 :  0.197 0.497 0.306 
343 OmyJC18ROGR    (2)    2 :  0.407 0.431 0.162 
344 OmyJC18ROGR    (3)    2 :  0.242 0.588 0.169 
345 OmyJC18ROGR    (2)    2 :  0.156 0.734 0.110 
346 OmyJC18ROGR    (4)    2 :  0.108 0.087 0.805 
347 OmyJC18ROGR    (3)    2 :  0.137 0.152 0.711 
348 OmyJC18ROGR    (1)    2 :  0.213 0.361 0.426 
349 OmyJC18ROGR    (1)    2 :  0.185 0.122 0.693 
350 OmyJC18ROGR    (1)    2 :  0.152 0.159 0.689 
351 OmyJC18ROGR    (0)    2 :  0.081 0.758 0.161 
352 OmyJC18ROGR    (4)    2 :  0.208 0.568 0.224 
353 OmyJC18ROGR    (2)    2 :  0.363 0.362 0.275 
354 OmyJC18ROGR    (1)    2 :  0.236 0.250 0.514 
355 OmyJC18ROGR    (2)    2 :  0.273 0.140 0.587 
356 OmyJC18ROGR    (1)    2 :  0.565 0.112 0.323 
357 OmyJC18ROGR    (2)    2 :  0.254 0.678 0.068 
358 OmyJC18ROGR    (2)    2 :  0.550 0.075 0.375 
359 OmyJC18ROGR    (3)    2 :  0.258 0.232 0.511 
360 OmyJC18ROGR    (0)    2 :  0.613 0.148 0.239 
361 OmyJC18ROGR    (1)    2 :  0.224 0.065 0.711 
362 OmyJC18ROGR    (1)    2 :  0.212 0.356 0.432 
363 OmyJC18ROGR    (2)    2 :  0.366 0.381 0.252 
364 OmyJC18ROGR    (3)    2 :  0.200 0.069 0.731 
365 OmyJC18ROGR    (4)    2 :  0.138 0.128 0.734 
366 OmyJC18ROGR    (4)    2 :  0.562 0.121 0.317 
367 OmyJC18ROGR    (3)    2 :  0.080 0.803 0.117 
368 OmyJC18ROGR    (3)    2 :  0.159 0.501 0.339 
369 OmyJC18ROGR    (2)    2 :  0.563 0.215 0.222 
370 OmyJC18ROGR    (3)    2 :  0.322 0.177 0.501 
371 OmyJC18ROGR    (1)    2 :  0.423 0.124 0.453 
372 OmyJC18ROGR    (3)    2 :  0.294 0.223 0.483 
373 OmyJC18ROGR    (5)    2 :  0.619 0.213 0.169 
374 OmyJC18ROGR    (5)    2 :  0.775 0.068 0.157 
375 OmyJC18ROGR    (3)    2 :  0.131 0.257 0.611 
376 OmyJC18ROGR    (3)    2 :  0.049 0.880 0.071 
377 OmyJC18ROGR    (4)    2 :  0.533 0.327 0.140 
378 OmyJC18ROGR    (0)    2 :  0.354 0.210 0.436 
379 OmyJC18ROGR    (5)    2 :  0.341 0.284 0.375 
380 OmyJC18ROGR    (4)    2 :  0.450 0.328 0.222 
381 OmyJC18ROGR    (1)    2 :  0.303 0.164 0.533 
382 OmyJC18ROGR    (1)    2 :  0.398 0.120 0.483 
383 OmyJC18ROGR    (3)    2 :  0.185 0.584 0.231 
384 OmyJC18ROGR    (2)    2 :  0.085 0.337 0.578 
385 OmyJC18ROGR    (4)    2 :  0.103 0.153 0.744 
386 OmyJC18ROGR    (2)    2 :  0.086 0.463 0.451 
387 OmyJC18ROGR    (1)    2 :  0.368 0.405 0.227 
388 OmyJC18ROGR    (6)    2 :  0.621 0.170 0.209 
389 OmyJC18ROGR    (1)    2 :  0.183 0.317 0.500 
390 OmyJC18ROGR    (1)    2 :  0.209 0.179 0.612 
391 OmyJC18ROGR    (3)    2 :  0.094 0.842 0.064 
392 OmyJC18ROGR    (2)    2 :  0.387 0.103 0.510 
393 OmyJC18ROGR    (4)    2 :  0.728 0.166 0.107 
394 OmyJC18ROGR    (3)    2 :  0.074 0.767 0.159 
395 OmyJC18ROGR    (7)    2 :  0.518 0.344 0.138 
396 OmyJC18ROGR    (4)    2 :  0.276 0.578 0.146 
397 OmyJC18ROGR    (1)    2 :  0.285 0.163 0.552 
398 OmyJC18ROGR    (3)    2 :  0.331 0.369 0.300 
399 OmyJC18ROGR    (2)    2 :  0.354 0.450 0.196 
400 OmyJC18ROGR    (0)    2 :  0.287 0.173 0.541 
401 OmyJC18ROGR    (6)    2 :  0.704 0.169 0.126 
402 OmyJC18ROGR    (5)    2 :  0.539 0.341 0.119 
403 OmyJC18ROGR    (1)    2 :  0.388 0.288 0.324 
404 OmyJC18ROGR    (2)    2 :  0.121 0.288 0.592 
405 OmyJC18ROGR    (3)    2 :  0.226 0.116 0.658 
406 OmyJC18ROGR    (2)    2 :  0.131 0.122 0.746 
407 OmyJC18ROGR    (2)    2 :  0.451 0.287 0.262 
408 OmyJC18ROGR    (2)    2 :  0.454 0.265 0.281 
409 OmyJC18ROGR    (1)    2 :  0.498 0.118 0.384 
410 OmyJC18ROGR    (1)    2 :  0.219 0.106 0.675 
411 OmyJC18ROGR    (1)    2 :  0.379 0.165 0.456 
412 OmyJC18ROGR    (0)    2 :  0.116 0.075 0.809 
413 OmyJC18ROGR    (1)    2 :  0.106 0.115 0.779 
414 OmyJC18ROGR    (2)    2 :  0.133 0.083 0.784 
415 OmyJC18ROGR    (2)    2 :  0.557 0.072 0.371 
416 OmyJC18ROGR    (3)    2 :  0.186 0.216 0.599 
417 OmyJC18ROGR    (1)    2 :  0.476 0.157 0.368 
418 OmyJC18ROGR    (0)    2 :  0.805 0.096 0.099 
419 OmyJC18ROGR    (1)    2 :  0.610 0.091 0.299 
420 OmyJC18ROGR    (0)    2 :  0.123 0.094 0.783 
421 OmyJC18ROGR    (1)    2 :  0.155 0.165 0.680 
422 OmyJC18ROGR    (6)    2 :  0.438 0.188 0.374 
423 OmyJC18ROGR    (2)    2 :  0.287 0.162 0.550 
424 OmyJC18ROGR    (1)    2 :  0.383 0.378 0.239 
425 OmyJC18ROGR    (1)    2 :  0.182 0.454 0.364 
426 OmyJC18ROGR    (3)    2 :  0.384 0.110 0.505 
427 OmyJC18ROGR    (2)    2 :  0.071 0.674 0.255 
428 OmyJC18ROGR    (6)    2 :  0.163 0.072 0.764 
429 OmyJC18ROGR    (1)    2 :  0.088 0.343 0.569 
430 OmyJC18ROGR    (1)    2 :  0.393 0.300 0.306 
431 OmyJC18ROGR    (0)    2 :  0.162 0.185 0.653 
432 OmyJC18ROGR    (2)    2 :  0.110 0.790 0.100 
433 OmyJC18ROGR    (2)    2 :  0.676 0.187 0.137 
434 OmyJC18ROGR    (2)    2 :  0.212 0.315 0.473 
435 OmyJC18ROGR    (8)    2 :  0.254 0.189 0.557 
436 OmyJC18ROGR    (2)    2 :  0.297 0.100 0.604 
437 OmyJC18ROGR    (4)    2 :  0.424 0.112 0.464 
438 OmyJC18ROGR    (1)    2 :  0.751 0.159 0.090 
439 OmyJC18ROGR    (2)    2 :  0.190 0.594 0.216 
440 OmyJC18ROGR    (0)    2 :  0.673 0.252 0.075 
441 OmyJC18ROGR    (1)    2 :  0.123 0.107 0.770 
442 OmyJC18ROGR    (6)    2 :  0.370 0.304 0.326 
443 OmyJC18ROGR    (1)    2 :  0.109 0.062 0.829 
444 OmyJC18ROGR    (6)    2 :  0.551 0.129 0.320 
445 OmyJC18ROGR    (2)    2 :  0.495 0.200 0.305 
446 OmyJC18ROGR    (3)    2 :  0.478 0.397 0.125 
447 OmyJC18ROGR    (2)    2 :  0.256 0.255 0.489 
448 OmyJC18ROGR    (3)    2 :  0.245 0.199 0.556 
449 OmyJC18ROGR    (1)    2 :  0.148 0.097 0.755 
450 OmyJC18ROGR    (4)    2 :  0.438 0.363 0.199 
451 OmyJC18ROGR    (3)    2 :  0.243 0.151 0.606 
452 OmyJC18ROGR    (1)    2 :  0.093 0.193 0.714 
453 OmyJC18ROGR    (1)    2 :  0.102 0.079 0.819 
454 OmyJC18ROGR    (4)    2 :  0.543 0.153 0.303 
455 OmyJC18ROGR    (4)    2 :  0.275 0.560 0.165 
456 OmyJC18ROGR    (5)    2 :  0.222 0.285 0.493 
457 OmyJC18ROGR    (3)    2 :  0.701 0.092 0.207 
458 OmyJC18ROGR    (1)    2 :  0.345 0.166 0.490 
459 OmyJC18ROGR    (1)    2 :  0.051 0.858 0.092 
460 OmyJC18ROGR    (2)    2 :  0.225 0.153 0.622 
461 OmyJC18ROGR    (1)    2 :  0.163 0.759 0.078 
462 OmyJC18ROGR    (1)    2 :  0.507 0.052 0.441 
463 OmyJC18ROGR    (4)    2 :  0.243 0.159 0.598 
464 OmyJC18ROGR    (6)    2 :  0.388 0.078 0.535 
465 OmyJC18ROGR    (3)    2 :  0.699 0.102 0.199 
466 OmyJC18ROGR    (3)    2 :  0.441 0.202 0.357 
467 OmyJC18ROGR    (2)    2 :  0.263 0.267 0.470 
468 OmyJC18ROGR    (2)    2 :  0.292 0.056 0.652 
469 OmyJC18ROGR    (1)    2 :  0.043 0.907 0.050 
470 OmyJC18ROGR    (0)    2 :  0.476 0.379 0.144 
471 OmyJC18ROGR    (2)    2 :  0.335 0.276 0.389 
472 OmyJC18ROGR    (2)    2 :  0.081 0.027 0.891 
473 OmyJC18ROGR    (1)    2 :  0.201 0.224 0.575 
474 OmyJC18ROGR    (3)    2 :  0.257 0.201 0.542 
475 OmyJC18ROGR    (1)    2 :  0.539 0.235 0.226 
476 OmyJC18ROGR    (2)    2 :  0.274 0.126 0.600 
477 OmyJC18ROGR    (0)    2 :  0.520 0.238 0.242 
478 OmyJC18ROGR    (1)    2 :  0.228 0.226 0.547 
479 OmyJC18ROGR    (1)    2 :  0.420 0.151 0.430 
480 OmyJC18ROGR    (1)    2 :  0.277 0.259 0.465 
481 OmyJC18ROGR    (1)    2 :  0.209 0.127 0.664 
482 OmyJC18ROGR    (1)    2 :  0.670 0.124 0.207 
483 OmyJC18ROGR    (0)    2 :  0.422 0.112 0.466 
484 OmyJC18ROGR    (0)    2 :  0.178 0.212 0.610 
485 OmyJC18ROGR    (0)    2 :  0.681 0.090 0.229 
486 OmyJC18ROGR    (0)    2 :  0.391 0.165 0.444 
487 OmyJC18ROGR    (1)    2 :  0.764 0.110 0.126 
488 OmyJC18ROGR    (1)    2 :  0.532 0.193 0.275 
489 OmyJC18ROGR    (1)    2 :  0.170 0.170 0.661 
490 OmyJC18ROGR    (0)    2 :  0.108 0.064 0.828 
491 OmyJC18ROGR    (0)    2 :  0.609 0.154 0.238 
492 OmyJC18ROGR    (5)    2 :  0.155 0.769 0.076 
493 OmyJC18ROGR    (1)    2 :  0.390 0.423 0.187 
494 OmyJC18ROGR    (3)    2 :  0.367 0.137 0.497 
495 OmyJC18ROGR    (1)    2 :  0.511 0.235 0.254 
496 OmyJC18ROGR    (1)    2 :  0.155 0.324 0.521 
497 OmyJC18ROGR    (1)    2 :  0.544 0.069 0.387 
498 OmyJC18ROGR    (1)    2 :  0.468 0.194 0.338 
499 OmyJC18ROGR    (1)    2 :  0.441 0.113 0.445 
500 OmyJC18ROGR    (1)    2 :  0.102 0.220 0.678 
501 OmyJC18ROGR    (2)    2 :  0.710 0.080 0.210 
502 OmyJC18ROGR    (1)    2 :  0.514 0.355 0.131 
503 OmyJC18ROGR    (2)    2 :  0.422 0.254 0.323 
504 OmyJC18ROGR    (2)    2 :  0.598 0.187 0.215 
505 OmyJC18ROGR    (2)    2 :  0.259 0.213 0.528 
506 OmyJC18ROGR    (3)    2 :  0.325 0.214 0.461 
507 OmyJC18ROGR    (1)    2 :  0.144 0.267 0.588 
508 OmyJC18ROGR    (7)    2 :  0.357 0.131 0.513 
509 OmyJC18ROGR    (1)    2 :  0.426 0.320 0.254 
510 OmyJC18ROGR    (1)    2 :  0.042 0.919 0.039 
511 OmyJC18ROGR    (2)    2 :  0.538 0.280 0.182 
512 OmyJC18ROGR    (1)    2 :  0.702 0.086 0.212 
513 OmyJC18ROGR    (3)    2 :  0.199 0.104 0.697 
514 OmyJC18ROGR    (1)    2 :  0.821 0.090 0.089 
515 OmyJC18ROGR    (5)    2 :  0.214 0.106 0.680 
516 OmyJC18ROGR    (3)    2 :  0.491 0.420 0.089 
517 OmyJC18ROGR    (1)    2 :  0.584 0.072 0.344 
518 OmyJC18ROGR    (1)    2 :  0.209 0.603 0.188 
519 OmyJC18ROGR    (0)    2 :  0.488 0.260 0.253 
520 OmyJC18ROGR    (0)    2 :  0.384 0.123 0.493 
521 OmyJC18ROGR    (2)    2 :  0.332 0.270 0.398 
522 OmyJC18ROGR    (2)    2 :  0.230 0.513 0.256 
523 OmyJC18ROGR    (1)    2 :  0.419 0.434 0.147 
524 OmyJC18ROGR    (3)    2 :  0.289 0.308 0.403 
525 OmyJC18ROGR    (1)    2 :  0.514 0.161 0.325 
526 OmyJC18ROGR    (7)    2 :  0.183 0.064 0.753 
527 OmyJC18ROGR    (4)    2 :  0.167 0.231 0.602 
528 OmyJC18ROGR    (1)    2 :  0.339 0.075 0.586 
529 OmyJC18ROGR    (2)    2 :  0.139 0.116 0.745 
530 OmyJC18ROGR    (1)    2 :  0.645 0.170 0.185 
531 OmyJC18ROGR    (2)    2 :  0.229 0.115 0.656 
532 OmyJC18ROGR    (2)    2 :  0.333 0.071 0.596 
533 OmyJC18ROGR    (5)    2 :  0.090 0.849 0.061 
534 OmyJC18ROGR    (2)    2 :  0.362 0.263 0.375 
535 OmyJC18ROGR    (3)    2 :  0.529 0.162 0.309 
536 OmyJC18ROGR    (0)    2 :  0.219 0.284 0.498 
537 OmyJC18ROGR    (3)    2 :  0.264 0.431 0.305 
538 OmyJC18ROGR    (1)    2 :  0.393 0.117 0.489 
539 OmyJC18ROGR    (1)    2 :  0.512 0.157 0.331 
540 OmyJC18ROGR    (1)    2 :  0.242 0.148 0.610 
541 OmyJC18ROGR    (5)    2 :  0.587 0.046 0.367 
542 OmyJC18ROGR    (4)    2 :  0.326 0.280 0.394 
543 OmyJC18ROGR    (2)    2 :  0.632 0.060 0.308 
544 OmyJC18ROGR    (2)    2 :  0.596 0.177 0.227 
545 OmyJC18ROGR    (2)    2 :  0.296 0.464 0.240 
546 OmyJC18ROGR    (1)    2 :  0.538 0.134 0.328 
547 OmyJC18ROGR    (1)    2 :  0.526 0.173 0.302 
548 OmyJC18ROGR    (1)    2 :  0.090 0.786 0.124 
549 OmyJC18ROGR    (1)    2 :  0.311 0.441 0.248 
550 OmyJC18ROGR    (2)    2 :  0.204 0.435 0.361 
551 OmyJC18ROGR    (4)    2 :  0.152 0.281 0.567 
552 OmyJC18ROGR    (6)    2 :  0.062 0.107 0.831 
553 OmyJC18ROGR    (3)    2 :  0.810 0.089 0.101 
554 OmyJC18ROGR    (1)    2 :  0.654 0.063 0.283 
555 OmyJC18ROGR    (4)    2 :  0.614 0.094 0.293 
556 OmyJC18ROGR    (2)    2 :  0.375 0.228 0.397 
557 OmyJC18ROGR    (0)    2 :  0.370 0.124 0.506 
558 OmyJC18ROGR    (2)    2 :  0.583 0.154 0.263 
559 OmyJC18ROGR    (3)    2 :  0.200 0.448 0.352 
560 OmyJC18ROGR    (6)    2 :  0.607 0.101 0.292 
561 OmyJC18ROGR    (1)    2 :  0.102 0.321 0.577 
562 OmyJC18ROGR    (2)    2 :  0.663 0.143 0.194 
563 OmyJC18ROGR    (2)    2 :  0.365 0.440 0.195 
564 OmyJC18ROGR    (1)    2 :  0.230 0.494 0.276 
565 OmyJC18ROGR    (1)    2 :  0.117 0.157 0.726 
566 OmyJC18ROGR    (1)    2 :  0.250 0.092 0.658 
567 OmyJC18ROGR    (1)    2 :  0.135 0.114 0.751 
568 OmyJC18ROGR    (1)    2 :  0.221 0.090 0.688 
569 OmyJC18ROGR    (3)    2 :  0.290 0.128 0.581 
570 OmyJC18ROGR    (1)    2 :  0.410 0.409 0.181 
571 OmyJC18ROGR    (2)    2 :  0.154 0.626 0.220 
572 OmyJC18ROGR    (5)    2 :  0.600 0.290 0.110 
573 OmyJC18ROGR    (5)    2 :  0.326 0.342 0.332 
574 OmyJC18ROGR    (1)    2 :  0.131 0.336 0.533 
575 OmyJC18ROGR    (2)    2 :  0.482 0.095 0.422 
576 OmyJC18ROGR    (0)    2 :  0.767 0.062 0.172 
577 OmyJC18ROGR    (1)    2 :  0.196 0.445 0.360 
578 OmyJC18ROGR    (1)    2 :  0.075 0.079 0.846 
579 OmyJC18ROGR    (2)    2 :  0.562 0.198 0.240 
580 OmyJC18ROGR    (1)    2 :  0.588 0.063 0.350 
581 OmyJC18ROGR    (1)    2 :  0.604 0.267 0.129 
582 OmyJC18ROGR    (0)    2 :  0.136 0.220 0.644 
583 OmyJC18ROGR    (1)    2 :  0.488 0.164 0.348 
584 OmyJC18ROGR    (2)    2 :  0.289 0.457 0.253 
585 OmyJC18ROGR    (1)    2 :  0.069 0.382 0.549 
586 OmyJC18ROGR    (0)    2 :  0.166 0.651 0.183 
587 OmyJC18ROGR    (1)    2 :  0.418 0.111 0.471 
588 OmyJC18ROGR    (0)    2 :  0.201 0.595 0.204 
589 OmyJC18ROGR    (2)    2 :  0.805 0.102 0.093 
590 OmyJC18ROGR    (2)    2 :  0.440 0.306 0.254 
591 OmyJC18ROGR    (1)    2 :  0.254 0.523 0.223 
592 OmyJC18ROGR    (1)    2 :  0.469 0.128 0.403 
593 OmyJC18ROGR    (1)    2 :  0.111 0.370 0.520 
594 OmyJC18ROGR    (3)    2 :  0.306 0.124 0.570 
595 OmyJC18ROGR    (1)    2 :  0.269 0.238 0.493 
596 OmyJC18ROGR    (1)    2 :  0.226 0.237 0.538 
597 OmyJC18ROGR    (1)    2 :  0.135 0.215 0.649 
598 OmyJC18ROGR    (1)    2 :  0.144 0.658 0.198 
599 OmyJC18ROGR    (1)    2 :  0.571 0.178 0.251 
600 OmyJC18ROGR    (2)    2 :  0.634 0.127 0.239 
601 OmyJC18ROGR    (7)    2 :  0.742 0.055 0.203 
602 OmyJC18ROGR    (3)    2 :  0.158 0.220 0.622 
603 OmyJC18ROGR    (1)    2 :  0.494 0.144 0.362 
604 OmyJC18ROGR    (1)    2 :  0.423 0.144 0.433 
605 OmyJC18ROGR    (1)    2 :  0.578 0.110 0.312 
606 OmyJC18ROGR    (1)    2 :  0.115 0.551 0.334 
607 OmyJC18ROGR    (1)    2 :  0.373 0.143 0.483 
608 OmyJC18ROGR    (1)    2 :  0.596 0.139 0.265 
609 OmyJC18ROGR    (1)    2 :  0.783 0.126 0.091 
610 OmyJC18ROGR    (1)    2 :  0.411 0.325 0.264 
611 OmyJC18ROGR    (1)    2 :  0.525 0.153 0.322 
612 OmyJC18ROGR    (1)    2 :  0.210 0.270 0.520 
613 OmyJC18ROGR    (2)    2 :  0.212 0.643 0.145 
614 OmyJC18ROGR    (1)    2 :  0.541 0.368 0.090 
615 OmyJC18ROGR    (1)    2 :  0.251 0.121 0.628 
616 OmyJC18ROGR    (1)    2 :  0.207 0.111 0.682 
617 OmyJC18ROGR    (1)    2 :  0.572 0.091 0.337 
618 OmyJC18ROGR    (0)    2 :  0.113 0.309 0.578 
619 OmyJC18ROGR    (1)    2 :  0.120 0.236 0.644 
620 OmyJC18ROGR    (1)    2 :  0.280 0.409 0.312 
621 OmyJC18ROGR    (1)    2 :  0.438 0.339 0.223 
622 OmyJC18ROGR    (1)    2 :  0.506 0.046 0.448 
623 OmyJC18ROGR    (1)    2 :  0.182 0.446 0.372 
624 OmyJC18ROGR    (0)    2 :  0.347 0.213 0.440 
625 OmyJC18ROGR    (0)    2 :  0.088 0.127 0.785 
626 OmyJC18ROGR    (1)    2 :  0.329 0.068 0.603 
627 OmyJC18ROGR    (1)    2 :  0.196 0.087 0.717 
628 OmyJC18ROGR    (1)    2 :  0.119 0.580 0.301 
629 OmyJC18ROGR    (1)    2 :  0.039 0.892 0.069 
630 OmyJC18ROGR    (2)    2 :  0.108 0.206 0.686 
631 OmyJC18ROGR    (5)    2 :  0.464 0.426 0.110 
632 OmyJC18ROGR    (2)    2 :  0.292 0.193 0.515 
633 OmyJC18ROGR    (1)    2 :  0.089 0.424 0.487 
634 OmyJC18ROGR    (4)    2 :  0.554 0.064 0.381 
635 OmyJC18ROGR    (1)    2 :  0.065 0.054 0.881 
636 OmyJC18ROGR    (0)    2 :  0.280 0.180 0.540 
637 OmyJC18ROGR    (1)    2 :  0.821 0.090 0.089 
638 OmyJC18ROGR    (0)    2 :  0.109 0.288 0.603 
639 OmyJC18ROGR    (0)    2 :  0.619 0.154 0.227 
640 OmyJC18ROGR    (1)    2 :  0.316 0.276 0.408 
641 OmyJC18ROGR    (1)    2 :  0.379 0.232 0.389 
642 OmyJC18ROGR    (1)    2 :  0.269 0.511 0.220 
643 OmyJC18ROGR    (1)    2 :  0.098 0.047 0.855 
644 OmyJC18ROGR    (1)    2 :  0.132 0.084 0.784 
645 OmyJC18ROGR    (0)    2 :  0.193 0.360 0.447 
646 OmyAC19ROGR    (1)    3 :  0.300 0.174 0.526 
647 OmyJC18ROGR    (1)    2 :  0.246 0.223 0.531 
648 OmyAC19ROGR    (0)    3 :  0.287 0.068 0.645 
649 OmyAC19APPR    (1)    3 :  0.065 0.043 0.892 
650 OmyAC19APPR    (1)    3 :  0.103 0.183 0.714 
651 OmyJC18ROGR    (1)    2 :  0.350 0.122 0.527 
652 OmyAC19APPR    (0)    3 :  0.240 0.140 0.620 
653 OmyAC19CORH    (2)    4 :  0.621 0.115 0.264 
654 OmyJC18ROGR    (0)    2 :  0.187 0.083 0.730 
655 OmyAC19CORH    (1)    4 :  0.533 0.282 0.185 
656 OmyAC19CORH    (1)    4 :  0.786 0.101 0.113 
657 OmyAC19CORH    (1)    4 :  0.871 0.057 0.072 
658 OmyAC19CORH    (0)    4 :  0.827 0.116 0.056 
659 OmyAC19CORH    (0)    4 :  0.848 0.069 0.084 
660 OmyAC19ROGR    (3)    3 :  0.095 0.283 0.622 
661 OmyJC18ROGR    (1)    2 :  0.349 0.203 0.448 
662 OmyAC19ROGR    (1)    3 :  0.245 0.158 0.597 
663 OmyAC19ROGR    (1)    3 :  0.132 0.100 0.768 
664 OmyAC19APPR    (1)    3 :  0.320 0.196 0.484 
665 OmyAC19APPR    (1)    3 :  0.092 0.249 0.659 
666 OmyJC18ROGR    (0)    2 :  0.174 0.675 0.151 
667 OmyAC19APPR    (1)    3 :  0.106 0.127 0.767 
668 OmyAC19CORH    (1)    4 :  0.407 0.425 0.168 
669 OmyAC19CORH    (0)    4 :  0.828 0.093 0.079 
670 OmyAC19CORH    (1)    4 :  0.800 0.062 0.138 
671 OmyAC19CORH    (1)    4 :  0.602 0.148 0.250 
672 OmyAC19CORH    (1)    4 :  0.753 0.104 0.143 
673 OmyAC19CORH    (0)    4 :  0.566 0.116 0.319 
674 OmyAC19ROGR    (2)    3 :  0.271 0.087 0.642 
675 OmyAC19ROGR    (5)    3 :  0.270 0.165 0.566 
676 OmyAC19ROGR    (0)    3 :  0.463 0.065 0.473 
677 OmyAC19APPR    (3)    3 :  0.151 0.337 0.512 
678 OmyAC19APPR    (0)    3 :  0.218 0.139 0.643 
679 OmyJC18ROGR    (2)    2 :  0.273 0.407 0.320 
680 OmyAC19APPR    (0)    3 :  0.227 0.330 0.443 
681 OmyAC19CORH    (2)    4 :  0.640 0.245 0.114 
682 OmyJC18ROGR    (0)    2 :  0.604 0.228 0.168 
683 OmyAC19CORH    (2)    4 :  0.628 0.100 0.272 
684 OmyAC19CORH    (1)    4 :  0.727 0.210 0.063 
685 OmyAC19CORH    (1)    4 :  0.826 0.094 0.080 
686 OmyAC19CORH    (0)    4 :  0.874 0.063 0.063 
687 OmyAC19ROGR    (1)    3 :  0.234 0.169 0.597 
688 OmyAC19ROGR    (2)    3 :  0.200 0.085 0.715 
689 OmyAC19APPR    (1)    3 :  0.250 0.166 0.584 
690 OmyAC19APPR    (1)    3 :  0.133 0.153 0.714 
691 OmyJC18ROGR    (1)    2 :  0.639 0.185 0.176 
692 OmyAC19APPR    (0)    3 :  0.245 0.168 0.588 
693 OmyJC18ROGR    (0)    2 :  0.341 0.181 0.478 
694 OmyAC19CORH    (1)    4 :  0.505 0.112 0.383 
695 OmyAC19CORH    (0)    4 :  0.829 0.035 0.135 
696 OmyAC19CORH    (1)    4 :  0.588 0.279 0.132 
697 OmyAC19CORH    (0)    4 :  0.820 0.115 0.064 
698 OmyAC19CORH    (1)    4 :  0.750 0.112 0.138 
699 OmyAC19ROGR    (6)    3 :  0.329 0.217 0.454 
700 OmyJC18ROGR    (1)    2 :  0.183 0.522 0.296 
701 OmyAC19ROGR    (3)    3 :  0.323 0.138 0.539 
702 OmyAC19ROGR    (1)    3 :  0.250 0.105 0.645 
703 OmyAC19APPR    (3)    3 :  0.111 0.198 0.691 
704 OmyAC19APPR    (1)    3 :  0.125 0.138 0.737 
705 OmyJC18ROGR    (1)    2 :  0.132 0.268 0.600 
706 OmyAC19APPR    (0)    3 :  0.159 0.111 0.731 
707 OmyJC18ROGR    (1)    2 :  0.049 0.814 0.136 
708 OmyAC19CORH    (2)    4 :  0.870 0.041 0.089 
709 OmyJC18ROGR    (1)    2 :  0.123 0.809 0.068 
710 OmyAC19CORH    (1)    4 :  0.676 0.118 0.206 
711 OmyAC19CORH    (2)    4 :  0.730 0.125 0.144 
712 OmyAC19CORH    (1)    4 :  0.733 0.163 0.104 
713 OmyAC19CORH    (0)    4 :  0.885 0.051 0.064 
714 OmyAC19ROGR    (1)    3 :  0.604 0.195 0.201 
715 OmyJC18ROGR    (1)    2 :  0.404 0.089 0.506 
716 OmyAC19ROGR    (3)    3 :  0.119 0.093 0.788 
717 OmyAC19ROGR    (0)    3 :  0.296 0.189 0.516 
718 OmyAC19APPR    (4)    3 :  0.134 0.097 0.769 
719 OmyAC19APPR    (1)    3 :  0.316 0.228 0.455 
720 OmyJC18ROGR    (1)    2 :  0.240 0.291 0.470 
721 OmyJC18ROGR    (1)    2 :  0.373 0.234 0.393 
722 OmyAC19CORH    (1)    4 :  0.664 0.184 0.152 
723 OmyAC19CORH    (0)    4 :  0.787 0.145 0.068 
724 OmyAC19CORH    (0)    4 :  0.869 0.030 0.102 
725 OmyAC19CORH    (2)    4 :  0.862 0.058 0.080 
726 OmyAC19CORH    (1)    4 :  0.889 0.049 0.062 
727 OmyJC18ROGR    (2)    2 :  0.229 0.077 0.693 
728 OmyAC19ROGR    (3)    3 :  0.144 0.116 0.740 
729 OmyAC19ROGR    (1)    3 :  0.231 0.183 0.585 
730 OmyAC19APPR    (2)    3 :  0.438 0.173 0.389 
731 OmyAC19APPR    (1)    3 :  0.146 0.206 0.649 
732 OmyAC19CORH    (1)    4 :  0.560 0.302 0.138 
733 OmyAC19CORH    (1)    4 :  0.796 0.094 0.110 
734 OmyAC19CORH    (1)    4 :  0.845 0.062 0.093 
735 OmyAC19CORH    (2)    4 :  0.782 0.095 0.123 
736 OmyAC19CORH    (1)    4 :  0.894 0.037 0.069 
737 OmyJC18ROGR    (0)    2 :  0.327 0.550 0.123 
738 OmyAC19APPR    (0)    3 :  0.145 0.094 0.761 
739 OmyAC19APPR    (1)    3 :  0.392 0.105 0.503 
740 OmyAC19APPR    (1)    3 :  0.226 0.162 0.612 
741 OmyJC18ROGR    (1)    2 :  0.327 0.325 0.348 
742 OmyJC18ROGR    (1)    2 :  0.246 0.114 0.640 
743 OmyAC19CORH    (0)    4 :  0.726 0.098 0.176 
744 OmyAC19CORH    (0)    4 :  0.823 0.108 0.070 
745 OmyAC19CORH    (0)    4 :  0.899 0.030 0.072 
746 OmyAC19CORH    (0)    4 :  0.653 0.055 0.292 
747 OmyAC19CORH    (1)    4 :  0.833 0.067 0.100 
748 OmyJC19ROGR    (1)    2 :  0.164 0.637 0.198 
749 OmyJC19ROGR    (1)    2 :  0.141 0.586 0.273 
750 OmyJC19ROGR    (0)    2 :  0.717 0.155 0.129 
751 OmyJC19ROGR    (1)    2 :  0.092 0.853 0.055 
752 OmyJC19ROGR    (1)    2 :  0.738 0.111 0.151 
753 OmyJC19ROGR    (1)    2 :  0.120 0.221 0.659 
754 OmyJC19ROGR    (0)    2 :  0.621 0.191 0.188 
755 OmyJC19ROGR    (1)    2 :  0.088 0.230 0.682 
756 OmyJC19ROGR    (0)    2 :  0.077 0.867 0.056 
757 OmyJC19ROGR    (1)    2 :  0.221 0.702 0.076 
758 OmyJC19ROGR    (2)    2 :  0.054 0.844 0.102 
759 OmyJC19ROGR    (0)    2 :  0.126 0.157 0.717 
