

----------------------------------------------------
STRUCTURE by Pritchard, Stephens and Donnelly (2000)
     and Falush, Stephens and Pritchard (2003)
       Code by Pritchard, Falush and Hubisz
             Version 2.3.4 (Jul 2012)
----------------------------------------------------



Command line arguments:   bin/structure -m "/Users/ddayan/FRA/premature_migration/Rogue_Half-Pounder/rogue_half_pounder_repo/structure/halfpounder/10k_20k_adm_corr/mainparams" -e "/Users/ddayan/FRA/premature_migration/Rogue_Half-Pounder/rogue_half_pounder_repo/structure/halfpounder/10k_20k_adm_corr/extraparams" 
Input File:    /Users/ddayan/FRA/premature_migration/Rogue_Half-Pounder/rogue_half_pounder_repo/structure/halfpounder/project_data

Run parameters:
   882 individuals
   330 loci
   5 populations assumed
   10000 Burn-in period
   20000 Reps


--------------------------------------------
Proportion of membership of each pre-defined
 population in each of the 5 clusters

Given    Inferred Clusters                     Number of
 Pop       1      2      3      4      5      Individuals

  1:     0.180  0.201  0.193  0.194  0.232      157
  2:     0.187  0.212  0.210  0.196  0.196      643
  3:     0.087  0.308  0.333  0.061  0.211       40
  4:     0.683  0.075  0.090  0.051  0.101       42
--------------------------------------------

Allele-freq. divergence among pops (Net nucleotide distance),
computed using point estimates of P.

      1       2       3       4       5      
 1      -    0.0041  0.0042  0.0117  0.0038  
 2   0.0041     -    0.0014  0.0089  0.0016  
 3   0.0042  0.0014     -    0.0090  0.0018  
 4   0.0117  0.0089  0.0090     -    0.0090  
 5   0.0038  0.0016  0.0018  0.0090     -    

Average distances (expected heterozygosity) between individuals in same cluster:
cluster  1  : 0.2797 
cluster  2  : 0.2855 
cluster  3  : 0.2860 
cluster  4  : 0.2526 
cluster  5  : 0.2851 

--------------------------------------------
Estimated Ln Prob of Data   = -247757.4
Mean value of ln likelihood = -246089.0
Variance of ln likelihood   = 3336.8
Mean value of alpha         = 0.2280

Mean value of Fst_1         = 0.0291
Mean value of Fst_2         = 0.0130
Mean value of Fst_3         = 0.0145
Mean value of Fst_4         = 0.0783
Mean value of Fst_5         = 0.0145


Inferred ancestry of individuals:
        Label (%Miss) Pop:  Inferred clusters
  1 OmyAC19ROGR    (0)    1 :  0.324 0.342 0.106 0.015 0.213 
  2 OmyAC19ROGR    (1)    1 :  0.168 0.250 0.100 0.095 0.387 
  3 OmyAC19ROGR    (1)    1 :  0.162 0.491 0.053 0.067 0.227 
  4 OmyAC19ROGR    (1)    1 :  0.134 0.260 0.416 0.028 0.162 
  5 OmyAC19ROGR    (2)    1 :  0.016 0.022 0.020 0.923 0.019 
  6 OmyAC19ROGR    (1)    1 :  0.050 0.573 0.082 0.214 0.081 
  7 OmyAC19ROGR    (1)    1 :  0.178 0.190 0.270 0.220 0.142 
  8 OmyAC19ROGR    (0)    1 :  0.116 0.071 0.126 0.016 0.671 
  9 OmyAC19ROGR    (1)    1 :  0.165 0.484 0.056 0.178 0.117 
 10 OmyAC19ROGR    (1)    1 :  0.142 0.057 0.150 0.483 0.169 
 11 OmyAC19ROGR    (0)    1 :  0.149 0.422 0.210 0.115 0.104 
 12 OmyAC19ROGR    (0)    1 :  0.066 0.594 0.106 0.143 0.091 
 13 OmyAC19ROGR    (1)    1 :  0.164 0.081 0.335 0.033 0.387 
 14 OmyAC19ROGR    (1)    1 :  0.024 0.112 0.349 0.440 0.074 
 15 OmyAC19ROGR    (2)    1 :  0.049 0.119 0.329 0.439 0.064 
 16 OmyAC19ROGR    (1)    1 :  0.144 0.208 0.285 0.128 0.235 
 17 OmyAC19ROGR    (1)    1 :  0.021 0.188 0.121 0.098 0.572 
 18 OmyAC19ROGR    (2)    1 :  0.204 0.098 0.183 0.029 0.486 
 19 OmyAC19ROGR    (1)    1 :  0.105 0.065 0.577 0.053 0.199 
 20 OmyAC19ROGR    (1)    1 :  0.037 0.211 0.404 0.222 0.126 
 21 OmyAC19ROGR    (1)    1 :  0.083 0.098 0.144 0.186 0.490 
 22 OmyAC19ROGR    (1)    1 :  0.420 0.181 0.147 0.089 0.164 
 23 OmyAC19ROGR    (1)    1 :  0.106 0.253 0.058 0.176 0.407 
 24 OmyAC19ROGR    (1)    1 :  0.841 0.062 0.041 0.016 0.041 
 25 OmyAC19ROGR    (1)    1 :  0.091 0.125 0.308 0.237 0.239 
 26 OmyAC19ROGR    (1)    1 :  0.245 0.183 0.094 0.127 0.351 
 27 OmyAC19ROGR    (1)    1 :  0.056 0.228 0.550 0.063 0.103 
 28 OmyAC19ROGR    (1)    1 :  0.860 0.048 0.026 0.034 0.032 
 29 OmyAC19ROGR    (1)    1 :  0.145 0.248 0.178 0.073 0.356 
 30 OmyAC19ROGR    (1)    1 :  0.045 0.084 0.063 0.629 0.179 
 31 OmyAC19ROGR    (1)    1 :  0.148 0.190 0.140 0.048 0.474 
 32 OmyAC19ROGR    (1)    1 :  0.153 0.073 0.120 0.090 0.565 
 33 OmyAC19ROGR    (1)    1 :  0.333 0.246 0.119 0.142 0.160 
 34 OmyAC19ROGR    (1)    1 :  0.063 0.068 0.197 0.553 0.119 
 35 OmyAC19ROGR    (0)    1 :  0.167 0.106 0.145 0.082 0.501 
 36 OmyAC19ROGR    (1)    1 :  0.100 0.247 0.095 0.193 0.365 
 37 OmyAC19ROGR    (1)    1 :  0.545 0.101 0.171 0.116 0.066 
 38 OmyAC19ROGR    (1)    1 :  0.339 0.040 0.033 0.499 0.090 
 39 OmyAC19ROGR    (1)    1 :  0.036 0.059 0.075 0.102 0.728 
 40 OmyAC19ROGR    (0)    1 :  0.041 0.376 0.189 0.305 0.088 
 41 OmyAC19ROGR    (1)    1 :  0.104 0.268 0.451 0.042 0.134 
 42 OmyAC19ROGR    (1)    1 :  0.027 0.067 0.048 0.799 0.060 
 43 OmyAC19ROGR    (1)    1 :  0.137 0.295 0.061 0.044 0.463 
 44 OmyAC19ROGR    (7)    1 :  0.085 0.411 0.061 0.048 0.396 
 45 OmyAC19ROGR    (2)    1 :  0.308 0.156 0.099 0.353 0.085 
 46 OmyAC19ROGR    (1)    1 :  0.429 0.138 0.172 0.072 0.190 
 47 OmyAC19ROGR    (0)    1 :  0.731 0.103 0.050 0.084 0.032 
 48 OmyAC19ROGR    (1)    1 :  0.183 0.357 0.074 0.046 0.340 
 49 OmyAC19ROGR    (0)    1 :  0.312 0.256 0.225 0.045 0.163 
 50 OmyAC19ROGR    (1)    1 :  0.026 0.119 0.539 0.026 0.289 
 51 OmyAC19ROGR    (2)    1 :  0.063 0.098 0.090 0.688 0.060 
 52 OmyAC19ROGR    (1)    1 :  0.045 0.043 0.043 0.828 0.041 
 53 OmyAC19ROGR    (2)    1 :  0.639 0.159 0.073 0.037 0.092 
 54 OmyAC19ROGR    (1)    1 :  0.579 0.127 0.103 0.080 0.111 
 55 OmyAC19ROGR    (3)    1 :  0.055 0.107 0.120 0.091 0.627 
 56 OmyAC19ROGR    (1)    1 :  0.472 0.074 0.253 0.093 0.109 
 57 OmyAC19ROGR    (0)    1 :  0.584 0.102 0.096 0.025 0.194 
 58 OmyAC19ROGR    (1)    1 :  0.059 0.092 0.063 0.669 0.117 
 59 OmyAC19ROGR    (0)    1 :  0.556 0.102 0.169 0.030 0.143 
 60 OmyAC19ROGR    (2)    1 :  0.097 0.332 0.333 0.135 0.103 
 61 OmyAC19ROGR    (1)    1 :  0.495 0.122 0.202 0.071 0.111 
 62 OmyAC19ROGR    (1)    1 :  0.087 0.456 0.098 0.049 0.310 
 63 OmyAC19ROGR    (0)    1 :  0.377 0.199 0.090 0.224 0.111 
 64 OmyAC19ROGR    (3)    1 :  0.106 0.474 0.214 0.073 0.133 
 65 OmyAC19ROGR    (1)    1 :  0.110 0.103 0.358 0.073 0.356 
 66 OmyAC19ROGR    (4)    1 :  0.039 0.118 0.426 0.283 0.134 
 67 OmyAC19ROGR    (0)    1 :  0.314 0.132 0.430 0.039 0.085 
 68 OmyAC19ROGR    (2)    1 :  0.430 0.209 0.087 0.057 0.217 
 69 OmyAC19ROGR    (2)    1 :  0.499 0.063 0.069 0.213 0.156 
 70 OmyAC19ROGR    (1)    1 :  0.129 0.204 0.063 0.035 0.570 
 71 OmyAC19ROGR    (0)    1 :  0.091 0.168 0.231 0.040 0.470 
 72 OmyAC19ROGR    (5)    1 :  0.131 0.526 0.146 0.026 0.171 
 73 OmyAC19ROGR    (1)    1 :  0.191 0.069 0.044 0.244 0.453 
 74 OmyAC19ROGR    (1)    1 :  0.039 0.664 0.154 0.041 0.101 
 75 OmyAC19ROGR    (1)    1 :  0.303 0.086 0.189 0.116 0.306 
 76 OmyAC19ROGR    (1)    1 :  0.682 0.092 0.065 0.054 0.108 
 77 OmyAC19ROGR    (1)    1 :  0.018 0.033 0.025 0.902 0.022 
 78 OmyAC19ROGR    (1)    1 :  0.114 0.195 0.099 0.042 0.550 
 79 OmyAC19ROGR    (2)    1 :  0.116 0.085 0.133 0.062 0.604 
 80 OmyAC19ROGR    (2)    1 :  0.095 0.068 0.085 0.704 0.048 
 81 OmyAC19ROGR    (2)    1 :  0.115 0.186 0.156 0.426 0.117 
 82 OmyAC19ROGR    (1)    1 :  0.553 0.210 0.075 0.024 0.139 
 83 OmyAC19ROGR    (0)    1 :  0.230 0.133 0.192 0.050 0.394 
 84 OmyAC19ROGR    (1)    1 :  0.075 0.247 0.320 0.196 0.162 
 85 OmyAC19ROGR    (6)    1 :  0.137 0.105 0.176 0.036 0.545 
 86 OmyAC19ROGR    (1)    1 :  0.025 0.286 0.478 0.097 0.114 
 87 OmyAC19ROGR    (2)    1 :  0.311 0.411 0.166 0.034 0.078 
 88 OmyJC19ROGR    (0)    2 :  0.027 0.026 0.048 0.813 0.087 
 89 OmyJC19ROGR    (1)    2 :  0.059 0.166 0.300 0.072 0.403 
 90 OmyJC19ROGR    (1)    2 :  0.028 0.034 0.029 0.868 0.041 
 91 OmyJC19ROGR    (2)    2 :  0.335 0.235 0.287 0.017 0.125 
 92 OmyJC19ROGR    (1)    2 :  0.512 0.099 0.112 0.053 0.224 
 93 OmyJC19ROGR    (1)    2 :  0.783 0.057 0.046 0.019 0.095 
 94 OmyJC19ROGR    (1)    2 :  0.044 0.181 0.148 0.172 0.455 
 95 OmyJC19ROGR    (0)    2 :  0.036 0.228 0.094 0.212 0.430 
 96 OmyJC19ROGR    (2)    2 :  0.115 0.190 0.393 0.117 0.185 
 97 OmyJC19ROGR    (1)    2 :  0.709 0.037 0.030 0.136 0.088 
 98 OmyJC19ROGR    (0)    2 :  0.140 0.261 0.333 0.056 0.210 
 99 OmyJC19ROGR    (0)    2 :  0.529 0.089 0.183 0.111 0.088 
100 OmyJC19ROGR    (1)    2 :  0.077 0.097 0.074 0.040 0.711 
101 OmyJC19ROGR    (1)    2 :  0.123 0.122 0.090 0.491 0.174 
102 OmyJC19ROGR    (1)    2 :  0.054 0.154 0.527 0.095 0.170 
103 OmyJC19ROGR    (2)    2 :  0.160 0.141 0.154 0.200 0.345 
104 OmyJC19ROGR    (1)    2 :  0.502 0.129 0.098 0.041 0.231 
105 OmyJC19ROGR    (1)    2 :  0.539 0.138 0.088 0.205 0.029 
106 OmyJC19ROGR    (1)    2 :  0.047 0.021 0.020 0.896 0.015 
107 OmyJC19ROGR    (2)    2 :  0.105 0.095 0.624 0.099 0.077 
108 OmyJC19ROGR    (0)    2 :  0.308 0.169 0.305 0.060 0.159 
109 OmyJC19ROGR    (1)    2 :  0.034 0.213 0.365 0.241 0.147 
110 OmyJC19ROGR    (1)    2 :  0.454 0.133 0.073 0.213 0.127 
111 OmyJC19ROGR    (1)    2 :  0.505 0.135 0.161 0.074 0.125 
112 OmyJC19ROGR    (2)    2 :  0.059 0.320 0.204 0.105 0.311 
113 OmyJC19ROGR    (1)    2 :  0.050 0.103 0.209 0.520 0.118 
114 OmyJC19ROGR    (3)    2 :  0.081 0.113 0.103 0.047 0.656 
115 OmyJC19ROGR    (2)    2 :  0.350 0.503 0.029 0.045 0.073 
116 OmyJC19ROGR    (0)    2 :  0.063 0.179 0.084 0.093 0.582 
117 OmyJC19ROGR    (1)    2 :  0.060 0.127 0.159 0.197 0.457 
118 OmyJC19ROGR    (1)    2 :  0.151 0.085 0.227 0.030 0.507 
119 OmyJC19ROGR    (3)    2 :  0.064 0.168 0.528 0.059 0.181 
120 OmyJC19ROGR    (1)    2 :  0.803 0.057 0.061 0.015 0.064 
121 OmyJC19ROGR    (0)    2 :  0.044 0.210 0.251 0.057 0.438 
122 OmyJC19ROGR    (1)    2 :  0.205 0.239 0.190 0.065 0.301 
123 OmyJC19ROGR    (1)    2 :  0.257 0.179 0.277 0.027 0.260 
124 OmyJC19ROGR    (0)    2 :  0.049 0.612 0.068 0.104 0.167 
125 OmyJC19ROGR    (1)    2 :  0.499 0.151 0.060 0.112 0.178 
126 OmyJC19ROGR    (1)    2 :  0.057 0.148 0.070 0.631 0.093 
127 OmyJC19ROGR    (1)    2 :  0.056 0.054 0.788 0.063 0.038 
128 OmyJC19ROGR    (1)    2 :  0.712 0.055 0.087 0.037 0.109 
129 OmyJC19ROGR    (1)    2 :  0.064 0.077 0.051 0.187 0.621 
130 OmyJC19ROGR    (1)    2 :  0.029 0.600 0.051 0.052 0.268 
131 OmyJC19ROGR    (1)    2 :  0.127 0.210 0.065 0.088 0.511 
132 OmyJC19ROGR    (1)    2 :  0.536 0.178 0.150 0.059 0.077 
133 OmyJC19ROGR    (1)    2 :  0.060 0.190 0.112 0.028 0.610 
134 OmyJC19ROGR    (1)    2 :  0.064 0.093 0.690 0.066 0.087 
135 OmyJC19ROGR    (1)    2 :  0.885 0.036 0.027 0.020 0.033 
136 OmyJC19ROGR    (3)    2 :  0.106 0.165 0.302 0.053 0.374 
137 OmyJC19ROGR    (1)    2 :  0.048 0.401 0.221 0.245 0.084 
138 OmyJC19ROGR    (1)    2 :  0.029 0.127 0.054 0.635 0.155 
139 OmyJC19ROGR    (2)    2 :  0.050 0.168 0.066 0.025 0.692 
140 OmyJC19ROGR    (3)    2 :  0.056 0.089 0.172 0.109 0.574 
141 OmyJC19ROGR    (0)    2 :  0.129 0.082 0.135 0.345 0.308 
142 OmyJC19ROGR    (1)    2 :  0.197 0.200 0.166 0.310 0.127 
143 OmyJC19ROGR    (0)    2 :  0.577 0.190 0.048 0.057 0.128 
144 OmyJC19ROGR    (1)    2 :  0.051 0.090 0.041 0.015 0.804 
145 OmyJC19ROGR    (1)    2 :  0.047 0.716 0.133 0.031 0.073 
146 OmyJC19ROGR    (2)    2 :  0.524 0.108 0.080 0.068 0.220 
147 OmyJC19ROGR    (1)    2 :  0.120 0.200 0.533 0.056 0.092 
148 OmyJC19ROGR    (1)    2 :  0.208 0.266 0.415 0.021 0.089 
149 OmyJC19ROGR    (2)    2 :  0.340 0.136 0.299 0.090 0.134 
150 OmyJC19ROGR    (2)    2 :  0.496 0.089 0.206 0.067 0.141 
151 OmyJC19ROGR    (1)    2 :  0.100 0.076 0.088 0.084 0.652 
152 OmyJC19ROGR    (0)    2 :  0.158 0.441 0.287 0.060 0.054 
153 OmyJC19ROGR    (1)    2 :  0.843 0.029 0.060 0.036 0.033 
154 OmyJC19ROGR    (2)    2 :  0.047 0.382 0.399 0.063 0.110 
155 OmyJC19ROGR    (1)    2 :  0.219 0.267 0.174 0.093 0.246 
156 OmyJC19ROGR    (1)    2 :  0.174 0.285 0.324 0.136 0.081 
157 OmyJC19ROGR    (0)    2 :  0.209 0.313 0.125 0.094 0.259 
158 OmyJC19ROGR    (2)    2 :  0.162 0.162 0.430 0.023 0.222 
159 OmyJC19ROGR    (1)    2 :  0.043 0.370 0.323 0.057 0.207 
160 OmyJC19ROGR    (0)    2 :  0.243 0.135 0.428 0.063 0.131 
161 OmyJC19ROGR    (1)    2 :  0.392 0.198 0.191 0.039 0.180 
162 OmyJC19ROGR    (1)    2 :  0.249 0.204 0.324 0.081 0.143 
163 OmyJC19ROGR    (1)    2 :  0.601 0.135 0.140 0.058 0.066 
164 OmyJC19ROGR    (1)    2 :  0.081 0.322 0.365 0.029 0.204 
165 OmyJC19ROGR    (0)    2 :  0.229 0.391 0.169 0.020 0.191 
166 OmyJC19ROGR    (0)    2 :  0.060 0.589 0.182 0.059 0.110 
167 OmyJC19ROGR    (2)    2 :  0.333 0.180 0.260 0.108 0.120 
168 OmyJC19ROGR    (0)    2 :  0.060 0.084 0.149 0.077 0.630 
169 OmyJC19ROGR    (1)    2 :  0.012 0.029 0.038 0.900 0.021 
170 OmyJC19ROGR    (1)    2 :  0.635 0.131 0.084 0.064 0.086 
171 OmyJC19ROGR    (1)    2 :  0.088 0.204 0.280 0.037 0.390 
172 OmyJC19ROGR    (0)    2 :  0.261 0.073 0.132 0.384 0.151 
173 OmyJC19ROGR    (1)    2 :  0.034 0.038 0.043 0.864 0.021 
174 OmyJC19ROGR    (0)    2 :  0.096 0.627 0.080 0.045 0.152 
175 OmyJC19ROGR    (1)    2 :  0.076 0.169 0.152 0.030 0.573 
176 OmyJC19ROGR    (1)    2 :  0.475 0.036 0.296 0.056 0.137 
177 OmyJC19ROGR    (1)    2 :  0.802 0.098 0.056 0.014 0.030 
178 OmyJC19ROGR    (0)    2 :  0.033 0.373 0.464 0.044 0.086 
179 OmyJC19ROGR    (1)    2 :  0.403 0.210 0.139 0.028 0.220 
180 OmyJC19ROGR    (1)    2 :  0.068 0.043 0.035 0.758 0.096 
181 OmyJC19ROGR    (1)    2 :  0.073 0.426 0.274 0.046 0.181 
182 OmyJC19ROGR    (1)    2 :  0.064 0.080 0.094 0.096 0.666 
183 OmyJC19ROGR    (1)    2 :  0.111 0.258 0.270 0.035 0.327 
184 OmyJC19ROGR    (1)    2 :  0.099 0.066 0.131 0.525 0.179 
185 OmyJC19ROGR    (2)    2 :  0.025 0.059 0.041 0.012 0.863 
186 OmyJC19ROGR    (1)    2 :  0.405 0.107 0.049 0.091 0.348 
187 OmyJC19ROGR    (0)    2 :  0.046 0.820 0.066 0.028 0.040 
188 OmyJC19ROGR    (1)    2 :  0.086 0.155 0.058 0.055 0.646 
189 OmyJC19ROGR    (0)    2 :  0.293 0.100 0.146 0.153 0.308 
190 OmyJC19ROGR    (0)    2 :  0.589 0.080 0.192 0.065 0.074 
191 OmyJC19ROGR    (2)    2 :  0.546 0.252 0.068 0.041 0.092 
192 OmyJC19ROGR    (1)    2 :  0.030 0.058 0.825 0.041 0.046 
193 OmyJC19ROGR    (1)    2 :  0.109 0.260 0.380 0.130 0.120 
194 OmyJC19ROGR    (0)    2 :  0.048 0.050 0.838 0.017 0.046 
195 OmyJC19ROGR    (1)    2 :  0.023 0.056 0.073 0.790 0.058 
196 OmyJC19ROGR    (1)    2 :  0.020 0.779 0.033 0.030 0.138 
197 OmyJC19ROGR    (1)    2 :  0.432 0.126 0.116 0.058 0.268 
198 OmyJC19ROGR    (1)    2 :  0.064 0.060 0.091 0.731 0.053 
199 OmyJC19ROGR    (0)    2 :  0.067 0.141 0.117 0.035 0.640 
200 OmyJC19ROGR    (0)    2 :  0.628 0.136 0.062 0.063 0.111 
201 OmyJC19ROGR    (1)    2 :  0.080 0.372 0.392 0.030 0.126 
202 OmyJC19ROGR    (0)    2 :  0.793 0.052 0.110 0.013 0.034 
203 OmyJC19ROGR    (0)    2 :  0.129 0.462 0.204 0.050 0.155 
204 OmyJC19ROGR    (1)    2 :  0.181 0.279 0.255 0.069 0.216 
205 OmyJC19ROGR    (1)    2 :  0.091 0.569 0.086 0.101 0.153 
206 OmyJC19ROGR    (1)    2 :  0.039 0.046 0.051 0.808 0.056 
207 OmyJC19ROGR    (1)    2 :  0.083 0.375 0.190 0.240 0.112 
208 OmyJC19ROGR    (1)    2 :  0.070 0.289 0.214 0.042 0.385 
209 OmyJC19ROGR    (0)    2 :  0.134 0.060 0.058 0.492 0.256 
210 OmyJC19ROGR    (1)    2 :  0.019 0.042 0.025 0.890 0.024 
211 OmyJC19ROGR    (0)    2 :  0.078 0.233 0.278 0.164 0.247 
212 OmyJC19ROGR    (1)    2 :  0.401 0.119 0.195 0.221 0.064 
213 OmyJC19ROGR    (1)    2 :  0.086 0.505 0.080 0.037 0.291 
214 OmyJC19ROGR    (1)    2 :  0.048 0.729 0.143 0.044 0.036 
215 OmyJC19ROGR    (1)    2 :  0.074 0.046 0.755 0.027 0.097 
216 OmyJC19ROGR    (1)    2 :  0.027 0.073 0.044 0.778 0.077 
217 OmyJC19ROGR    (1)    2 :  0.091 0.126 0.298 0.383 0.101 
218 OmyJC19ROGR    (1)    2 :  0.512 0.282 0.090 0.033 0.084 
219 OmyJC19ROGR    (1)    2 :  0.039 0.242 0.470 0.120 0.130 
220 OmyJC19ROGR    (1)    2 :  0.130 0.154 0.509 0.015 0.192 
221 OmyJC19ROGR    (0)    2 :  0.057 0.556 0.052 0.235 0.099 
222 OmyJC19ROGR    (1)    2 :  0.285 0.221 0.278 0.047 0.169 
223 OmyJC19ROGR    (0)    2 :  0.101 0.436 0.301 0.073 0.089 
224 OmyJC19ROGR    (1)    2 :  0.093 0.180 0.551 0.031 0.145 
225 OmyJC19ROGR    (1)    2 :  0.018 0.024 0.020 0.917 0.021 
226 OmyJC19ROGR    (0)    2 :  0.041 0.140 0.115 0.198 0.506 
227 OmyJC19ROGR    (1)    2 :  0.055 0.034 0.026 0.854 0.031 
228 OmyJC19ROGR    (1)    2 :  0.043 0.500 0.223 0.060 0.174 
229 OmyJC19ROGR    (2)    2 :  0.106 0.339 0.060 0.026 0.470 
230 OmyJC19ROGR    (1)    2 :  0.200 0.349 0.110 0.208 0.133 
231 OmyJC19ROGR    (1)    2 :  0.051 0.482 0.202 0.067 0.197 
232 OmyJC19ROGR    (2)    2 :  0.154 0.263 0.138 0.049 0.397 
233 OmyJC19ROGR    (1)    2 :  0.084 0.300 0.358 0.099 0.159 
234 OmyJC19ROGR    (1)    2 :  0.023 0.027 0.026 0.884 0.041 
235 OmyJC19ROGR    (0)    2 :  0.095 0.067 0.252 0.511 0.075 
236 OmyJC19ROGR    (1)    2 :  0.303 0.209 0.406 0.027 0.055 
237 OmyJC19ROGR    (1)    2 :  0.160 0.180 0.397 0.108 0.155 
238 OmyJC19ROGR    (0)    2 :  0.059 0.256 0.504 0.134 0.047 
239 OmyJC19ROGR    (1)    2 :  0.042 0.051 0.599 0.088 0.221 
240 OmyJC19ROGR    (1)    2 :  0.071 0.306 0.126 0.048 0.449 
241 OmyJC19ROGR    (0)    2 :  0.472 0.075 0.148 0.079 0.226 
242 OmyJC19ROGR    (1)    2 :  0.166 0.040 0.709 0.019 0.066 
243 OmyJC19ROGR    (1)    2 :  0.391 0.228 0.174 0.049 0.158 
244 OmyJC19ROGR    (1)    2 :  0.299 0.407 0.083 0.059 0.152 
245 OmyJC19ROGR    (0)    2 :  0.023 0.027 0.021 0.896 0.033 
246 OmyJC19ROGR    (1)    2 :  0.547 0.102 0.105 0.178 0.067 
247 OmyJC19ROGR    (0)    2 :  0.134 0.157 0.095 0.500 0.114 
248 OmyJC19ROGR    (1)    2 :  0.058 0.064 0.055 0.451 0.372 
249 OmyJC19ROGR    (1)    2 :  0.057 0.586 0.108 0.073 0.176 
250 OmyJC19ROGR    (0)    2 :  0.104 0.172 0.176 0.113 0.434 
251 OmyJC19ROGR    (1)    2 :  0.096 0.436 0.285 0.064 0.119 
252 OmyJC19ROGR    (0)    2 :  0.761 0.091 0.044 0.037 0.067 
253 OmyJC19ROGR    (0)    2 :  0.044 0.068 0.152 0.070 0.666 
254 OmyJC19ROGR    (1)    2 :  0.432 0.189 0.162 0.061 0.156 
255 OmyJC19ROGR    (1)    2 :  0.487 0.351 0.064 0.031 0.067 
256 OmyJC19ROGR    (1)    2 :  0.331 0.234 0.091 0.303 0.040 
257 OmyJC19ROGR    (0)    2 :  0.058 0.600 0.083 0.079 0.179 
258 OmyAC19ROGR    (1)    1 :  0.141 0.239 0.153 0.233 0.235 
259 OmyAC19ROGR    (2)    1 :  0.087 0.070 0.188 0.498 0.157 
260 OmyAC19ROGR    (1)    1 :  0.092 0.085 0.409 0.027 0.387 
261 OmyAC19ROGR    (0)    1 :  0.047 0.239 0.150 0.048 0.515 
262 OmyAC19ROGR    (1)    1 :  0.159 0.205 0.174 0.140 0.321 
263 OmyAC19ROGR    (0)    1 :  0.547 0.174 0.165 0.045 0.068 
264 OmyAC19ROGR    (1)    1 :  0.098 0.424 0.229 0.081 0.168 
265 OmyAC19ROGR    (1)    1 :  0.132 0.242 0.489 0.055 0.082 
266 OmyAC19ROGR    (1)    1 :  0.051 0.729 0.083 0.019 0.118 
267 OmyAC19ROGR    (1)    1 :  0.118 0.135 0.187 0.155 0.405 
268 OmyAC19ROGR    (2)    1 :  0.417 0.159 0.112 0.154 0.157 
269 OmyAC19ROGR    (1)    1 :  0.059 0.071 0.105 0.130 0.636 
270 OmyAC19ROGR    (1)    1 :  0.474 0.324 0.063 0.036 0.102 
271 OmyAC19ROGR    (1)    1 :  0.055 0.056 0.099 0.311 0.478 
272 OmyAC19ROGR    (0)    1 :  0.037 0.331 0.213 0.224 0.194 
273 OmyAC19ROGR    (0)    1 :  0.108 0.087 0.199 0.045 0.561 
274 OmyAC19ROGR    (1)    1 :  0.031 0.071 0.040 0.754 0.104 
275 OmyAC19ROGR    (1)    1 :  0.252 0.159 0.287 0.134 0.167 
276 OmyAC19ROGR    (1)    1 :  0.070 0.143 0.509 0.069 0.208 
277 OmyAC19ROGR    (1)    1 :  0.052 0.283 0.192 0.085 0.387 
278 OmyAC19ROGR    (1)    1 :  0.055 0.301 0.199 0.318 0.128 
279 OmyAC19ROGR    (0)    1 :  0.051 0.114 0.458 0.206 0.170 
280 OmyAC19ROGR    (1)    1 :  0.301 0.293 0.087 0.135 0.184 
281 OmyAC19ROGR    (1)    1 :  0.065 0.132 0.190 0.054 0.560 
282 OmyAC19ROGR    (1)    1 :  0.140 0.176 0.197 0.204 0.283 
283 OmyAC19ROGR    (1)    1 :  0.073 0.220 0.341 0.070 0.295 
284 OmyAC19ROGR    (0)    1 :  0.161 0.548 0.124 0.031 0.135 
285 OmyAC19ROGR    (1)    1 :  0.293 0.150 0.313 0.048 0.197 
286 OmyAC19ROGR    (1)    1 :  0.135 0.188 0.441 0.031 0.205 
287 OmyAC19ROGR    (1)    1 :  0.011 0.014 0.013 0.946 0.016 
288 OmyAC19ROGR    (1)    1 :  0.043 0.061 0.103 0.728 0.065 
289 OmyAC19ROGR    (1)    1 :  0.056 0.132 0.274 0.125 0.413 
290 OmyAC19ROGR    (1)    1 :  0.025 0.028 0.021 0.908 0.018 
291 OmyAC19ROGR    (1)    1 :  0.266 0.139 0.102 0.399 0.093 
292 OmyAC19ROGR    (1)    1 :  0.067 0.141 0.086 0.241 0.464 
293 OmyAC19ROGR    (1)    1 :  0.622 0.082 0.092 0.039 0.165 
294 OmyAC19ROGR    (1)    1 :  0.062 0.217 0.379 0.210 0.132 
295 OmyAC19ROGR    (0)    1 :  0.150 0.191 0.222 0.025 0.412 
296 OmyAC19ROGR    (0)    1 :  0.133 0.160 0.557 0.037 0.112 
297 OmyAC19ROGR    (1)    1 :  0.031 0.085 0.062 0.749 0.072 
298 OmyAC19ROGR    (0)    1 :  0.041 0.268 0.582 0.028 0.081 
299 OmyAC19ROGR    (1)    1 :  0.326 0.101 0.270 0.253 0.049 
300 OmyAC19ROGR    (1)    1 :  0.077 0.196 0.289 0.044 0.394 
301 OmyAC19ROGR    (0)    1 :  0.025 0.050 0.032 0.835 0.058 
302 OmyAC19ROGR    (1)    1 :  0.045 0.148 0.262 0.465 0.080 
303 OmyAC19ROGR    (1)    1 :  0.046 0.071 0.145 0.122 0.617 
304 OmyAC19ROGR    (1)    1 :  0.085 0.079 0.472 0.151 0.212 
305 OmyAC19ROGR    (1)    1 :  0.097 0.178 0.463 0.033 0.229 
306 OmyAC19ROGR    (1)    1 :  0.022 0.198 0.055 0.575 0.149 
307 OmyAC19ROGR    (2)    1 :  0.204 0.267 0.195 0.026 0.307 
308 OmyAC19ROGR    (0)    1 :  0.058 0.310 0.301 0.126 0.205 
309 OmyAC19ROGR    (2)    1 :  0.032 0.035 0.026 0.876 0.031 
310 OmyAC19ROGR    (0)    1 :  0.075 0.136 0.148 0.416 0.225 
311 OmyAC19ROGR    (0)    1 :  0.045 0.072 0.312 0.471 0.100 
312 OmyAC19ROGR    (0)    1 :  0.555 0.108 0.149 0.045 0.143 
313 OmyAC19ROGR    (1)    1 :  0.112 0.401 0.413 0.020 0.054 
314 OmyAC19ROGR    (0)    1 :  0.591 0.084 0.155 0.053 0.116 
315 OmyAC19ROGR    (1)    1 :  0.089 0.334 0.105 0.062 0.409 
316 OmyAC19ROGR    (1)    1 :  0.080 0.393 0.352 0.040 0.135 
317 OmyAC19ROGR    (1)    1 :  0.146 0.040 0.073 0.039 0.701 
318 OmyAC19ROGR    (1)    1 :  0.450 0.179 0.099 0.034 0.238 
319 OmyAC19ROGR    (1)    1 :  0.126 0.172 0.284 0.023 0.396 
320 OmyAC19ROGR    (0)    1 :  0.120 0.483 0.327 0.019 0.051 
321 OmyAC19ROGR    (1)    1 :  0.072 0.361 0.292 0.030 0.244 
322 OmyAC19ROGR    (0)    1 :  0.051 0.146 0.090 0.299 0.414 
323 OmyAC19ROGR    (1)    1 :  0.029 0.417 0.373 0.032 0.149 
324 OmyAC19ROGR    (1)    1 :  0.126 0.683 0.107 0.028 0.057 
325 OmyAC19ROGR    (1)    1 :  0.046 0.161 0.067 0.367 0.359 
326 OmyAC19ROGR    (1)    1 :  0.058 0.469 0.206 0.071 0.196 
327 OmyAC19ROGR    (1)    1 :  0.127 0.538 0.242 0.042 0.051 
328 OmyJC18ROGR    (1)    2 :  0.587 0.130 0.160 0.052 0.070 
329 OmyJC18ROGR    (0)    2 :  0.062 0.420 0.125 0.068 0.325 
330 OmyJC18ROGR    (0)    2 :  0.029 0.632 0.101 0.073 0.165 
331 OmyJC18ROGR    (1)    2 :  0.080 0.099 0.141 0.622 0.058 
332 OmyJC18ROGR    (1)    2 :  0.073 0.052 0.105 0.696 0.075 
333 OmyJC18ROGR    (1)    2 :  0.029 0.031 0.051 0.810 0.079 
334 OmyJC18ROGR    (1)    2 :  0.220 0.374 0.073 0.204 0.129 
335 OmyJC18ROGR    (0)    2 :  0.472 0.206 0.210 0.027 0.085 
336 OmyJC18ROGR    (1)    2 :  0.027 0.029 0.036 0.846 0.061 
337 OmyJC18ROGR    (1)    2 :  0.049 0.219 0.253 0.039 0.440 
338 OmyJC18ROGR    (1)    2 :  0.028 0.045 0.061 0.828 0.037 
339 OmyJC18ROGR    (1)    2 :  0.034 0.092 0.072 0.046 0.756 
340 OmyJC18ROGR    (0)    2 :  0.494 0.138 0.142 0.149 0.077 
341 OmyJC18ROGR    (1)    2 :  0.237 0.146 0.501 0.020 0.096 
342 OmyJC18ROGR    (2)    2 :  0.090 0.139 0.250 0.403 0.117 
343 OmyJC18ROGR    (2)    2 :  0.255 0.147 0.111 0.337 0.150 
344 OmyJC18ROGR    (3)    2 :  0.122 0.070 0.183 0.425 0.200 
345 OmyJC18ROGR    (2)    2 :  0.082 0.121 0.079 0.653 0.066 
346 OmyJC18ROGR    (4)    2 :  0.024 0.825 0.060 0.027 0.064 
347 OmyJC18ROGR    (3)    2 :  0.046 0.166 0.372 0.054 0.362 
348 OmyJC18ROGR    (1)    2 :  0.060 0.246 0.128 0.180 0.386 
349 OmyJC18ROGR    (1)    2 :  0.055 0.146 0.644 0.044 0.112 
350 OmyJC18ROGR    (1)    2 :  0.038 0.177 0.592 0.055 0.138 
351 OmyJC18ROGR    (0)    2 :  0.028 0.036 0.147 0.682 0.108 
352 OmyJC18ROGR    (4)    2 :  0.079 0.224 0.208 0.410 0.079 
353 OmyJC18ROGR    (2)    2 :  0.136 0.416 0.120 0.178 0.149 
354 OmyJC18ROGR    (1)    2 :  0.052 0.241 0.082 0.069 0.556 
355 OmyJC18ROGR    (2)    2 :  0.066 0.360 0.109 0.040 0.426 
356 OmyJC18ROGR    (1)    2 :  0.454 0.197 0.218 0.043 0.088 
357 OmyJC18ROGR    (2)    2 :  0.218 0.045 0.042 0.637 0.059 
358 OmyJC18ROGR    (2)    2 :  0.309 0.155 0.193 0.019 0.324 
359 OmyJC18ROGR    (3)    2 :  0.094 0.111 0.425 0.084 0.286 
360 OmyJC18ROGR    (0)    2 :  0.350 0.159 0.128 0.045 0.318 
361 OmyJC18ROGR    (1)    2 :  0.040 0.748 0.104 0.019 0.089 
362 OmyJC18ROGR    (1)    2 :  0.080 0.402 0.162 0.205 0.152 
363 OmyJC18ROGR    (2)    2 :  0.205 0.146 0.103 0.218 0.328 
364 OmyJC18ROGR    (3)    2 :  0.064 0.099 0.690 0.022 0.125 
365 OmyJC18ROGR    (4)    2 :  0.041 0.365 0.222 0.045 0.327 
366 OmyJC18ROGR    (4)    2 :  0.336 0.225 0.285 0.038 0.116 
367 OmyJC18ROGR    (3)    2 :  0.034 0.127 0.063 0.713 0.064 
368 OmyJC18ROGR    (3)    2 :  0.068 0.201 0.202 0.379 0.151 
369 OmyJC18ROGR    (2)    2 :  0.278 0.190 0.087 0.078 0.367 
370 OmyJC18ROGR    (3)    2 :  0.090 0.346 0.253 0.065 0.245 
371 OmyJC18ROGR    (1)    2 :  0.107 0.230 0.186 0.039 0.437 
372 OmyJC18ROGR    (3)    2 :  0.109 0.187 0.370 0.091 0.243 
373 OmyJC18ROGR    (5)    2 :  0.563 0.137 0.087 0.089 0.124 
374 OmyJC18ROGR    (5)    2 :  0.746 0.043 0.098 0.021 0.091 
375 OmyJC18ROGR    (3)    2 :  0.047 0.312 0.197 0.106 0.338 
376 OmyJC18ROGR    (3)    2 :  0.024 0.045 0.047 0.853 0.032 
377 OmyJC18ROGR    (4)    2 :  0.409 0.134 0.093 0.216 0.147 
378 OmyJC18ROGR    (0)    2 :  0.206 0.081 0.439 0.080 0.194 
379 OmyJC18ROGR    (5)    2 :  0.152 0.234 0.399 0.116 0.098 
380 OmyJC18ROGR    (4)    2 :  0.132 0.252 0.098 0.137 0.381 
381 OmyJC18ROGR    (1)    2 :  0.091 0.124 0.261 0.054 0.470 
382 OmyJC18ROGR    (1)    2 :  0.147 0.256 0.378 0.036 0.182 
383 OmyJC18ROGR    (3)    2 :  0.058 0.150 0.070 0.381 0.340 
384 OmyJC18ROGR    (2)    2 :  0.032 0.163 0.600 0.168 0.038 
385 OmyJC18ROGR    (4)    2 :  0.033 0.607 0.131 0.053 0.176 
386 OmyJC18ROGR    (2)    2 :  0.043 0.170 0.313 0.344 0.130 
387 OmyJC18ROGR    (1)    2 :  0.257 0.127 0.202 0.281 0.133 
388 OmyJC18ROGR    (6)    2 :  0.291 0.099 0.092 0.053 0.464 
389 OmyJC18ROGR    (1)    2 :  0.059 0.226 0.259 0.164 0.291 
390 OmyJC18ROGR    (1)    2 :  0.078 0.342 0.346 0.075 0.159 
391 OmyJC18ROGR    (3)    2 :  0.052 0.053 0.043 0.816 0.036 
392 OmyJC18ROGR    (2)    2 :  0.270 0.300 0.204 0.045 0.180 
393 OmyJC18ROGR    (4)    2 :  0.690 0.115 0.060 0.075 0.060 
394 OmyJC18ROGR    (3)    2 :  0.033 0.088 0.092 0.718 0.068 
395 OmyJC18ROGR    (7)    2 :  0.388 0.122 0.089 0.213 0.188 
396 OmyJC18ROGR    (4)    2 :  0.209 0.079 0.107 0.545 0.060 
397 OmyJC18ROGR    (1)    2 :  0.114 0.361 0.199 0.062 0.263 
398 OmyJC18ROGR    (3)    2 :  0.125 0.387 0.094 0.202 0.192 
399 OmyJC18ROGR    (2)    2 :  0.240 0.128 0.080 0.303 0.249 
400 OmyJC18ROGR    (0)    2 :  0.090 0.442 0.240 0.058 0.170 
401 OmyJC18ROGR    (6)    2 :  0.650 0.102 0.050 0.063 0.135 
402 OmyJC18ROGR    (5)    2 :  0.352 0.154 0.051 0.229 0.214 
403 OmyJC18ROGR    (1)    2 :  0.212 0.203 0.127 0.150 0.309 
404 OmyJC18ROGR    (2)    2 :  0.040 0.143 0.118 0.131 0.568 
405 OmyJC18ROGR    (3)    2 :  0.099 0.287 0.490 0.038 0.087 
406 OmyJC18ROGR    (2)    2 :  0.055 0.281 0.292 0.046 0.326 
407 OmyJC18ROGR    (2)    2 :  0.247 0.102 0.496 0.108 0.047 
408 OmyJC18ROGR    (2)    2 :  0.274 0.127 0.457 0.101 0.042 
409 OmyJC18ROGR    (1)    2 :  0.232 0.432 0.149 0.036 0.151 
410 OmyJC18ROGR    (1)    2 :  0.060 0.534 0.289 0.033 0.084 
411 OmyJC18ROGR    (1)    2 :  0.074 0.344 0.065 0.039 0.478 
412 OmyJC18ROGR    (0)    2 :  0.050 0.232 0.521 0.025 0.172 
413 OmyJC18ROGR    (1)    2 :  0.033 0.717 0.113 0.042 0.095 
414 OmyJC18ROGR    (2)    2 :  0.046 0.154 0.281 0.029 0.489 
415 OmyJC18ROGR    (2)    2 :  0.121 0.536 0.050 0.021 0.273 
416 OmyJC18ROGR    (3)    2 :  0.056 0.315 0.148 0.070 0.411 
417 OmyJC18ROGR    (1)    2 :  0.406 0.288 0.181 0.048 0.077 
418 OmyJC18ROGR    (0)    2 :  0.702 0.149 0.032 0.042 0.075 
419 OmyJC18ROGR    (1)    2 :  0.325 0.275 0.136 0.030 0.234 
420 OmyJC18ROGR    (0)    2 :  0.033 0.640 0.060 0.028 0.239 
421 OmyJC18ROGR    (1)    2 :  0.075 0.219 0.497 0.056 0.154 
422 OmyJC18ROGR    (6)    2 :  0.060 0.070 0.070 0.041 0.759 
423 OmyJC18ROGR    (2)    2 :  0.106 0.580 0.106 0.053 0.156 
424 OmyJC18ROGR    (1)    2 :  0.206 0.417 0.095 0.231 0.051 
425 OmyJC18ROGR    (1)    2 :  0.059 0.346 0.150 0.259 0.185 
426 OmyJC18ROGR    (3)    2 :  0.189 0.436 0.255 0.041 0.079 
427 OmyJC18ROGR    (2)    2 :  0.024 0.067 0.191 0.585 0.133 
428 OmyJC18ROGR    (6)    2 :  0.034 0.822 0.079 0.022 0.043 
429 OmyJC18ROGR    (1)    2 :  0.032 0.207 0.185 0.177 0.399 
430 OmyJC18ROGR    (1)    2 :  0.129 0.100 0.093 0.120 0.558 
431 OmyJC18ROGR    (0)    2 :  0.054 0.551 0.157 0.055 0.184 
432 OmyJC18ROGR    (2)    2 :  0.069 0.046 0.062 0.734 0.089 
433 OmyJC18ROGR    (2)    2 :  0.585 0.066 0.085 0.079 0.184 
434 OmyJC18ROGR    (2)    2 :  0.062 0.107 0.078 0.094 0.659 
435 OmyJC18ROGR    (8)    2 :  0.149 0.527 0.173 0.085 0.066 
436 OmyJC18ROGR    (2)    2 :  0.120 0.573 0.143 0.039 0.125 
437 OmyJC18ROGR    (4)    2 :  0.229 0.339 0.180 0.035 0.217 
438 OmyJC18ROGR    (1)    2 :  0.748 0.065 0.044 0.067 0.076 
439 OmyJC18ROGR    (2)    2 :  0.059 0.077 0.073 0.452 0.338 
440 OmyJC18ROGR    (0)    2 :  0.705 0.049 0.036 0.136 0.074 
441 OmyJC18ROGR    (1)    2 :  0.042 0.054 0.821 0.028 0.056 
442 OmyJC18ROGR    (6)    2 :  0.177 0.091 0.342 0.106 0.284 
443 OmyJC18ROGR    (1)    2 :  0.047 0.249 0.499 0.024 0.181 
444 OmyJC18ROGR    (6)    2 :  0.382 0.325 0.141 0.044 0.107 
445 OmyJC18ROGR    (2)    2 :  0.251 0.388 0.122 0.095 0.144 
446 OmyJC18ROGR    (3)    2 :  0.296 0.187 0.151 0.278 0.088 
447 OmyJC18ROGR    (2)    2 :  0.120 0.159 0.378 0.108 0.236 
448 OmyJC18ROGR    (3)    2 :  0.047 0.116 0.155 0.064 0.618 
449 OmyJC18ROGR    (1)    2 :  0.100 0.232 0.534 0.044 0.090 
450 OmyJC18ROGR    (4)    2 :  0.217 0.452 0.074 0.205 0.051 
451 OmyJC18ROGR    (3)    2 :  0.089 0.178 0.324 0.059 0.350 
452 OmyJC18ROGR    (1)    2 :  0.034 0.202 0.219 0.073 0.472 
453 OmyJC18ROGR    (1)    2 :  0.035 0.288 0.536 0.025 0.116 
454 OmyJC18ROGR    (4)    2 :  0.410 0.141 0.276 0.069 0.104 
455 OmyJC18ROGR    (4)    2 :  0.155 0.074 0.237 0.417 0.117 
456 OmyJC18ROGR    (5)    2 :  0.098 0.469 0.109 0.137 0.187 
457 OmyJC18ROGR    (3)    2 :  0.254 0.182 0.069 0.035 0.460 
458 OmyJC18ROGR    (1)    2 :  0.182 0.444 0.231 0.061 0.082 
459 OmyJC18ROGR    (1)    2 :  0.023 0.053 0.044 0.834 0.046 
460 OmyJC18ROGR    (2)    2 :  0.053 0.443 0.361 0.040 0.103 
461 OmyJC18ROGR    (1)    2 :  0.105 0.041 0.060 0.678 0.117 
462 OmyJC18ROGR    (1)    2 :  0.307 0.254 0.209 0.021 0.210 
463 OmyJC18ROGR    (4)    2 :  0.071 0.170 0.465 0.059 0.235 
464 OmyJC18ROGR    (6)    2 :  0.257 0.406 0.191 0.033 0.113 
465 OmyJC18ROGR    (3)    2 :  0.536 0.280 0.082 0.043 0.059 
466 OmyJC18ROGR    (3)    2 :  0.299 0.258 0.249 0.093 0.101 
467 OmyJC18ROGR    (2)    2 :  0.032 0.054 0.052 0.057 0.804 
468 OmyJC18ROGR    (2)    2 :  0.122 0.527 0.241 0.019 0.090 
469 OmyJC18ROGR    (1)    2 :  0.023 0.034 0.024 0.891 0.027 
470 OmyJC18ROGR    (0)    2 :  0.451 0.061 0.100 0.236 0.151 
471 OmyJC18ROGR    (2)    2 :  0.091 0.414 0.099 0.087 0.309 
472 OmyJC18ROGR    (2)    2 :  0.031 0.804 0.096 0.009 0.060 
473 OmyJC18ROGR    (1)    2 :  0.082 0.375 0.299 0.076 0.169 
474 OmyJC18ROGR    (3)    2 :  0.054 0.772 0.058 0.053 0.063 
475 OmyJC18ROGR    (1)    2 :  0.322 0.096 0.124 0.089 0.369 
476 OmyJC18ROGR    (2)    2 :  0.108 0.216 0.298 0.042 0.336 
477 OmyJC18ROGR    (0)    2 :  0.269 0.155 0.085 0.080 0.411 
478 OmyJC18ROGR    (1)    2 :  0.075 0.256 0.397 0.087 0.185 
479 OmyJC18ROGR    (1)    2 :  0.194 0.262 0.076 0.055 0.414 
480 OmyJC18ROGR    (1)    2 :  0.051 0.258 0.284 0.087 0.320 
481 OmyJC18ROGR    (1)    2 :  0.082 0.318 0.318 0.048 0.234 
482 OmyJC18ROGR    (1)    2 :  0.389 0.128 0.119 0.048 0.316 
483 OmyJC18ROGR    (0)    2 :  0.160 0.218 0.454 0.036 0.132 
484 OmyJC18ROGR    (0)    2 :  0.062 0.070 0.549 0.086 0.233 
485 OmyJC18ROGR    (0)    2 :  0.313 0.125 0.108 0.030 0.424 
486 OmyJC18ROGR    (0)    2 :  0.172 0.367 0.319 0.049 0.093 
487 OmyJC18ROGR    (1)    2 :  0.456 0.050 0.052 0.036 0.406 
488 OmyJC18ROGR    (1)    2 :  0.237 0.279 0.134 0.078 0.272 
489 OmyJC18ROGR    (1)    2 :  0.052 0.093 0.658 0.049 0.149 
490 OmyJC18ROGR    (0)    2 :  0.028 0.385 0.452 0.021 0.114 
491 OmyJC18ROGR    (0)    2 :  0.619 0.091 0.157 0.068 0.065 
492 OmyJC18ROGR    (5)    2 :  0.102 0.044 0.039 0.750 0.066 
493 OmyJC18ROGR    (1)    2 :  0.138 0.067 0.078 0.186 0.531 
494 OmyJC18ROGR    (3)    2 :  0.125 0.545 0.123 0.049 0.158 
495 OmyJC18ROGR    (1)    2 :  0.166 0.265 0.117 0.095 0.357 
496 OmyJC18ROGR    (1)    2 :  0.038 0.508 0.135 0.139 0.180 
497 OmyJC18ROGR    (1)    2 :  0.258 0.230 0.105 0.025 0.381 
498 OmyJC18ROGR    (1)    2 :  0.325 0.138 0.343 0.071 0.123 
499 OmyJC18ROGR    (1)    2 :  0.200 0.280 0.361 0.043 0.117 
500 OmyJC18ROGR    (1)    2 :  0.034 0.512 0.177 0.096 0.181 
501 OmyJC18ROGR    (2)    2 :  0.399 0.359 0.098 0.030 0.114 
502 OmyJC18ROGR    (1)    2 :  0.403 0.084 0.135 0.212 0.165 
503 OmyJC18ROGR    (2)    2 :  0.237 0.226 0.350 0.112 0.075 
504 OmyJC18ROGR    (2)    2 :  0.507 0.096 0.089 0.076 0.233 
505 OmyJC18ROGR    (2)    2 :  0.096 0.619 0.147 0.087 0.052 
506 OmyJC18ROGR    (3)    2 :  0.121 0.552 0.125 0.072 0.129 
507 OmyJC18ROGR    (1)    2 :  0.044 0.442 0.136 0.113 0.265 
508 OmyJC18ROGR    (7)    2 :  0.102 0.479 0.102 0.039 0.279 
509 OmyJC18ROGR    (1)    2 :  0.148 0.106 0.060 0.133 0.553 
510 OmyJC18ROGR    (1)    2 :  0.022 0.016 0.029 0.913 0.021 
511 OmyJC18ROGR    (2)    2 :  0.534 0.171 0.108 0.131 0.057 
512 OmyJC18ROGR    (1)    2 :  0.516 0.168 0.181 0.034 0.102 
513 OmyJC18ROGR    (3)    2 :  0.038 0.266 0.124 0.030 0.542 
514 OmyJC18ROGR    (1)    2 :  0.825 0.059 0.053 0.030 0.033 
515 OmyJC18ROGR    (5)    2 :  0.082 0.283 0.263 0.034 0.338 
516 OmyJC18ROGR    (3)    2 :  0.427 0.090 0.069 0.326 0.088 
517 OmyJC18ROGR    (1)    2 :  0.352 0.109 0.390 0.021 0.128 
518 OmyJC18ROGR    (1)    2 :  0.187 0.088 0.076 0.510 0.139 
519 OmyJC18ROGR    (0)    2 :  0.186 0.417 0.045 0.111 0.242 
520 OmyJC18ROGR    (0)    2 :  0.171 0.078 0.580 0.037 0.134 
521 OmyJC18ROGR    (2)    2 :  0.109 0.363 0.124 0.097 0.308 
522 OmyJC18ROGR    (2)    2 :  0.075 0.349 0.083 0.336 0.156 
523 OmyJC18ROGR    (1)    2 :  0.333 0.078 0.102 0.285 0.202 
524 OmyJC18ROGR    (3)    2 :  0.132 0.386 0.201 0.153 0.128 
525 OmyJC18ROGR    (1)    2 :  0.096 0.049 0.091 0.045 0.719 
526 OmyJC18ROGR    (7)    2 :  0.058 0.312 0.508 0.020 0.102 
527 OmyJC18ROGR    (4)    2 :  0.090 0.378 0.333 0.108 0.090 
528 OmyJC18ROGR    (1)    2 :  0.253 0.222 0.349 0.029 0.148 
529 OmyJC18ROGR    (2)    2 :  0.076 0.531 0.291 0.032 0.070 
530 OmyJC18ROGR    (1)    2 :  0.394 0.324 0.103 0.070 0.109 
531 OmyJC18ROGR    (2)    2 :  0.103 0.147 0.584 0.043 0.123 
532 OmyJC18ROGR    (2)    2 :  0.130 0.521 0.155 0.021 0.174 
533 OmyJC18ROGR    (5)    2 :  0.046 0.022 0.039 0.842 0.051 
534 OmyJC18ROGR    (2)    2 :  0.130 0.497 0.180 0.103 0.091 
535 OmyJC18ROGR    (3)    2 :  0.328 0.203 0.293 0.057 0.120 
536 OmyJC18ROGR    (0)    2 :  0.059 0.398 0.184 0.132 0.227 
537 OmyJC18ROGR    (3)    2 :  0.093 0.109 0.208 0.224 0.365 
538 OmyJC18ROGR    (1)    2 :  0.117 0.331 0.069 0.038 0.445 
539 OmyJC18ROGR    (1)    2 :  0.317 0.259 0.108 0.063 0.254 
540 OmyJC18ROGR    (1)    2 :  0.112 0.370 0.322 0.060 0.136 
541 OmyJC18ROGR    (5)    2 :  0.328 0.160 0.280 0.017 0.215 
542 OmyJC18ROGR    (4)    2 :  0.080 0.160 0.376 0.110 0.275 
543 OmyJC18ROGR    (2)    2 :  0.352 0.303 0.153 0.021 0.170 
544 OmyJC18ROGR    (2)    2 :  0.164 0.184 0.042 0.040 0.570 
545 OmyJC18ROGR    (2)    2 :  0.154 0.086 0.364 0.251 0.144 
546 OmyJC18ROGR    (1)    2 :  0.348 0.285 0.243 0.043 0.082 
547 OmyJC18ROGR    (1)    2 :  0.238 0.277 0.226 0.064 0.194 
548 OmyJC18ROGR    (1)    2 :  0.029 0.115 0.078 0.694 0.085 
549 OmyJC18ROGR    (1)    2 :  0.133 0.063 0.409 0.255 0.140 
550 OmyJC18ROGR    (2)    2 :  0.067 0.200 0.341 0.267 0.125 
551 OmyJC18ROGR    (4)    2 :  0.067 0.204 0.480 0.146 0.103 
552 OmyJC18ROGR    (6)    2 :  0.020 0.194 0.392 0.036 0.358 
553 OmyJC18ROGR    (3)    2 :  0.786 0.072 0.038 0.032 0.073 
554 OmyJC18ROGR    (1)    2 :  0.475 0.094 0.123 0.023 0.285 
555 OmyJC18ROGR    (4)    2 :  0.395 0.230 0.266 0.033 0.077 
556 OmyJC18ROGR    (2)    2 :  0.172 0.275 0.274 0.082 0.198 
557 OmyJC18ROGR    (0)    2 :  0.110 0.173 0.142 0.036 0.538 
558 OmyJC18ROGR    (2)    2 :  0.227 0.192 0.127 0.060 0.394 
559 OmyJC18ROGR    (3)    2 :  0.073 0.091 0.334 0.277 0.225 
560 OmyJC18ROGR    (6)    2 :  0.435 0.097 0.295 0.031 0.141 
561 OmyJC18ROGR    (1)    2 :  0.032 0.205 0.252 0.176 0.335 
562 OmyJC18ROGR    (2)    2 :  0.554 0.151 0.073 0.055 0.167 
563 OmyJC18ROGR    (2)    2 :  0.152 0.046 0.202 0.288 0.312 
564 OmyJC18ROGR    (1)    2 :  0.101 0.326 0.149 0.356 0.068 
565 OmyJC18ROGR    (1)    2 :  0.033 0.317 0.135 0.058 0.456 
566 OmyJC18ROGR    (1)    2 :  0.124 0.566 0.110 0.028 0.174 
567 OmyJC18ROGR    (1)    2 :  0.061 0.164 0.653 0.043 0.078 
568 OmyJC18ROGR    (1)    2 :  0.079 0.087 0.715 0.021 0.099 
569 OmyJC18ROGR    (3)    2 :  0.122 0.362 0.363 0.053 0.100 
570 OmyJC18ROGR    (1)    2 :  0.224 0.187 0.108 0.273 0.209 
571 OmyJC18ROGR    (2)    2 :  0.098 0.083 0.069 0.530 0.220 
572 OmyJC18ROGR    (5)    2 :  0.307 0.060 0.047 0.114 0.472 
573 OmyJC18ROGR    (5)    2 :  0.118 0.047 0.620 0.142 0.073 
574 OmyJC18ROGR    (1)    2 :  0.044 0.087 0.667 0.141 0.062 
575 OmyJC18ROGR    (2)    2 :  0.312 0.141 0.351 0.036 0.160 
576 OmyJC18ROGR    (0)    2 :  0.534 0.062 0.309 0.021 0.073 
577 OmyJC18ROGR    (1)    2 :  0.073 0.134 0.345 0.262 0.186 
578 OmyJC18ROGR    (1)    2 :  0.021 0.039 0.742 0.024 0.174 
579 OmyJC18ROGR    (2)    2 :  0.153 0.072 0.101 0.050 0.623 
580 OmyJC18ROGR    (1)    2 :  0.228 0.158 0.134 0.018 0.461 
581 OmyJC18ROGR    (1)    2 :  0.402 0.068 0.083 0.113 0.333 
582 OmyJC18ROGR    (0)    2 :  0.046 0.584 0.117 0.083 0.171 
583 OmyJC18ROGR    (1)    2 :  0.281 0.101 0.343 0.062 0.214 
584 OmyJC18ROGR    (2)    2 :  0.190 0.059 0.405 0.296 0.050 
585 OmyJC18ROGR    (1)    2 :  0.023 0.185 0.535 0.209 0.048 
586 OmyJC18ROGR    (0)    2 :  0.083 0.045 0.228 0.562 0.082 
587 OmyJC18ROGR    (1)    2 :  0.174 0.533 0.102 0.034 0.157 
588 OmyJC18ROGR    (0)    2 :  0.096 0.063 0.292 0.385 0.163 
589 OmyJC18ROGR    (2)    2 :  0.793 0.082 0.046 0.028 0.051 
590 OmyJC18ROGR    (2)    2 :  0.135 0.228 0.062 0.122 0.453 
591 OmyJC18ROGR    (1)    2 :  0.139 0.099 0.278 0.385 0.099 
592 OmyJC18ROGR    (1)    2 :  0.171 0.229 0.210 0.046 0.344 
593 OmyJC18ROGR    (1)    2 :  0.056 0.419 0.181 0.265 0.079 
594 OmyJC18ROGR    (3)    2 :  0.105 0.423 0.260 0.044 0.169 
595 OmyJC18ROGR    (1)    2 :  0.070 0.048 0.754 0.079 0.050 
596 OmyJC18ROGR    (1)    2 :  0.069 0.526 0.135 0.081 0.190 
597 OmyJC18ROGR    (1)    2 :  0.042 0.546 0.275 0.088 0.048 
598 OmyJC18ROGR    (1)    2 :  0.065 0.091 0.129 0.558 0.157 
599 OmyJC18ROGR    (1)    2 :  0.335 0.104 0.403 0.066 0.092 
600 OmyJC18ROGR    (2)    2 :  0.311 0.138 0.119 0.044 0.388 
601 OmyJC18ROGR    (7)    2 :  0.593 0.041 0.090 0.018 0.258 
602 OmyJC18ROGR    (3)    2 :  0.037 0.785 0.058 0.061 0.058 
603 OmyJC18ROGR    (1)    2 :  0.329 0.259 0.212 0.040 0.160 
604 OmyJC18ROGR    (1)    2 :  0.216 0.203 0.439 0.045 0.098 
605 OmyJC18ROGR    (1)    2 :  0.568 0.193 0.142 0.043 0.053 
606 OmyJC18ROGR    (1)    2 :  0.039 0.094 0.399 0.399 0.069 
