

----------------------------------------------------
STRUCTURE by Pritchard, Stephens and Donnelly (2000)
     and Falush, Stephens and Pritchard (2003)
       Code by Pritchard, Falush and Hubisz
             Version 2.3.4 (Jul 2012)
----------------------------------------------------



Command line arguments:   bin/structure -m "/Users/ddayan/FRA/premature_migration/Rogue_Half-Pounder/rogue_half_pounder_repo/structure/halfpounder/10k_20k_adm_corr_rep2/mainparams" -e "/Users/ddayan/FRA/premature_migration/Rogue_Half-Pounder/rogue_half_pounder_repo/structure/halfpounder/10k_20k_adm_corr_rep2/extraparams" 
Input File:    /Users/ddayan/FRA/premature_migration/Rogue_Half-Pounder/rogue_half_pounder_repo/structure/halfpounder/project_data

Run parameters:
   882 individuals
   330 loci
   5 populations assumed
   10000 Burn-in period
   20000 Reps


--------------------------------------------
Proportion of membership of each pre-defined
 population in each of the 5 clusters

Given    Inferred Clusters                     Number of
 Pop       1      2      3      4      5      Individuals

  1:     0.204  0.218  0.204  0.194  0.180      157
  2:     0.207  0.201  0.210  0.196  0.187      643
  3:     0.276  0.266  0.310  0.059  0.089       40
  4:     0.103  0.085  0.073  0.049  0.689       42
--------------------------------------------

Allele-freq. divergence among pops (Net nucleotide distance),
computed using point estimates of P.

      1       2       3       4       5      
 1      -    0.0003  0.0010  0.0083  0.0035  
 2   0.0003     -    0.0010  0.0084  0.0036  
 3   0.0010  0.0010     -    0.0087  0.0039  
 4   0.0083  0.0084  0.0087     -    0.0114  
 5   0.0035  0.0036  0.0039  0.0114     -    

Average distances (expected heterozygosity) between individuals in same cluster:
cluster  1  : 0.2861 
cluster  2  : 0.2864 
cluster  3  : 0.2855 
cluster  4  : 0.2531 
cluster  5  : 0.2798 

--------------------------------------------
Estimated Ln Prob of Data   = -248486.1
Mean value of ln likelihood = -246128.1
Variance of ln likelihood   = 4716.1
Mean value of alpha         = 0.2162

Mean value of Fst_1         = 0.0121
Mean value of Fst_2         = 0.0138
Mean value of Fst_3         = 0.0127
Mean value of Fst_4         = 0.0764
Mean value of Fst_5         = 0.0282


Inferred ancestry of individuals:
        Label (%Miss) Pop:  Inferred clusters
  1 OmyAC19ROGR    (0)    1 :  0.143 0.172 0.360 0.015 0.310 
  2 OmyAC19ROGR    (1)    1 :  0.222 0.239 0.248 0.082 0.209 
  3 OmyAC19ROGR    (1)    1 :  0.104 0.199 0.449 0.069 0.179 
  4 OmyAC19ROGR    (1)    1 :  0.270 0.224 0.339 0.033 0.134 
  5 OmyAC19ROGR    (2)    1 :  0.018 0.018 0.018 0.929 0.017 
  6 OmyAC19ROGR    (1)    1 :  0.090 0.094 0.546 0.226 0.043 
  7 OmyAC19ROGR    (1)    1 :  0.262 0.188 0.164 0.210 0.176 
  8 OmyAC19ROGR    (0)    1 :  0.217 0.552 0.107 0.018 0.106 
  9 OmyAC19ROGR    (1)    1 :  0.092 0.100 0.443 0.191 0.174 
 10 OmyAC19ROGR    (1)    1 :  0.169 0.143 0.073 0.491 0.123 
 11 OmyAC19ROGR    (0)    1 :  0.129 0.160 0.478 0.105 0.128 
 12 OmyAC19ROGR    (0)    1 :  0.109 0.112 0.583 0.129 0.067 
 13 OmyAC19ROGR    (1)    1 :  0.308 0.452 0.075 0.034 0.130 
 14 OmyAC19ROGR    (1)    1 :  0.251 0.133 0.128 0.460 0.029 
 15 OmyAC19ROGR    (2)    1 :  0.211 0.206 0.098 0.436 0.049 
 16 OmyAC19ROGR    (1)    1 :  0.226 0.224 0.283 0.120 0.147 
 17 OmyAC19ROGR    (1)    1 :  0.164 0.540 0.174 0.101 0.021 
 18 OmyAC19ROGR    (2)    1 :  0.276 0.405 0.079 0.032 0.208 
 19 OmyAC19ROGR    (1)    1 :  0.445 0.335 0.063 0.054 0.103 
 20 OmyAC19ROGR    (1)    1 :  0.335 0.209 0.210 0.224 0.022 
 21 OmyAC19ROGR    (1)    1 :  0.287 0.312 0.115 0.198 0.089 
 22 OmyAC19ROGR    (1)    1 :  0.184 0.167 0.211 0.079 0.360 
 23 OmyAC19ROGR    (1)    1 :  0.126 0.322 0.269 0.165 0.119 
 24 OmyAC19ROGR    (1)    1 :  0.033 0.037 0.088 0.020 0.822 
 25 OmyAC19ROGR    (1)    1 :  0.269 0.318 0.110 0.221 0.082 
 26 OmyAC19ROGR    (1)    1 :  0.188 0.226 0.155 0.119 0.312 
 27 OmyAC19ROGR    (1)    1 :  0.399 0.246 0.243 0.059 0.053 
 28 OmyAC19ROGR    (1)    1 :  0.037 0.035 0.058 0.032 0.837 
 29 OmyAC19ROGR    (1)    1 :  0.276 0.313 0.216 0.070 0.125 
 30 OmyAC19ROGR    (1)    1 :  0.133 0.119 0.079 0.611 0.058 
 31 OmyAC19ROGR    (1)    1 :  0.196 0.381 0.216 0.041 0.166 
 32 OmyAC19ROGR    (1)    1 :  0.192 0.438 0.081 0.111 0.178 
 33 OmyAC19ROGR    (1)    1 :  0.145 0.155 0.205 0.149 0.346 
 34 OmyAC19ROGR    (1)    1 :  0.147 0.189 0.061 0.551 0.051 
 35 OmyAC19ROGR    (0)    1 :  0.335 0.241 0.134 0.092 0.198 
 36 OmyAC19ROGR    (1)    1 :  0.167 0.296 0.282 0.172 0.083 
 37 OmyAC19ROGR    (1)    1 :  0.161 0.089 0.122 0.124 0.503 
 38 OmyAC19ROGR    (1)    1 :  0.061 0.071 0.056 0.487 0.325 
 39 OmyAC19ROGR    (1)    1 :  0.321 0.457 0.068 0.112 0.041 
 40 OmyAC19ROGR    (0)    1 :  0.217 0.126 0.328 0.292 0.037 
 41 OmyAC19ROGR    (1)    1 :  0.372 0.248 0.245 0.040 0.094 
 42 OmyAC19ROGR    (1)    1 :  0.044 0.066 0.058 0.805 0.028 
 43 OmyAC19ROGR    (1)    1 :  0.208 0.249 0.329 0.043 0.172 
 44 OmyAC19ROGR    (7)    1 :  0.133 0.254 0.465 0.054 0.095 
 45 OmyAC19ROGR    (2)    1 :  0.073 0.101 0.167 0.356 0.303 
 46 OmyAC19ROGR    (1)    1 :  0.211 0.164 0.146 0.083 0.395 
 47 OmyAC19ROGR    (0)    1 :  0.051 0.053 0.101 0.065 0.730 
 48 OmyAC19ROGR    (1)    1 :  0.168 0.219 0.434 0.052 0.127 
 49 OmyAC19ROGR    (0)    1 :  0.254 0.174 0.221 0.038 0.313 
 50 OmyAC19ROGR    (1)    1 :  0.407 0.419 0.117 0.026 0.031 
 51 OmyAC19ROGR    (2)    1 :  0.079 0.079 0.091 0.683 0.068 
 52 OmyAC19ROGR    (1)    1 :  0.038 0.044 0.040 0.827 0.051 
 53 OmyAC19ROGR    (2)    1 :  0.104 0.105 0.141 0.026 0.624 
 54 OmyAC19ROGR    (1)    1 :  0.098 0.121 0.138 0.076 0.566 
 55 OmyAC19ROGR    (3)    1 :  0.203 0.501 0.131 0.102 0.064 
 56 OmyAC19ROGR    (1)    1 :  0.222 0.144 0.075 0.075 0.484 
 57 OmyAC19ROGR    (0)    1 :  0.131 0.159 0.085 0.026 0.598 
 58 OmyAC19ROGR    (1)    1 :  0.081 0.090 0.075 0.700 0.053 
 59 OmyAC19ROGR    (0)    1 :  0.181 0.148 0.129 0.033 0.510 
 60 OmyAC19ROGR    (2)    1 :  0.191 0.191 0.399 0.132 0.087 
 61 OmyAC19ROGR    (1)    1 :  0.199 0.129 0.139 0.072 0.461 
 62 OmyAC19ROGR    (1)    1 :  0.222 0.170 0.467 0.050 0.091 
 63 OmyAC19ROGR    (0)    1 :  0.097 0.101 0.189 0.232 0.380 
 64 OmyAC19ROGR    (3)    1 :  0.194 0.225 0.416 0.071 0.094 
 65 OmyAC19ROGR    (1)    1 :  0.255 0.424 0.142 0.065 0.114 
 66 OmyAC19ROGR    (4)    1 :  0.333 0.259 0.095 0.276 0.037 
 67 OmyAC19ROGR    (0)    1 :  0.306 0.204 0.094 0.044 0.352 
 68 OmyAC19ROGR    (2)    1 :  0.164 0.120 0.216 0.051 0.448 
 69 OmyAC19ROGR    (2)    1 :  0.086 0.103 0.077 0.239 0.496 
 70 OmyAC19ROGR    (1)    1 :  0.266 0.287 0.190 0.041 0.216 
 71 OmyAC19ROGR    (0)    1 :  0.228 0.478 0.181 0.033 0.080 
 72 OmyAC19ROGR    (5)    1 :  0.150 0.152 0.542 0.024 0.133 
 73 OmyAC19ROGR    (1)    1 :  0.144 0.269 0.070 0.259 0.258 
 74 OmyAC19ROGR    (1)    1 :  0.245 0.109 0.576 0.033 0.038 
 75 OmyAC19ROGR    (1)    1 :  0.170 0.268 0.088 0.119 0.355 
 76 OmyAC19ROGR    (1)    1 :  0.142 0.092 0.090 0.047 0.629 
 77 OmyAC19ROGR    (1)    1 :  0.024 0.020 0.030 0.910 0.017 
 78 OmyAC19ROGR    (1)    1 :  0.224 0.428 0.174 0.040 0.134 
 79 OmyAC19ROGR    (2)    1 :  0.317 0.370 0.128 0.059 0.126 
 80 OmyAC19ROGR    (2)    1 :  0.075 0.061 0.069 0.714 0.081 
 81 OmyAC19ROGR    (2)    1 :  0.152 0.086 0.229 0.425 0.108 
 82 OmyAC19ROGR    (1)    1 :  0.102 0.119 0.182 0.023 0.574 
 83 OmyAC19ROGR    (0)    1 :  0.263 0.288 0.120 0.049 0.279 
 84 OmyAC19ROGR    (1)    1 :  0.313 0.164 0.247 0.199 0.077 
 85 OmyAC19ROGR    (6)    1 :  0.223 0.496 0.127 0.029 0.125 
 86 OmyAC19ROGR    (1)    1 :  0.414 0.209 0.259 0.089 0.030 
 87 OmyAC19ROGR    (2)    1 :  0.167 0.077 0.365 0.038 0.353 
 88 OmyJC19ROGR    (0)    2 :  0.060 0.065 0.031 0.818 0.026 
 89 OmyJC19ROGR    (1)    2 :  0.532 0.218 0.134 0.055 0.061 
 90 OmyJC19ROGR    (1)    2 :  0.034 0.034 0.030 0.882 0.021 
 91 OmyJC19ROGR    (2)    2 :  0.257 0.178 0.207 0.016 0.342 
 92 OmyJC19ROGR    (1)    2 :  0.149 0.166 0.106 0.053 0.526 
 93 OmyJC19ROGR    (1)    2 :  0.070 0.065 0.051 0.018 0.795 
 94 OmyJC19ROGR    (1)    2 :  0.167 0.429 0.185 0.180 0.039 
 95 OmyJC19ROGR    (0)    2 :  0.178 0.292 0.280 0.214 0.036 
 96 OmyJC19ROGR    (2)    2 :  0.218 0.370 0.209 0.095 0.108 
 97 OmyJC19ROGR    (1)    2 :  0.043 0.048 0.029 0.147 0.733 
 98 OmyJC19ROGR    (0)    2 :  0.254 0.322 0.270 0.049 0.105 
 99 OmyJC19ROGR    (0)    2 :  0.164 0.121 0.140 0.105 0.469 
100 OmyJC19ROGR    (1)    2 :  0.209 0.538 0.125 0.037 0.091 
101 OmyJC19ROGR    (1)    2 :  0.090 0.133 0.116 0.518 0.143 
102 OmyJC19ROGR    (1)    2 :  0.397 0.330 0.137 0.092 0.043 
103 OmyJC19ROGR    (2)    2 :  0.252 0.183 0.203 0.196 0.166 
104 OmyJC19ROGR    (1)    2 :  0.158 0.187 0.109 0.035 0.511 
105 OmyJC19ROGR    (1)    2 :  0.057 0.033 0.179 0.197 0.534 
106 OmyJC19ROGR    (1)    2 :  0.015 0.016 0.022 0.895 0.051 
107 OmyJC19ROGR    (2)    2 :  0.322 0.262 0.175 0.110 0.131 
108 OmyJC19ROGR    (0)    2 :  0.242 0.247 0.219 0.061 0.231 
109 OmyJC19ROGR    (1)    2 :  0.303 0.235 0.203 0.231 0.028 
110 OmyJC19ROGR    (1)    2 :  0.095 0.099 0.112 0.203 0.492 
111 OmyJC19ROGR    (1)    2 :  0.156 0.153 0.147 0.082 0.463 
112 OmyJC19ROGR    (2)    2 :  0.175 0.402 0.257 0.108 0.059 
113 OmyJC19ROGR    (1)    2 :  0.189 0.152 0.085 0.518 0.056 
114 OmyJC19ROGR    (3)    2 :  0.338 0.384 0.160 0.045 0.073 
115 OmyJC19ROGR    (2)    2 :  0.056 0.062 0.496 0.053 0.333 
116 OmyJC19ROGR    (0)    2 :  0.207 0.426 0.209 0.090 0.068 
117 OmyJC19ROGR    (1)    2 :  0.191 0.379 0.179 0.194 0.056 
118 OmyJC19ROGR    (1)    2 :  0.392 0.317 0.074 0.036 0.181 
119 OmyJC19ROGR    (3)    2 :  0.466 0.227 0.180 0.063 0.064 
120 OmyJC19ROGR    (1)    2 :  0.060 0.065 0.043 0.017 0.814 
121 OmyJC19ROGR    (0)    2 :  0.411 0.258 0.235 0.062 0.034 
122 OmyJC19ROGR    (1)    2 :  0.257 0.283 0.187 0.066 0.206 
123 OmyJC19ROGR    (1)    2 :  0.255 0.291 0.190 0.028 0.236 
124 OmyJC19ROGR    (0)    2 :  0.128 0.124 0.604 0.100 0.044 
125 OmyJC19ROGR    (1)    2 :  0.127 0.126 0.132 0.108 0.507 
126 OmyJC19ROGR    (1)    2 :  0.060 0.104 0.129 0.643 0.063 
127 OmyJC19ROGR    (1)    2 :  0.508 0.302 0.072 0.059 0.060 
128 OmyJC19ROGR    (1)    2 :  0.113 0.086 0.058 0.035 0.707 
129 OmyJC19ROGR    (1)    2 :  0.155 0.431 0.096 0.232 0.086 
130 OmyJC19ROGR    (1)    2 :  0.151 0.210 0.551 0.058 0.031 
131 OmyJC19ROGR    (1)    2 :  0.238 0.290 0.247 0.070 0.156 
132 OmyJC19ROGR    (1)    2 :  0.215 0.082 0.197 0.042 0.464 
133 OmyJC19ROGR    (1)    2 :  0.255 0.408 0.249 0.028 0.060 
134 OmyJC19ROGR    (1)    2 :  0.581 0.186 0.100 0.063 0.069 
135 OmyJC19ROGR    (1)    2 :  0.030 0.028 0.036 0.021 0.884 
136 OmyJC19ROGR    (3)    2 :  0.384 0.301 0.169 0.042 0.105 
137 OmyJC19ROGR    (1)    2 :  0.229 0.144 0.338 0.245 0.044 
138 OmyJC19ROGR    (1)    2 :  0.094 0.155 0.078 0.646 0.027 
139 OmyJC19ROGR    (2)    2 :  0.242 0.401 0.261 0.023 0.072 
140 OmyJC19ROGR    (3)    2 :  0.184 0.574 0.088 0.101 0.052 
141 OmyJC19ROGR    (0)    2 :  0.148 0.232 0.091 0.392 0.137 
142 OmyJC19ROGR    (1)    2 :  0.158 0.177 0.131 0.331 0.204 
143 OmyJC19ROGR    (0)    2 :  0.060 0.074 0.149 0.073 0.643 
144 OmyJC19ROGR    (1)    2 :  0.232 0.568 0.147 0.014 0.040 
145 OmyJC19ROGR    (1)    2 :  0.109 0.122 0.681 0.033 0.055 
146 OmyJC19ROGR    (2)    2 :  0.139 0.160 0.100 0.059 0.541 
147 OmyJC19ROGR    (1)    2 :  0.395 0.278 0.167 0.057 0.103 
148 OmyJC19ROGR    (1)    2 :  0.263 0.236 0.255 0.024 0.222 
149 OmyJC19ROGR    (2)    2 :  0.249 0.201 0.141 0.085 0.325 
150 OmyJC19ROGR    (2)    2 :  0.254 0.149 0.097 0.064 0.437 
151 OmyJC19ROGR    (1)    2 :  0.239 0.436 0.076 0.094 0.155 
152 OmyJC19ROGR    (0)    2 :  0.181 0.115 0.519 0.056 0.129 
153 OmyJC19ROGR    (1)    2 :  0.052 0.031 0.039 0.040 0.838 
154 OmyJC19ROGR    (2)    2 :  0.378 0.182 0.329 0.061 0.049 
155 OmyJC19ROGR    (1)    2 :  0.186 0.227 0.259 0.093 0.235 
156 OmyJC19ROGR    (1)    2 :  0.254 0.159 0.252 0.157 0.177 
157 OmyJC19ROGR    (0)    2 :  0.154 0.198 0.366 0.070 0.212 
158 OmyJC19ROGR    (2)    2 :  0.383 0.332 0.124 0.022 0.139 
159 OmyJC19ROGR    (1)    2 :  0.263 0.332 0.318 0.044 0.042 
160 OmyJC19ROGR    (0)    2 :  0.302 0.215 0.168 0.061 0.254 
161 OmyJC19ROGR    (1)    2 :  0.163 0.219 0.214 0.042 0.361 
162 OmyJC19ROGR    (1)    2 :  0.317 0.190 0.205 0.066 0.222 
163 OmyJC19ROGR    (1)    2 :  0.138 0.083 0.152 0.056 0.571 
164 OmyJC19ROGR    (1)    2 :  0.226 0.343 0.324 0.027 0.080 
165 OmyJC19ROGR    (0)    2 :  0.114 0.246 0.416 0.019 0.205 
166 OmyJC19ROGR    (0)    2 :  0.243 0.107 0.543 0.051 0.057 
167 OmyJC19ROGR    (2)    2 :  0.233 0.141 0.160 0.105 0.361 
168 OmyJC19ROGR    (0)    2 :  0.291 0.457 0.113 0.061 0.077 
169 OmyJC19ROGR    (1)    2 :  0.025 0.020 0.034 0.908 0.014 
170 OmyJC19ROGR    (1)    2 :  0.080 0.082 0.118 0.072 0.647 
171 OmyJC19ROGR    (1)    2 :  0.284 0.320 0.256 0.036 0.104 
172 OmyJC19ROGR    (0)    2 :  0.142 0.109 0.063 0.414 0.272 
173 OmyJC19ROGR    (1)    2 :  0.031 0.025 0.031 0.889 0.025 
174 OmyJC19ROGR    (0)    2 :  0.105 0.178 0.571 0.038 0.109 
175 OmyJC19ROGR    (1)    2 :  0.246 0.515 0.142 0.028 0.069 
176 OmyJC19ROGR    (1)    2 :  0.260 0.132 0.052 0.056 0.500 
177 OmyJC19ROGR    (1)    2 :  0.057 0.050 0.091 0.016 0.786 
178 OmyJC19ROGR    (0)    2 :  0.367 0.237 0.316 0.054 0.025 
179 OmyJC19ROGR    (1)    2 :  0.151 0.180 0.198 0.020 0.451 
180 OmyJC19ROGR    (1)    2 :  0.051 0.058 0.035 0.792 0.063 
181 OmyJC19ROGR    (1)    2 :  0.313 0.196 0.374 0.040 0.077 
182 OmyJC19ROGR    (1)    2 :  0.200 0.530 0.083 0.129 0.059 
183 OmyJC19ROGR    (1)    2 :  0.267 0.299 0.301 0.036 0.096 
184 OmyJC19ROGR    (1)    2 :  0.114 0.199 0.058 0.533 0.095 
185 OmyJC19ROGR    (2)    2 :  0.322 0.580 0.053 0.012 0.033 
186 OmyJC19ROGR    (1)    2 :  0.137 0.242 0.085 0.100 0.437 
187 OmyJC19ROGR    (0)    2 :  0.066 0.049 0.807 0.022 0.056 
188 OmyJC19ROGR    (1)    2 :  0.180 0.433 0.220 0.062 0.105 
189 OmyJC19ROGR    (0)    2 :  0.260 0.200 0.087 0.155 0.298 
190 OmyJC19ROGR    (0)    2 :  0.189 0.093 0.077 0.050 0.592 
191 OmyJC19ROGR    (2)    2 :  0.075 0.088 0.283 0.035 0.518 
192 OmyJC19ROGR    (1)    2 :  0.587 0.304 0.056 0.031 0.023 
193 OmyJC19ROGR    (1)    2 :  0.311 0.214 0.221 0.123 0.130 
194 OmyJC19ROGR    (0)    2 :  0.639 0.251 0.056 0.015 0.039 
195 OmyJC19ROGR    (1)    2 :  0.054 0.067 0.059 0.799 0.020 
196 OmyJC19ROGR    (1)    2 :  0.085 0.162 0.690 0.034 0.030 
197 OmyJC19ROGR    (1)    2 :  0.247 0.143 0.143 0.063 0.404 
198 OmyJC19ROGR    (1)    2 :  0.075 0.072 0.043 0.748 0.062 
199 OmyJC19ROGR    (0)    2 :  0.222 0.537 0.139 0.034 0.068 
200 OmyJC19ROGR    (0)    2 :  0.079 0.064 0.131 0.057 0.669 
201 OmyJC19ROGR    (1)    2 :  0.326 0.217 0.346 0.028 0.083 
202 OmyJC19ROGR    (0)    2 :  0.078 0.042 0.060 0.018 0.802 
203 OmyJC19ROGR    (0)    2 :  0.240 0.182 0.409 0.046 0.123 
204 OmyJC19ROGR    (1)    2 :  0.201 0.218 0.362 0.066 0.153 
205 OmyJC19ROGR    (1)    2 :  0.087 0.108 0.623 0.089 0.094 
206 OmyJC19ROGR    (1)    2 :  0.046 0.050 0.048 0.811 0.044 
207 OmyJC19ROGR    (1)    2 :  0.208 0.136 0.350 0.239 0.067 
208 OmyJC19ROGR    (1)    2 :  0.189 0.426 0.279 0.043 0.064 
209 OmyJC19ROGR    (0)    2 :  0.086 0.143 0.074 0.535 0.162 
210 OmyJC19ROGR    (1)    2 :  0.031 0.023 0.038 0.889 0.018 
211 OmyJC19ROGR    (0)    2 :  0.349 0.227 0.169 0.172 0.083 
212 OmyJC19ROGR    (1)    2 :  0.180 0.094 0.141 0.252 0.333 
213 OmyJC19ROGR    (1)    2 :  0.152 0.226 0.513 0.029 0.079 
214 OmyJC19ROGR    (1)    2 :  0.094 0.070 0.737 0.053 0.046 
215 OmyJC19ROGR    (1)    2 :  0.588 0.275 0.044 0.029 0.064 
216 OmyJC19ROGR    (1)    2 :  0.048 0.053 0.072 0.800 0.026 
217 OmyJC19ROGR    (1)    2 :  0.204 0.120 0.194 0.393 0.089 
218 OmyJC19ROGR    (1)    2 :  0.075 0.085 0.309 0.029 0.503 
219 OmyJC19ROGR    (1)    2 :  0.412 0.269 0.173 0.112 0.033 
220 OmyJC19ROGR    (1)    2 :  0.453 0.257 0.165 0.014 0.111 
221 OmyJC19ROGR    (0)    2 :  0.113 0.077 0.487 0.264 0.060 
222 OmyJC19ROGR    (1)    2 :  0.250 0.224 0.231 0.044 0.251 
223 OmyJC19ROGR    (0)    2 :  0.275 0.123 0.447 0.072 0.084 
224 OmyJC19ROGR    (1)    2 :  0.355 0.378 0.149 0.031 0.088 
225 OmyJC19ROGR    (1)    2 :  0.023 0.021 0.029 0.909 0.018 
226 OmyJC19ROGR    (0)    2 :  0.255 0.403 0.122 0.176 0.043 
227 OmyJC19ROGR    (1)    2 :  0.027 0.028 0.040 0.867 0.038 
228 OmyJC19ROGR    (1)    2 :  0.251 0.178 0.476 0.049 0.046 
229 OmyJC19ROGR    (2)    2 :  0.143 0.388 0.334 0.026 0.109 
230 OmyJC19ROGR    (1)    2 :  0.084 0.139 0.399 0.203 0.176 
231 OmyJC19ROGR    (1)    2 :  0.267 0.205 0.408 0.072 0.048 
232 OmyJC19ROGR    (2)    2 :  0.262 0.237 0.262 0.052 0.188 
233 OmyJC19ROGR    (1)    2 :  0.258 0.217 0.344 0.099 0.083 
234 OmyJC19ROGR    (1)    2 :  0.028 0.028 0.026 0.897 0.021 
235 OmyJC19ROGR    (0)    2 :  0.168 0.133 0.084 0.518 0.098 
236 OmyJC19ROGR    (1)    2 :  0.246 0.211 0.219 0.031 0.293 
237 OmyJC19ROGR    (1)    2 :  0.355 0.212 0.175 0.088 0.170 
238 OmyJC19ROGR    (0)    2 :  0.309 0.161 0.349 0.136 0.045 
239 OmyJC19ROGR    (1)    2 :  0.607 0.216 0.053 0.086 0.038 
240 OmyJC19ROGR    (1)    2 :  0.205 0.303 0.354 0.054 0.084 
241 OmyJC19ROGR    (0)    2 :  0.203 0.186 0.094 0.083 0.434 
242 OmyJC19ROGR    (1)    2 :  0.476 0.288 0.045 0.019 0.172 
243 OmyJC19ROGR    (1)    2 :  0.169 0.195 0.227 0.054 0.354 
244 OmyJC19ROGR    (1)    2 :  0.099 0.126 0.439 0.053 0.283 
245 OmyJC19ROGR    (0)    2 :  0.027 0.022 0.014 0.922 0.015 
246 OmyJC19ROGR    (1)    2 :  0.100 0.056 0.096 0.172 0.576 
247 OmyJC19ROGR    (0)    2 :  0.112 0.101 0.154 0.478 0.156 
248 OmyJC19ROGR    (1)    2 :  0.119 0.247 0.072 0.504 0.058 
249 OmyJC19ROGR    (1)    2 :  0.145 0.139 0.605 0.064 0.046 
250 OmyJC19ROGR    (0)    2 :  0.181 0.388 0.187 0.119 0.124 
251 OmyJC19ROGR    (1)    2 :  0.273 0.148 0.420 0.068 0.090 
252 OmyJC19ROGR    (0)    2 :  0.044 0.038 0.081 0.036 0.800 
253 OmyJC19ROGR    (0)    2 :  0.313 0.518 0.066 0.063 0.041 
254 OmyJC19ROGR    (1)    2 :  0.135 0.153 0.209 0.065 0.438 
255 OmyJC19ROGR    (1)    2 :  0.083 0.068 0.303 0.032 0.514 
256 OmyJC19ROGR    (1)    2 :  0.085 0.048 0.203 0.326 0.338 
257 OmyJC19ROGR    (0)    2 :  0.144 0.133 0.582 0.076 0.065 
258 OmyAC19ROGR    (1)    1 :  0.227 0.199 0.220 0.200 0.154 
259 OmyAC19ROGR    (2)    1 :  0.183 0.171 0.082 0.476 0.087 
260 OmyAC19ROGR    (1)    1 :  0.450 0.329 0.091 0.030 0.100 
261 OmyAC19ROGR    (0)    1 :  0.197 0.467 0.234 0.060 0.043 
262 OmyAC19ROGR    (1)    1 :  0.236 0.275 0.162 0.129 0.198 
263 OmyAC19ROGR    (0)    1 :  0.112 0.095 0.284 0.041 0.469 
264 OmyAC19ROGR    (1)    1 :  0.213 0.206 0.422 0.070 0.088 
265 OmyAC19ROGR    (1)    1 :  0.358 0.141 0.321 0.048 0.132 
266 OmyAC19ROGR    (1)    1 :  0.090 0.214 0.622 0.018 0.056 
267 OmyAC19ROGR    (1)    1 :  0.263 0.286 0.190 0.154 0.108 
268 OmyAC19ROGR    (2)    1 :  0.136 0.191 0.143 0.153 0.376 
269 OmyAC19ROGR    (1)    1 :  0.249 0.470 0.080 0.148 0.053 
270 OmyAC19ROGR    (1)    1 :  0.063 0.072 0.320 0.036 0.509 
271 OmyAC19ROGR    (1)    1 :  0.208 0.310 0.101 0.319 0.062 
272 OmyAC19ROGR    (0)    1 :  0.229 0.166 0.333 0.226 0.045 
273 OmyAC19ROGR    (0)    1 :  0.293 0.467 0.097 0.036 0.108 
274 OmyAC19ROGR    (1)    1 :  0.057 0.094 0.054 0.747 0.048 
275 OmyAC19ROGR    (1)    1 :  0.274 0.183 0.169 0.135 0.240 
276 OmyAC19ROGR    (1)    1 :  0.445 0.255 0.168 0.061 0.072 
277 OmyAC19ROGR    (1)    1 :  0.290 0.338 0.234 0.088 0.050 
278 OmyAC19ROGR    (1)    1 :  0.166 0.178 0.285 0.316 0.055 
279 OmyAC19ROGR    (0)    1 :  0.331 0.295 0.114 0.207 0.052 
280 OmyAC19ROGR    (1)    1 :  0.116 0.131 0.284 0.123 0.346 
281 OmyAC19ROGR    (1)    1 :  0.264 0.492 0.122 0.058 0.064 
282 OmyAC19ROGR    (1)    1 :  0.278 0.199 0.181 0.200 0.142 
283 OmyAC19ROGR    (1)    1 :  0.318 0.331 0.223 0.059 0.068 
284 OmyAC19ROGR    (0)    1 :  0.151 0.172 0.489 0.030 0.158 
285 OmyAC19ROGR    (1)    1 :  0.348 0.199 0.133 0.059 0.260 
286 OmyAC19ROGR    (1)    1 :  0.317 0.315 0.197 0.031 0.140 
287 OmyAC19ROGR    (1)    1 :  0.016 0.016 0.012 0.946 0.011 
288 OmyAC19ROGR    (1)    1 :  0.059 0.075 0.073 0.739 0.055 
289 OmyAC19ROGR    (1)    1 :  0.269 0.439 0.129 0.126 0.038 
290 OmyAC19ROGR    (1)    1 :  0.019 0.029 0.026 0.906 0.020 
291 OmyAC19ROGR    (1)    1 :  0.138 0.081 0.147 0.437 0.197 
292 OmyAC19ROGR    (1)    1 :  0.241 0.340 0.132 0.218 0.069 
293 OmyAC19ROGR    (1)    1 :  0.109 0.114 0.108 0.038 0.631 
294 OmyAC19ROGR    (1)    1 :  0.290 0.227 0.236 0.203 0.043 
295 OmyAC19ROGR    (0)    1 :  0.233 0.307 0.277 0.028 0.155 
296 OmyAC19ROGR    (0)    1 :  0.345 0.302 0.193 0.044 0.116 
297 OmyAC19ROGR    (1)    1 :  0.055 0.065 0.079 0.771 0.029 
298 OmyAC19ROGR    (0)    1 :  0.409 0.244 0.277 0.026 0.043 
299 OmyAC19ROGR    (1)    1 :  0.230 0.113 0.119 0.247 0.292 
300 OmyAC19ROGR    (1)    1 :  0.320 0.321 0.221 0.047 0.091 
301 OmyAC19ROGR    (0)    1 :  0.035 0.035 0.042 0.856 0.032 
302 OmyAC19ROGR    (1)    1 :  0.185 0.130 0.170 0.463 0.052 
303 OmyAC19ROGR    (1)    1 :  0.238 0.510 0.080 0.125 0.047 
304 OmyAC19ROGR    (1)    1 :  0.377 0.321 0.086 0.138 0.079 
305 OmyAC19ROGR    (1)    1 :  0.332 0.331 0.215 0.035 0.087 
306 OmyAC19ROGR    (1)    1 :  0.074 0.101 0.206 0.601 0.019 
307 OmyAC19ROGR    (2)    1 :  0.295 0.212 0.264 0.030 0.199 
308 OmyAC19ROGR    (0)    1 :  0.362 0.176 0.300 0.108 0.054 
309 OmyAC19ROGR    (2)    1 :  0.030 0.028 0.024 0.891 0.026 
310 OmyAC19ROGR    (0)    1 :  0.218 0.169 0.135 0.426 0.052 
311 OmyAC19ROGR    (0)    1 :  0.260 0.145 0.088 0.464 0.042 
312 OmyAC19ROGR    (0)    1 :  0.104 0.159 0.123 0.052 0.561 
313 OmyAC19ROGR    (1)    1 :  0.309 0.169 0.367 0.022 0.132 
314 OmyAC19ROGR    (0)    1 :  0.135 0.114 0.107 0.052 0.591 
315 OmyAC19ROGR    (1)    1 :  0.224 0.275 0.330 0.068 0.103 
316 OmyAC19ROGR    (1)    1 :  0.350 0.124 0.425 0.038 0.063 
317 OmyAC19ROGR    (1)    1 :  0.256 0.459 0.046 0.035 0.203 
318 OmyAC19ROGR    (1)    1 :  0.157 0.196 0.164 0.033 0.450 
319 OmyAC19ROGR    (1)    1 :  0.315 0.372 0.171 0.023 0.119 
320 OmyAC19ROGR    (0)    1 :  0.147 0.177 0.566 0.017 0.093 
321 OmyAC19ROGR    (1)    1 :  0.262 0.303 0.335 0.029 0.071 
322 OmyAC19ROGR    (0)    1 :  0.198 0.328 0.102 0.316 0.056 
323 OmyAC19ROGR    (1)    1 :  0.251 0.291 0.392 0.031 0.036 
324 OmyAC19ROGR    (1)    1 :  0.151 0.064 0.592 0.026 0.167 
325 OmyAC19ROGR    (1)    1 :  0.149 0.233 0.188 0.384 0.047 
326 OmyAC19ROGR    (1)    1 :  0.182 0.247 0.461 0.058 0.051 
327 OmyAC19ROGR    (1)    1 :  0.231 0.093 0.513 0.037 0.126 
328 OmyJC18ROGR    (1)    2 :  0.128 0.083 0.129 0.045 0.615 
329 OmyJC18ROGR    (0)    2 :  0.232 0.276 0.363 0.064 0.064 
330 OmyJC18ROGR    (0)    2 :  0.176 0.199 0.530 0.065 0.029 
331 OmyJC18ROGR    (1)    2 :  0.107 0.087 0.128 0.606 0.071 
332 OmyJC18ROGR    (1)    2 :  0.126 0.076 0.045 0.687 0.066 
333 OmyJC18ROGR    (1)    2 :  0.050 0.074 0.031 0.811 0.033 
334 OmyJC18ROGR    (1)    2 :  0.117 0.182 0.300 0.195 0.207 
335 OmyJC18ROGR    (0)    2 :  0.199 0.129 0.208 0.022 0.441 
336 OmyJC18ROGR    (1)    2 :  0.060 0.051 0.033 0.831 0.025 
337 OmyJC18ROGR    (1)    2 :  0.253 0.491 0.175 0.037 0.044 
338 OmyJC18ROGR    (1)    2 :  0.056 0.054 0.046 0.821 0.023 
339 OmyJC18ROGR    (1)    2 :  0.238 0.532 0.142 0.053 0.035 
340 OmyJC18ROGR    (0)    2 :  0.161 0.089 0.151 0.144 0.455 
341 OmyJC18ROGR    (1)    2 :  0.354 0.183 0.191 0.020 0.253 
342 OmyJC18ROGR    (2)    2 :  0.260 0.142 0.127 0.383 0.088 
343 OmyJC18ROGR    (2)    2 :  0.166 0.110 0.170 0.323 0.232 
344 OmyJC18ROGR    (3)    2 :  0.225 0.189 0.068 0.435 0.083 
345 OmyJC18ROGR    (2)    2 :  0.071 0.060 0.118 0.655 0.096 
346 OmyJC18ROGR    (4)    2 :  0.072 0.078 0.795 0.027 0.028 
347 OmyJC18ROGR    (3)    2 :  0.340 0.445 0.113 0.054 0.048 
348 OmyJC18ROGR    (1)    2 :  0.282 0.292 0.189 0.171 0.067 
349 OmyJC18ROGR    (1)    2 :  0.499 0.291 0.120 0.033 0.055 
350 OmyJC18ROGR    (1)    2 :  0.358 0.349 0.204 0.051 0.038 
351 OmyJC18ROGR    (0)    2 :  0.118 0.097 0.056 0.688 0.041 
352 OmyJC18ROGR    (4)    2 :  0.159 0.123 0.232 0.404 0.082 
353 OmyJC18ROGR    (2)    2 :  0.200 0.114 0.339 0.190 0.157 
354 OmyJC18ROGR    (1)    2 :  0.240 0.295 0.318 0.099 0.048 
355 OmyJC18ROGR    (2)    2 :  0.232 0.316 0.352 0.037 0.063 
356 OmyJC18ROGR    (1)    2 :  0.190 0.118 0.214 0.040 0.438 
357 OmyJC18ROGR    (2)    2 :  0.035 0.042 0.033 0.641 0.249 
358 OmyJC18ROGR    (2)    2 :  0.293 0.218 0.145 0.021 0.324 
359 OmyJC18ROGR    (3)    2 :  0.497 0.239 0.090 0.084 0.090 
360 OmyJC18ROGR    (0)    2 :  0.143 0.248 0.173 0.053 0.383 
361 OmyJC18ROGR    (1)    2 :  0.107 0.101 0.728 0.018 0.045 
362 OmyJC18ROGR    (1)    2 :  0.226 0.165 0.330 0.190 0.089 
363 OmyJC18ROGR    (2)    2 :  0.141 0.262 0.199 0.208 0.189 
364 OmyJC18ROGR    (3)    2 :  0.534 0.287 0.107 0.023 0.050 
365 OmyJC18ROGR    (4)    2 :  0.316 0.279 0.326 0.039 0.040 
366 OmyJC18ROGR    (4)    2 :  0.246 0.140 0.188 0.042 0.385 
367 OmyJC18ROGR    (3)    2 :  0.056 0.066 0.098 0.752 0.028 
368 OmyJC18ROGR    (3)    2 :  0.182 0.230 0.158 0.354 0.076 
369 OmyJC18ROGR    (2)    2 :  0.190 0.239 0.177 0.089 0.305 
370 OmyJC18ROGR    (3)    2 :  0.290 0.202 0.380 0.058 0.071 
371 OmyJC18ROGR    (1)    2 :  0.290 0.293 0.246 0.043 0.128 
372 OmyJC18ROGR    (3)    2 :  0.444 0.216 0.137 0.083 0.119 
373 OmyJC18ROGR    (5)    2 :  0.110 0.105 0.188 0.104 0.493 
374 OmyJC18ROGR    (5)    2 :  0.101 0.092 0.059 0.025 0.723 
375 OmyJC18ROGR    (3)    2 :  0.230 0.319 0.304 0.099 0.048 
376 OmyJC18ROGR    (3)    2 :  0.048 0.027 0.035 0.863 0.027 
377 OmyJC18ROGR    (4)    2 :  0.114 0.114 0.126 0.221 0.425 
378 OmyJC18ROGR    (0)    2 :  0.369 0.256 0.115 0.090 0.170 
379 OmyJC18ROGR    (5)    2 :  0.380 0.161 0.196 0.116 0.146 
380 OmyJC18ROGR    (4)    2 :  0.224 0.207 0.246 0.165 0.157 
381 OmyJC18ROGR    (1)    2 :  0.318 0.420 0.110 0.047 0.104 
382 OmyJC18ROGR    (1)    2 :  0.360 0.251 0.209 0.041 0.139 
383 OmyJC18ROGR    (3)    2 :  0.101 0.245 0.170 0.420 0.064 
384 OmyJC18ROGR    (2)    2 :  0.362 0.188 0.224 0.196 0.030 
385 OmyJC18ROGR    (4)    2 :  0.134 0.174 0.611 0.052 0.029 
386 OmyJC18ROGR    (2)    2 :  0.232 0.259 0.138 0.327 0.045 
387 OmyJC18ROGR    (1)    2 :  0.244 0.151 0.096 0.260 0.249 
388 OmyJC18ROGR    (6)    2 :  0.145 0.343 0.104 0.062 0.345 
389 OmyJC18ROGR    (1)    2 :  0.253 0.328 0.230 0.134 0.056 
390 OmyJC18ROGR    (1)    2 :  0.325 0.286 0.253 0.068 0.067 
391 OmyJC18ROGR    (3)    2 :  0.040 0.029 0.044 0.835 0.052 
392 OmyJC18ROGR    (2)    2 :  0.256 0.161 0.263 0.040 0.280 
393 OmyJC18ROGR    (4)    2 :  0.059 0.053 0.090 0.074 0.724 
394 OmyJC18ROGR    (3)    2 :  0.072 0.078 0.077 0.744 0.030 
395 OmyJC18ROGR    (7)    2 :  0.134 0.140 0.124 0.205 0.396 
396 OmyJC18ROGR    (4)    2 :  0.083 0.098 0.069 0.535 0.214 
397 OmyJC18ROGR    (1)    2 :  0.225 0.282 0.321 0.057 0.115 
398 OmyJC18ROGR    (3)    2 :  0.148 0.138 0.385 0.207 0.123 
399 OmyJC18ROGR    (2)    2 :  0.133 0.207 0.110 0.292 0.258 
400 OmyJC18ROGR    (0)    2 :  0.252 0.181 0.406 0.059 0.102 
401 OmyJC18ROGR    (6)    2 :  0.081 0.087 0.129 0.065 0.638 
402 OmyJC18ROGR    (5)    2 :  0.108 0.094 0.155 0.219 0.423 
403 OmyJC18ROGR    (1)    2 :  0.237 0.282 0.135 0.153 0.193 
404 OmyJC18ROGR    (2)    2 :  0.158 0.526 0.153 0.120 0.044 
405 OmyJC18ROGR    (3)    2 :  0.354 0.244 0.266 0.038 0.098 
406 OmyJC18ROGR    (2)    2 :  0.243 0.397 0.268 0.044 0.048 
407 OmyJC18ROGR    (2)    2 :  0.385 0.203 0.078 0.108 0.225 
408 OmyJC18ROGR    (2)    2 :  0.319 0.147 0.141 0.108 0.285 
409 OmyJC18ROGR    (1)    2 :  0.204 0.132 0.377 0.039 0.248 
410 OmyJC18ROGR    (1)    2 :  0.203 0.132 0.571 0.031 0.063 
411 OmyJC18ROGR    (1)    2 :  0.173 0.329 0.391 0.041 0.066 
412 OmyJC18ROGR    (0)    2 :  0.427 0.330 0.176 0.023 0.044 
413 OmyJC18ROGR    (1)    2 :  0.100 0.166 0.658 0.040 0.035 
414 OmyJC18ROGR    (2)    2 :  0.279 0.472 0.177 0.022 0.049 
415 OmyJC18ROGR    (2)    2 :  0.153 0.179 0.511 0.019 0.138 
416 OmyJC18ROGR    (3)    2 :  0.140 0.407 0.309 0.078 0.065 
417 OmyJC18ROGR    (1)    2 :  0.235 0.107 0.282 0.053 0.322 
418 OmyJC18ROGR    (0)    2 :  0.046 0.051 0.147 0.046 0.710 
419 OmyJC18ROGR    (1)    2 :  0.192 0.258 0.225 0.030 0.295 
420 OmyJC18ROGR    (0)    2 :  0.110 0.255 0.572 0.031 0.032 
421 OmyJC18ROGR    (1)    2 :  0.442 0.213 0.216 0.056 0.073 
422 OmyJC18ROGR    (6)    2 :  0.262 0.521 0.085 0.049 0.084 
423 OmyJC18ROGR    (2)    2 :  0.133 0.154 0.542 0.054 0.117 
424 OmyJC18ROGR    (1)    2 :  0.116 0.055 0.441 0.206 0.182 
425 OmyJC18ROGR    (1)    2 :  0.183 0.209 0.286 0.267 0.055 
426 OmyJC18ROGR    (3)    2 :  0.337 0.110 0.370 0.033 0.150 
427 OmyJC18ROGR    (2)    2 :  0.130 0.196 0.074 0.582 0.017 
428 OmyJC18ROGR    (6)    2 :  0.085 0.045 0.819 0.017 0.035 
429 OmyJC18ROGR    (1)    2 :  0.255 0.349 0.192 0.181 0.023 
430 OmyJC18ROGR    (1)    2 :  0.209 0.422 0.117 0.125 0.127 
431 OmyJC18ROGR    (0)    2 :  0.196 0.174 0.535 0.050 0.046 
432 OmyJC18ROGR    (2)    2 :  0.065 0.076 0.047 0.758 0.053 
433 OmyJC18ROGR    (2)    2 :  0.120 0.168 0.076 0.081 0.555 
434 OmyJC18ROGR    (2)    2 :  0.199 0.516 0.139 0.103 0.044 
435 OmyJC18ROGR    (8)    2 :  0.179 0.104 0.524 0.072 0.121 
436 OmyJC18ROGR    (2)    2 :  0.192 0.161 0.469 0.037 0.141 
437 OmyJC18ROGR    (4)    2 :  0.267 0.175 0.304 0.040 0.214 
438 OmyJC18ROGR    (1)    2 :  0.044 0.040 0.069 0.068 0.778 
439 OmyJC18ROGR    (2)    2 :  0.117 0.240 0.089 0.483 0.071 
440 OmyJC18ROGR    (0)    2 :  0.054 0.050 0.046 0.120 0.730 
441 OmyJC18ROGR    (1)    2 :  0.591 0.285 0.051 0.032 0.040 
442 OmyJC18ROGR    (6)    2 :  0.261 0.341 0.091 0.131 0.174 
443 OmyJC18ROGR    (1)    2 :  0.349 0.379 0.200 0.020 0.051 
444 OmyJC18ROGR    (6)    2 :  0.122 0.131 0.381 0.048 0.318 
445 OmyJC18ROGR    (2)    2 :  0.178 0.164 0.337 0.089 0.231 
446 OmyJC18ROGR    (3)    2 :  0.161 0.083 0.228 0.274 0.254 
447 OmyJC18ROGR    (2)    2 :  0.292 0.320 0.167 0.105 0.116 
448 OmyJC18ROGR    (3)    2 :  0.182 0.605 0.101 0.057 0.055 
449 OmyJC18ROGR    (1)    2 :  0.325 0.343 0.194 0.038 0.099 
450 OmyJC18ROGR    (4)    2 :  0.070 0.056 0.445 0.204 0.226 
451 OmyJC18ROGR    (3)    2 :  0.287 0.438 0.148 0.043 0.084 
452 OmyJC18ROGR    (1)    2 :  0.324 0.419 0.143 0.069 0.044 
453 OmyJC18ROGR    (1)    2 :  0.400 0.193 0.348 0.028 0.031 
454 OmyJC18ROGR    (4)    2 :  0.247 0.158 0.121 0.064 0.410 
455 OmyJC18ROGR    (4)    2 :  0.214 0.124 0.094 0.421 0.147 
456 OmyJC18ROGR    (5)    2 :  0.132 0.179 0.472 0.136 0.082 
457 OmyJC18ROGR    (3)    2 :  0.175 0.233 0.205 0.027 0.360 
458 OmyJC18ROGR    (1)    2 :  0.132 0.138 0.514 0.052 0.164 
459 OmyJC18ROGR    (1)    2 :  0.041 0.038 0.052 0.845 0.023 
460 OmyJC18ROGR    (2)    2 :  0.307 0.152 0.457 0.045 0.039 
461 OmyJC18ROGR    (1)    2 :  0.065 0.087 0.035 0.710 0.103 
462 OmyJC18ROGR    (1)    2 :  0.216 0.251 0.240 0.021 0.272 
463 OmyJC18ROGR    (4)    2 :  0.474 0.255 0.150 0.056 0.065 
464 OmyJC18ROGR    (6)    2 :  0.235 0.146 0.323 0.032 0.265 
465 OmyJC18ROGR    (3)    2 :  0.082 0.068 0.275 0.049 0.525 
466 OmyJC18ROGR    (3)    2 :  0.222 0.198 0.239 0.079 0.262 
467 OmyJC18ROGR    (2)    2 :  0.319 0.506 0.082 0.051 0.043 
468 OmyJC18ROGR    (2)    2 :  0.144 0.131 0.586 0.020 0.119 
469 OmyJC18ROGR    (1)    2 :  0.023 0.021 0.033 0.901 0.022 
470 OmyJC18ROGR    (0)    2 :  0.094 0.106 0.069 0.243 0.489 
471 OmyJC18ROGR    (2)    2 :  0.157 0.279 0.400 0.080 0.084 
472 OmyJC18ROGR    (2)    2 :  0.079 0.078 0.809 0.009 0.026 
473 OmyJC18ROGR    (1)    2 :  0.351 0.211 0.286 0.075 0.076 
474 OmyJC18ROGR    (3)    2 :  0.082 0.098 0.699 0.056 0.064 
475 OmyJC18ROGR    (1)    2 :  0.220 0.227 0.118 0.096 0.339 
476 OmyJC18ROGR    (2)    2 :  0.371 0.345 0.157 0.044 0.083 
477 OmyJC18ROGR    (0)    2 :  0.160 0.302 0.173 0.091 0.274 
478 OmyJC18ROGR    (1)    2 :  0.303 0.231 0.295 0.085 0.086 
479 OmyJC18ROGR    (1)    2 :  0.141 0.332 0.288 0.055 0.184 
480 OmyJC18ROGR    (1)    2 :  0.288 0.297 0.259 0.097 0.059 
481 OmyJC18ROGR    (1)    2 :  0.266 0.286 0.327 0.048 0.074 
482 OmyJC18ROGR    (1)    2 :  0.187 0.278 0.133 0.042 0.361 
483 OmyJC18ROGR    (0)    2 :  0.265 0.251 0.265 0.036 0.183 
484 OmyJC18ROGR    (0)    2 :  0.383 0.426 0.078 0.074 0.040 
485 OmyJC18ROGR    (0)    2 :  0.159 0.299 0.115 0.030 0.397 
486 OmyJC18ROGR    (0)    2 :  0.212 0.163 0.423 0.056 0.145 
487 OmyJC18ROGR    (1)    2 :  0.135 0.246 0.055 0.035 0.529 
488 OmyJC18ROGR    (1)    2 :  0.170 0.204 0.266 0.070 0.289 
489 OmyJC18ROGR    (1)    2 :  0.526 0.263 0.110 0.049 0.052 
490 OmyJC18ROGR    (0)    2 :  0.325 0.223 0.394 0.022 0.036 
491 OmyJC18ROGR    (0)    2 :  0.157 0.132 0.099 0.061 0.552 
492 OmyJC18ROGR    (5)    2 :  0.045 0.050 0.045 0.768 0.092 
493 OmyJC18ROGR    (1)    2 :  0.206 0.340 0.057 0.216 0.182 
494 OmyJC18ROGR    (3)    2 :  0.188 0.161 0.459 0.047 0.145 
495 OmyJC18ROGR    (1)    2 :  0.221 0.250 0.278 0.094 0.156 
496 OmyJC18ROGR    (1)    2 :  0.114 0.144 0.590 0.113 0.039 
497 OmyJC18ROGR    (1)    2 :  0.241 0.290 0.272 0.018 0.179 
498 OmyJC18ROGR    (1)    2 :  0.256 0.237 0.141 0.072 0.293 
499 OmyJC18ROGR    (1)    2 :  0.293 0.174 0.280 0.039 0.214 
500 OmyJC18ROGR    (1)    2 :  0.163 0.204 0.488 0.100 0.044 
501 OmyJC18ROGR    (2)    2 :  0.149 0.105 0.316 0.037 0.393 
502 OmyJC18ROGR    (1)    2 :  0.133 0.116 0.076 0.235 0.440 
503 OmyJC18ROGR    (2)    2 :  0.249 0.185 0.230 0.112 0.223 
504 OmyJC18ROGR    (2)    2 :  0.118 0.193 0.088 0.069 0.532 
505 OmyJC18ROGR    (2)    2 :  0.134 0.076 0.642 0.071 0.077 
506 OmyJC18ROGR    (3)    2 :  0.125 0.110 0.601 0.069 0.096 
507 OmyJC18ROGR    (1)    2 :  0.175 0.278 0.397 0.103 0.047 
508 OmyJC18ROGR    (7)    2 :  0.169 0.315 0.378 0.038 0.101 
509 OmyJC18ROGR    (1)    2 :  0.142 0.378 0.149 0.150 0.181 
510 OmyJC18ROGR    (1)    2 :  0.023 0.017 0.017 0.926 0.017 
511 OmyJC18ROGR    (2)    2 :  0.091 0.081 0.174 0.132 0.522 
512 OmyJC18ROGR    (1)    2 :  0.171 0.098 0.239 0.031 0.461 
513 OmyJC18ROGR    (3)    2 :  0.254 0.482 0.197 0.028 0.038 
514 OmyJC18ROGR    (1)    2 :  0.061 0.040 0.057 0.026 0.817 
515 OmyJC18ROGR    (5)    2 :  0.269 0.331 0.282 0.036 0.082 
516 OmyJC18ROGR    (3)    2 :  0.082 0.057 0.094 0.305 0.462 
517 OmyJC18ROGR    (1)    2 :  0.286 0.203 0.109 0.021 0.381 
518 OmyJC18ROGR    (1)    2 :  0.095 0.162 0.098 0.482 0.163 
519 OmyJC18ROGR    (0)    2 :  0.103 0.181 0.427 0.085 0.204 
520 OmyJC18ROGR    (0)    2 :  0.431 0.301 0.082 0.042 0.144 
521 OmyJC18ROGR    (2)    2 :  0.275 0.196 0.338 0.097 0.094 
522 OmyJC18ROGR    (2)    2 :  0.157 0.100 0.334 0.330 0.079 
523 OmyJC18ROGR    (1)    2 :  0.143 0.154 0.078 0.274 0.351 
524 OmyJC18ROGR    (3)    2 :  0.171 0.134 0.445 0.127 0.123 
525 OmyJC18ROGR    (1)    2 :  0.229 0.576 0.041 0.046 0.107 
526 OmyJC18ROGR    (7)    2 :  0.433 0.165 0.332 0.018 0.052 
527 OmyJC18ROGR    (4)    2 :  0.246 0.198 0.365 0.106 0.086 
528 OmyJC18ROGR    (1)    2 :  0.281 0.223 0.255 0.026 0.215 
529 OmyJC18ROGR    (2)    2 :  0.186 0.153 0.559 0.034 0.068 
530 OmyJC18ROGR    (1)    2 :  0.153 0.105 0.252 0.065 0.425 
531 OmyJC18ROGR    (2)    2 :  0.412 0.324 0.152 0.034 0.078 
532 OmyJC18ROGR    (2)    2 :  0.143 0.211 0.498 0.022 0.125 
533 OmyJC18ROGR    (5)    2 :  0.037 0.046 0.021 0.854 0.042 
534 OmyJC18ROGR    (2)    2 :  0.159 0.156 0.454 0.110 0.122 
535 OmyJC18ROGR    (3)    2 :  0.291 0.155 0.155 0.055 0.344 
536 OmyJC18ROGR    (0)    2 :  0.210 0.207 0.397 0.125 0.061 
537 OmyJC18ROGR    (3)    2 :  0.306 0.267 0.113 0.229 0.084 
538 OmyJC18ROGR    (1)    2 :  0.207 0.291 0.328 0.034 0.139 
539 OmyJC18ROGR    (1)    2 :  0.130 0.230 0.275 0.065 0.300 
540 OmyJC18ROGR    (1)    2 :  0.278 0.234 0.311 0.056 0.120 
541 OmyJC18ROGR    (5)    2 :  0.304 0.171 0.212 0.018 0.295 
542 OmyJC18ROGR    (4)    2 :  0.396 0.272 0.162 0.102 0.068 
543 OmyJC18ROGR    (2)    2 :  0.178 0.161 0.283 0.019 0.359 
544 OmyJC18ROGR    (2)    2 :  0.169 0.378 0.160 0.053 0.240 
545 OmyJC18ROGR    (2)    2 :  0.313 0.160 0.093 0.251 0.184 
546 OmyJC18ROGR    (1)    2 :  0.202 0.150 0.271 0.044 0.333 
547 OmyJC18ROGR    (1)    2 :  0.196 0.188 0.298 0.067 0.252 
548 OmyJC18ROGR    (1)    2 :  0.067 0.078 0.090 0.719 0.046 
549 OmyJC18ROGR    (1)    2 :  0.252 0.221 0.081 0.287 0.159 
550 OmyJC18ROGR    (2)    2 :  0.332 0.164 0.190 0.239 0.074 
551 OmyJC18ROGR    (4)    2 :  0.290 0.288 0.234 0.132 0.056 
552 OmyJC18ROGR    (6)    2 :  0.344 0.432 0.167 0.037 0.020 
553 OmyJC18ROGR    (3)    2 :  0.047 0.048 0.054 0.032 0.818 
554 OmyJC18ROGR    (1)    2 :  0.160 0.269 0.102 0.024 0.445 
555 OmyJC18ROGR    (4)    2 :  0.226 0.168 0.207 0.037 0.362 
556 OmyJC18ROGR    (2)    2 :  0.254 0.259 0.208 0.083 0.196 
557 OmyJC18ROGR    (0)    2 :  0.301 0.341 0.216 0.035 0.107 
558 OmyJC18ROGR    (2)    2 :  0.220 0.316 0.153 0.065 0.245 
559 OmyJC18ROGR    (3)    2 :  0.355 0.227 0.088 0.264 0.066 
560 OmyJC18ROGR    (6)    2 :  0.192 0.203 0.099 0.034 0.470 
561 OmyJC18ROGR    (1)    2 :  0.278 0.355 0.162 0.174 0.031 
562 OmyJC18ROGR    (2)    2 :  0.102 0.110 0.146 0.067 0.575 
563 OmyJC18ROGR    (2)    2 :  0.273 0.223 0.054 0.269 0.181 
564 OmyJC18ROGR    (1)    2 :  0.106 0.097 0.355 0.327 0.114 
565 OmyJC18ROGR    (1)    2 :  0.232 0.396 0.288 0.050 0.035 
566 OmyJC18ROGR    (1)    2 :  0.142 0.236 0.460 0.027 0.135 
567 OmyJC18ROGR    (1)    2 :  0.444 0.328 0.142 0.034 0.051 
568 OmyJC18ROGR    (1)    2 :  0.464 0.291 0.138 0.024 0.083 
569 OmyJC18ROGR    (3)    2 :  0.242 0.208 0.373 0.044 0.132 
570 OmyJC18ROGR    (1)    2 :  0.130 0.181 0.201 0.274 0.214 
571 OmyJC18ROGR    (2)    2 :  0.093 0.160 0.086 0.556 0.105 
572 OmyJC18ROGR    (5)    2 :  0.142 0.245 0.068 0.133 0.412 
573 OmyJC18ROGR    (5)    2 :  0.398 0.251 0.058 0.155 0.138 
574 OmyJC18ROGR    (1)    2 :  0.532 0.235 0.080 0.118 0.035 
575 OmyJC18ROGR    (2)    2 :  0.357 0.170 0.161 0.034 0.277 
576 OmyJC18ROGR    (0)    2 :  0.195 0.110 0.098 0.018 0.579 
577 OmyJC18ROGR    (1)    2 :  0.303 0.268 0.088 0.272 0.069 
578 OmyJC18ROGR    (1)    2 :  0.461 0.448 0.049 0.023 0.019 
579 OmyJC18ROGR    (2)    2 :  0.303 0.404 0.076 0.052 0.166 
580 OmyJC18ROGR    (1)    2 :  0.235 0.332 0.142 0.019 0.273 
581 OmyJC18ROGR    (1)    2 :  0.154 0.187 0.076 0.132 0.451 
582 OmyJC18ROGR    (0)    2 :  0.121 0.120 0.642 0.072 0.044 
583 OmyJC18ROGR    (1)    2 :  0.330 0.242 0.115 0.056 0.258 
584 OmyJC18ROGR    (2)    2 :  0.278 0.166 0.063 0.287 0.206 
585 OmyJC18ROGR    (1)    2 :  0.391 0.219 0.170 0.196 0.024 
586 OmyJC18ROGR    (0)    2 :  0.163 0.126 0.067 0.552 0.092 
587 OmyJC18ROGR    (1)    2 :  0.152 0.155 0.475 0.029 0.190 
588 OmyJC18ROGR    (0)    2 :  0.296 0.172 0.059 0.380 0.093 
589 OmyJC18ROGR    (2)    2 :  0.062 0.038 0.069 0.033 0.797 
590 OmyJC18ROGR    (2)    2 :  0.142 0.334 0.256 0.131 0.137 
591 OmyJC18ROGR    (1)    2 :  0.204 0.159 0.097 0.398 0.141 
592 OmyJC18ROGR    (1)    2 :  0.271 0.298 0.204 0.043 0.185 
593 OmyJC18ROGR    (1)    2 :  0.149 0.157 0.375 0.278 0.041 
594 OmyJC18ROGR    (3)    2 :  0.250 0.195 0.401 0.041 0.113 
595 OmyJC18ROGR    (1)    2 :  0.484 0.284 0.075 0.090 0.067 
596 OmyJC18ROGR    (1)    2 :  0.187 0.129 0.544 0.073 0.066 
597 OmyJC18ROGR    (1)    2 :  0.306 0.137 0.432 0.076 0.049 
598 OmyJC18ROGR    (1)    2 :  0.145 0.149 0.088 0.551 0.067 
599 OmyJC18ROGR    (1)    2 :  0.306 0.168 0.135 0.086 0.305 
600 OmyJC18ROGR    (2)    2 :  0.257 0.190 0.141 0.042 0.370 
601 OmyJC18ROGR    (7)    2 :  0.118 0.170 0.048 0.017 0.647 
602 OmyJC18ROGR    (3)    2 :  0.064 0.062 0.778 0.065 0.032 
603 OmyJC18ROGR    (1)    2 :  0.184 0.227 0.260 0.046 0.284 
604 OmyJC18ROGR    (1)    2 :  0.237 0.288 0.194 0.054 0.228 
605 OmyJC18ROGR    (1)    2 :  0.123 0.097 0.207 0.035 0.537 
606 OmyJC18ROGR    (1)    2 :  0.321 0.156 0.132 0.351 0.039 
