

----------------------------------------------------
STRUCTURE by Pritchard, Stephens and Donnelly (2000)
     and Falush, Stephens and Pritchard (2003)
       Code by Pritchard, Falush and Hubisz
             Version 2.3.4 (Jul 2012)
----------------------------------------------------



Command line arguments:   bin/structure -m "/Users/ddayan/FRA/premature_migration/Rogue_Half-Pounder/rogue_half_pounder_repo/structure/halfpounder/10k_20k_adm_corr/mainparams" -e "/Users/ddayan/FRA/premature_migration/Rogue_Half-Pounder/rogue_half_pounder_repo/structure/halfpounder/10k_20k_adm_corr/extraparams" 
Input File:    /Users/ddayan/FRA/premature_migration/Rogue_Half-Pounder/rogue_half_pounder_repo/structure/halfpounder/project_data

Run parameters:
   882 individuals
   330 loci
   4 populations assumed
   10000 Burn-in period
   20000 Reps


--------------------------------------------
Proportion of membership of each pre-defined
 population in each of the 4 clusters

Given    Inferred Clusters              Number of
 Pop       1      2      3      4      Individuals

  1:     0.267  0.235  0.271  0.228      157
  2:     0.263  0.238  0.272  0.227      643
  3:     0.395  0.124  0.399  0.082       40
  4:     0.093  0.746  0.095  0.066       42
--------------------------------------------

Allele-freq. divergence among pops (Net nucleotide distance),
computed using point estimates of P.

      1       2       3       4      
 1      -    0.0036  0.0006  0.0083  
 2   0.0036     -    0.0032  0.0106  
 3   0.0006  0.0032     -    0.0081  
 4   0.0083  0.0106  0.0081     -    

Average distances (expected heterozygosity) between individuals in same cluster:
cluster  1  : 0.2869 
cluster  2  : 0.2808 
cluster  3  : 0.2871 
cluster  4  : 0.2549 

--------------------------------------------
Estimated Ln Prob of Data   = -247795.8
Mean value of ln likelihood = -246444.7
Variance of ln likelihood   = 2702.2
Mean value of alpha         = 0.2963

Mean value of Fst_1         = 0.0120
Mean value of Fst_2         = 0.0260
Mean value of Fst_3         = 0.0073
Mean value of Fst_4         = 0.0732


Inferred ancestry of individuals:
        Label (%Miss) Pop:  Inferred clusters
  1 OmyAC19ROGR    (0)    1 :  0.205 0.388 0.380 0.027 
  2 OmyAC19ROGR    (1)    1 :  0.140 0.352 0.379 0.130 
  3 OmyAC19ROGR    (1)    1 :  0.101 0.274 0.532 0.094 
  4 OmyAC19ROGR    (1)    1 :  0.373 0.196 0.389 0.042 
  5 OmyAC19ROGR    (2)    1 :  0.022 0.020 0.027 0.931 
  6 OmyAC19ROGR    (1)    1 :  0.129 0.080 0.513 0.279 
  7 OmyAC19ROGR    (1)    1 :  0.344 0.198 0.182 0.275 
  8 OmyAC19ROGR    (0)    1 :  0.501 0.226 0.246 0.026 
  9 OmyAC19ROGR    (1)    1 :  0.098 0.247 0.426 0.229 
 10 OmyAC19ROGR    (1)    1 :  0.155 0.189 0.130 0.526 
 11 OmyAC19ROGR    (0)    1 :  0.275 0.233 0.335 0.158 
 12 OmyAC19ROGR    (0)    1 :  0.214 0.115 0.476 0.194 
 13 OmyAC19ROGR    (1)    1 :  0.491 0.277 0.185 0.047 
 14 OmyAC19ROGR    (1)    1 :  0.343 0.040 0.135 0.482 
 15 OmyAC19ROGR    (2)    1 :  0.320 0.058 0.138 0.484 
 16 OmyAC19ROGR    (1)    1 :  0.453 0.201 0.196 0.150 
 17 OmyAC19ROGR    (1)    1 :  0.382 0.027 0.452 0.138 
 18 OmyAC19ROGR    (2)    1 :  0.347 0.420 0.186 0.047 
 19 OmyAC19ROGR    (1)    1 :  0.430 0.231 0.256 0.083 
 20 OmyAC19ROGR    (1)    1 :  0.464 0.041 0.245 0.250 
 21 OmyAC19ROGR    (1)    1 :  0.257 0.186 0.260 0.297 
 22 OmyAC19ROGR    (1)    1 :  0.167 0.462 0.272 0.100 
 23 OmyAC19ROGR    (1)    1 :  0.138 0.168 0.462 0.231 
 24 OmyAC19ROGR    (1)    1 :  0.065 0.809 0.100 0.026 
 25 OmyAC19ROGR    (1)    1 :  0.358 0.122 0.251 0.269 
 26 OmyAC19ROGR    (1)    1 :  0.152 0.400 0.275 0.173 
 27 OmyAC19ROGR    (1)    1 :  0.579 0.074 0.257 0.090 
 28 OmyAC19ROGR    (1)    1 :  0.032 0.883 0.049 0.036 
 29 OmyAC19ROGR    (1)    1 :  0.350 0.237 0.321 0.092 
 30 OmyAC19ROGR    (1)    1 :  0.098 0.086 0.144 0.671 
 31 OmyAC19ROGR    (1)    1 :  0.363 0.268 0.309 0.060 
 32 OmyAC19ROGR    (1)    1 :  0.354 0.269 0.196 0.181 
 33 OmyAC19ROGR    (1)    1 :  0.165 0.426 0.229 0.181 
 34 OmyAC19ROGR    (1)    1 :  0.253 0.065 0.110 0.572 
 35 OmyAC19ROGR    (0)    1 :  0.250 0.403 0.213 0.134 
 36 OmyAC19ROGR    (1)    1 :  0.145 0.120 0.479 0.255 
 37 OmyAC19ROGR    (1)    1 :  0.157 0.535 0.150 0.158 
 38 OmyAC19ROGR    (1)    1 :  0.055 0.346 0.070 0.529 
 39 OmyAC19ROGR    (1)    1 :  0.321 0.107 0.344 0.227 
 40 OmyAC19ROGR    (0)    1 :  0.273 0.054 0.344 0.329 
 41 OmyAC19ROGR    (1)    1 :  0.476 0.120 0.350 0.054 
 42 OmyAC19ROGR    (1)    1 :  0.079 0.037 0.077 0.806 
 43 OmyAC19ROGR    (1)    1 :  0.209 0.263 0.457 0.071 
 44 OmyAC19ROGR    (7)    1 :  0.147 0.154 0.619 0.080 
 45 OmyAC19ROGR    (2)    1 :  0.126 0.318 0.166 0.390 
 46 OmyAC19ROGR    (1)    1 :  0.198 0.437 0.266 0.099 
 47 OmyAC19ROGR    (0)    1 :  0.089 0.736 0.083 0.092 
 48 OmyAC19ROGR    (1)    1 :  0.249 0.221 0.459 0.071 
 49 OmyAC19ROGR    (0)    1 :  0.254 0.376 0.307 0.064 
 50 OmyAC19ROGR    (1)    1 :  0.679 0.042 0.237 0.042 
 51 OmyAC19ROGR    (2)    1 :  0.094 0.077 0.107 0.723 
 52 OmyAC19ROGR    (1)    1 :  0.043 0.065 0.046 0.846 
 53 OmyAC19ROGR    (2)    1 :  0.098 0.683 0.169 0.050 
 54 OmyAC19ROGR    (1)    1 :  0.127 0.554 0.205 0.114 
 55 OmyAC19ROGR    (3)    1 :  0.440 0.096 0.325 0.139 
 56 OmyAC19ROGR    (1)    1 :  0.183 0.551 0.127 0.139 
 57 OmyAC19ROGR    (0)    1 :  0.145 0.695 0.124 0.036 
 58 OmyAC19ROGR    (1)    1 :  0.084 0.063 0.119 0.734 
 59 OmyAC19ROGR    (0)    1 :  0.220 0.569 0.169 0.042 
 60 OmyAC19ROGR    (2)    1 :  0.306 0.119 0.381 0.194 
 61 OmyAC19ROGR    (1)    1 :  0.206 0.532 0.166 0.096 
 62 OmyAC19ROGR    (1)    1 :  0.189 0.156 0.596 0.059 
 63 OmyAC19ROGR    (0)    1 :  0.118 0.448 0.163 0.271 
 64 OmyAC19ROGR    (3)    1 :  0.295 0.160 0.443 0.102 
 65 OmyAC19ROGR    (1)    1 :  0.515 0.153 0.238 0.094 
 66 OmyAC19ROGR    (4)    1 :  0.398 0.069 0.178 0.356 
 67 OmyAC19ROGR    (0)    1 :  0.299 0.444 0.196 0.061 
 68 OmyAC19ROGR    (2)    1 :  0.114 0.530 0.273 0.083 
 69 OmyAC19ROGR    (2)    1 :  0.106 0.530 0.085 0.279 
 70 OmyAC19ROGR    (1)    1 :  0.248 0.334 0.358 0.060 
 71 OmyAC19ROGR    (0)    1 :  0.453 0.154 0.336 0.057 
 72 OmyAC19ROGR    (5)    1 :  0.290 0.230 0.446 0.034 
 73 OmyAC19ROGR    (1)    1 :  0.105 0.425 0.142 0.328 
 74 OmyAC19ROGR    (1)    1 :  0.297 0.046 0.604 0.053 
 75 OmyAC19ROGR    (1)    1 :  0.328 0.388 0.137 0.147 
 76 OmyAC19ROGR    (1)    1 :  0.097 0.704 0.139 0.060 
 77 OmyAC19ROGR    (1)    1 :  0.033 0.024 0.029 0.914 
 78 OmyAC19ROGR    (1)    1 :  0.314 0.178 0.444 0.064 
 79 OmyAC19ROGR    (2)    1 :  0.315 0.290 0.303 0.093 
 80 OmyAC19ROGR    (2)    1 :  0.081 0.107 0.076 0.736 
 81 OmyAC19ROGR    (2)    1 :  0.167 0.132 0.214 0.488 
 82 OmyAC19ROGR    (1)    1 :  0.118 0.613 0.234 0.035 
 83 OmyAC19ROGR    (0)    1 :  0.334 0.413 0.171 0.082 
 84 OmyAC19ROGR    (1)    1 :  0.237 0.091 0.416 0.256 
 85 OmyAC19ROGR    (6)    1 :  0.381 0.253 0.317 0.049 
 86 OmyAC19ROGR    (1)    1 :  0.476 0.036 0.362 0.126 
 87 OmyAC19ROGR    (2)    1 :  0.139 0.407 0.397 0.057 
 88 OmyJC19ROGR    (0)    2 :  0.073 0.030 0.048 0.849 
 89 OmyJC19ROGR    (1)    2 :  0.402 0.114 0.382 0.102 
 90 OmyJC19ROGR    (1)    2 :  0.040 0.038 0.049 0.873 
 91 OmyJC19ROGR    (2)    2 :  0.269 0.374 0.335 0.022 
 92 OmyJC19ROGR    (1)    2 :  0.160 0.667 0.106 0.067 
 93 OmyJC19ROGR    (1)    2 :  0.063 0.814 0.096 0.028 
 94 OmyJC19ROGR    (1)    2 :  0.327 0.064 0.368 0.240 
 95 OmyJC19ROGR    (0)    2 :  0.203 0.051 0.465 0.281 
 96 OmyJC19ROGR    (2)    2 :  0.514 0.135 0.229 0.122 
 97 OmyJC19ROGR    (1)    2 :  0.038 0.727 0.070 0.166 
 98 OmyJC19ROGR    (0)    2 :  0.378 0.160 0.395 0.067 
 99 OmyJC19ROGR    (0)    2 :  0.193 0.519 0.143 0.145 
100 OmyJC19ROGR    (1)    2 :  0.258 0.162 0.513 0.067 
101 OmyJC19ROGR    (1)    2 :  0.111 0.201 0.145 0.544 
102 OmyJC19ROGR    (1)    2 :  0.527 0.082 0.298 0.093 
103 OmyJC19ROGR    (2)    2 :  0.151 0.299 0.279 0.271 
104 OmyJC19ROGR    (1)    2 :  0.164 0.600 0.184 0.052 
105 OmyJC19ROGR    (1)    2 :  0.072 0.581 0.102 0.245 
106 OmyJC19ROGR    (1)    2 :  0.021 0.049 0.031 0.899 
107 OmyJC19ROGR    (2)    2 :  0.524 0.175 0.149 0.152 
108 OmyJC19ROGR    (0)    2 :  0.297 0.382 0.238 0.083 
109 OmyJC19ROGR    (1)    2 :  0.376 0.049 0.295 0.280 
110 OmyJC19ROGR    (1)    2 :  0.102 0.532 0.126 0.241 
111 OmyJC19ROGR    (1)    2 :  0.169 0.577 0.156 0.098 
112 OmyJC19ROGR    (2)    2 :  0.331 0.080 0.436 0.153 
113 OmyJC19ROGR    (1)    2 :  0.192 0.058 0.196 0.554 
114 OmyJC19ROGR    (3)    2 :  0.322 0.159 0.440 0.079 
115 OmyJC19ROGR    (2)    2 :  0.066 0.495 0.359 0.080 
116 OmyJC19ROGR    (0)    2 :  0.264 0.136 0.451 0.149 
117 OmyJC19ROGR    (1)    2 :  0.337 0.088 0.304 0.270 
118 OmyJC19ROGR    (1)    2 :  0.351 0.313 0.290 0.046 
119 OmyJC19ROGR    (3)    2 :  0.546 0.096 0.268 0.090 
120 OmyJC19ROGR    (1)    2 :  0.085 0.832 0.063 0.020 
121 OmyJC19ROGR    (0)    2 :  0.372 0.068 0.473 0.087 
122 OmyJC19ROGR    (1)    2 :  0.244 0.315 0.341 0.100 
123 OmyJC19ROGR    (1)    2 :  0.368 0.318 0.278 0.035 
124 OmyJC19ROGR    (0)    2 :  0.179 0.082 0.602 0.136 
125 OmyJC19ROGR    (1)    2 :  0.085 0.567 0.201 0.148 
126 OmyJC19ROGR    (1)    2 :  0.107 0.071 0.160 0.662 
127 OmyJC19ROGR    (1)    2 :  0.710 0.104 0.103 0.083 
128 OmyJC19ROGR    (1)    2 :  0.090 0.776 0.082 0.051 
129 OmyJC19ROGR    (1)    2 :  0.243 0.194 0.246 0.317 
130 OmyJC19ROGR    (1)    2 :  0.178 0.051 0.695 0.076 
131 OmyJC19ROGR    (1)    2 :  0.197 0.290 0.373 0.139 
132 OmyJC19ROGR    (1)    2 :  0.149 0.594 0.179 0.078 
133 OmyJC19ROGR    (1)    2 :  0.313 0.130 0.514 0.043 
134 OmyJC19ROGR    (1)    2 :  0.537 0.120 0.238 0.105 
135 OmyJC19ROGR    (1)    2 :  0.046 0.876 0.048 0.029 
136 OmyJC19ROGR    (3)    2 :  0.378 0.198 0.363 0.061 
137 OmyJC19ROGR    (1)    2 :  0.318 0.078 0.332 0.273 
138 OmyJC19ROGR    (1)    2 :  0.080 0.041 0.170 0.708 
139 OmyJC19ROGR    (2)    2 :  0.319 0.133 0.507 0.041 
140 OmyJC19ROGR    (3)    2 :  0.527 0.098 0.225 0.150 
141 OmyJC19ROGR    (0)    2 :  0.246 0.196 0.119 0.439 
142 OmyJC19ROGR    (1)    2 :  0.185 0.281 0.164 0.369 
143 OmyJC19ROGR    (0)    2 :  0.069 0.695 0.131 0.104 
144 OmyJC19ROGR    (1)    2 :  0.360 0.105 0.508 0.027 
145 OmyJC19ROGR    (1)    2 :  0.198 0.076 0.688 0.038 
146 OmyJC19ROGR    (2)    2 :  0.113 0.650 0.156 0.081 
147 OmyJC19ROGR    (1)    2 :  0.482 0.180 0.260 0.078 
148 OmyJC19ROGR    (1)    2 :  0.453 0.230 0.284 0.033 
149 OmyJC19ROGR    (2)    2 :  0.279 0.425 0.189 0.107 
150 OmyJC19ROGR    (2)    2 :  0.190 0.581 0.136 0.093 
151 OmyJC19ROGR    (1)    2 :  0.365 0.251 0.229 0.155 
152 OmyJC19ROGR    (0)    2 :  0.278 0.220 0.408 0.095 
153 OmyJC19ROGR    (1)    2 :  0.063 0.844 0.040 0.053 
154 OmyJC19ROGR    (2)    2 :  0.305 0.071 0.529 0.096 
155 OmyJC19ROGR    (1)    2 :  0.233 0.311 0.336 0.121 
156 OmyJC19ROGR    (1)    2 :  0.362 0.233 0.230 0.175 
157 OmyJC19ROGR    (0)    2 :  0.205 0.323 0.371 0.101 
158 OmyJC19ROGR    (2)    2 :  0.344 0.243 0.379 0.034 
159 OmyJC19ROGR    (1)    2 :  0.420 0.062 0.448 0.069 
160 OmyJC19ROGR    (0)    2 :  0.494 0.278 0.138 0.091 
161 OmyJC19ROGR    (1)    2 :  0.253 0.473 0.216 0.058 
162 OmyJC19ROGR    (1)    2 :  0.407 0.282 0.208 0.103 
163 OmyJC19ROGR    (1)    2 :  0.127 0.639 0.171 0.063 
164 OmyJC19ROGR    (1)    2 :  0.395 0.094 0.470 0.041 
165 OmyJC19ROGR    (0)    2 :  0.264 0.247 0.459 0.030 
166 OmyJC19ROGR    (0)    2 :  0.336 0.087 0.501 0.076 
167 OmyJC19ROGR    (2)    2 :  0.197 0.366 0.291 0.146 
168 OmyJC19ROGR    (0)    2 :  0.369 0.132 0.389 0.111 
169 OmyJC19ROGR    (1)    2 :  0.034 0.018 0.031 0.917 
170 OmyJC19ROGR    (1)    2 :  0.096 0.688 0.124 0.091 
171 OmyJC19ROGR    (1)    2 :  0.427 0.137 0.383 0.053 
172 OmyJC19ROGR    (0)    2 :  0.126 0.344 0.084 0.447 
173 OmyJC19ROGR    (1)    2 :  0.035 0.028 0.036 0.901 
174 OmyJC19ROGR    (0)    2 :  0.196 0.125 0.620 0.059 
175 OmyJC19ROGR    (1)    2 :  0.396 0.121 0.441 0.041 
176 OmyJC19ROGR    (1)    2 :  0.189 0.639 0.096 0.076 
177 OmyJC19ROGR    (1)    2 :  0.083 0.793 0.102 0.022 
178 OmyJC19ROGR    (0)    2 :  0.533 0.035 0.372 0.060 
179 OmyJC19ROGR    (1)    2 :  0.193 0.544 0.228 0.036 
180 OmyJC19ROGR    (1)    2 :  0.052 0.079 0.054 0.814 
181 OmyJC19ROGR    (1)    2 :  0.389 0.130 0.422 0.060 
182 OmyJC19ROGR    (1)    2 :  0.406 0.105 0.272 0.218 
183 OmyJC19ROGR    (1)    2 :  0.401 0.127 0.419 0.053 
184 OmyJC19ROGR    (1)    2 :  0.189 0.118 0.120 0.572 
185 OmyJC19ROGR    (2)    2 :  0.258 0.125 0.600 0.018 
186 OmyJC19ROGR    (1)    2 :  0.104 0.585 0.164 0.146 
187 OmyJC19ROGR    (0)    2 :  0.170 0.082 0.713 0.035 
188 OmyJC19ROGR    (1)    2 :  0.337 0.171 0.391 0.102 
189 OmyJC19ROGR    (0)    2 :  0.175 0.398 0.211 0.217 
190 OmyJC19ROGR    (0)    2 :  0.123 0.689 0.115 0.073 
191 OmyJC19ROGR    (2)    2 :  0.106 0.652 0.185 0.058 
192 OmyJC19ROGR    (1)    2 :  0.727 0.035 0.181 0.057 
193 OmyJC19ROGR    (1)    2 :  0.327 0.187 0.311 0.175 
194 OmyJC19ROGR    (0)    2 :  0.723 0.073 0.180 0.023 
195 OmyJC19ROGR    (1)    2 :  0.095 0.031 0.077 0.797 
196 OmyJC19ROGR    (1)    2 :  0.224 0.054 0.675 0.047 
197 OmyJC19ROGR    (1)    2 :  0.226 0.531 0.159 0.083 
198 OmyJC19ROGR    (1)    2 :  0.083 0.072 0.069 0.775 
199 OmyJC19ROGR    (0)    2 :  0.406 0.091 0.455 0.049 
200 OmyJC19ROGR    (0)    2 :  0.077 0.717 0.138 0.069 
201 OmyJC19ROGR    (1)    2 :  0.472 0.109 0.382 0.037 
202 OmyJC19ROGR    (0)    2 :  0.078 0.818 0.085 0.020 
203 OmyJC19ROGR    (0)    2 :  0.339 0.192 0.407 0.062 
204 OmyJC19ROGR    (1)    2 :  0.370 0.227 0.323 0.080 
205 OmyJC19ROGR    (1)    2 :  0.182 0.150 0.525 0.143 
206 OmyJC19ROGR    (1)    2 :  0.048 0.052 0.061 0.839 
207 OmyJC19ROGR    (1)    2 :  0.225 0.098 0.397 0.280 
208 OmyJC19ROGR    (1)    2 :  0.520 0.102 0.318 0.060 
209 OmyJC19ROGR    (0)    2 :  0.108 0.196 0.140 0.557 
210 OmyJC19ROGR    (1)    2 :  0.036 0.022 0.040 0.902 
211 OmyJC19ROGR    (0)    2 :  0.278 0.153 0.352 0.217 
212 OmyJC19ROGR    (1)    2 :  0.142 0.450 0.120 0.288 
213 OmyJC19ROGR    (1)    2 :  0.237 0.168 0.548 0.047 
214 OmyJC19ROGR    (1)    2 :  0.258 0.091 0.577 0.074 
215 OmyJC19ROGR    (1)    2 :  0.735 0.106 0.111 0.048 
216 OmyJC19ROGR    (1)    2 :  0.044 0.035 0.081 0.840 
217 OmyJC19ROGR    (1)    2 :  0.240 0.111 0.206 0.444 
218 OmyJC19ROGR    (1)    2 :  0.109 0.629 0.216 0.046 
219 OmyJC19ROGR    (1)    2 :  0.507 0.047 0.281 0.165 
220 OmyJC19ROGR    (1)    2 :  0.454 0.185 0.340 0.021 
221 OmyJC19ROGR    (0)    2 :  0.106 0.105 0.451 0.338 
222 OmyJC19ROGR    (1)    2 :  0.369 0.324 0.249 0.059 
223 OmyJC19ROGR    (0)    2 :  0.343 0.143 0.419 0.095 
224 OmyJC19ROGR    (1)    2 :  0.557 0.098 0.305 0.040 
225 OmyJC19ROGR    (1)    2 :  0.024 0.024 0.026 0.925 
226 OmyJC19ROGR    (0)    2 :  0.289 0.074 0.374 0.263 
227 OmyJC19ROGR    (1)    2 :  0.025 0.054 0.038 0.882 
228 OmyJC19ROGR    (1)    2 :  0.420 0.055 0.460 0.066 
229 OmyJC19ROGR    (2)    2 :  0.195 0.201 0.554 0.050 
230 OmyJC19ROGR    (1)    2 :  0.150 0.268 0.323 0.258 
231 OmyJC19ROGR    (1)    2 :  0.303 0.067 0.527 0.103 
232 OmyJC19ROGR    (2)    2 :  0.196 0.259 0.474 0.071 
233 OmyJC19ROGR    (1)    2 :  0.413 0.130 0.303 0.154 
234 OmyJC19ROGR    (1)    2 :  0.032 0.031 0.036 0.901 
235 OmyJC19ROGR    (0)    2 :  0.223 0.102 0.112 0.564 
236 OmyJC19ROGR    (1)    2 :  0.417 0.331 0.209 0.043 
237 OmyJC19ROGR    (1)    2 :  0.404 0.229 0.235 0.132 
238 OmyJC19ROGR    (0)    2 :  0.438 0.066 0.336 0.159 
239 OmyJC19ROGR    (1)    2 :  0.618 0.076 0.171 0.135 
240 OmyJC19ROGR    (1)    2 :  0.159 0.108 0.661 0.072 
241 OmyJC19ROGR    (0)    2 :  0.205 0.526 0.145 0.125 
242 OmyJC19ROGR    (1)    2 :  0.625 0.265 0.083 0.028 
243 OmyJC19ROGR    (1)    2 :  0.230 0.450 0.251 0.069 
244 OmyJC19ROGR    (1)    2 :  0.192 0.373 0.349 0.086 
245 OmyJC19ROGR    (0)    2 :  0.026 0.024 0.025 0.925 
246 OmyJC19ROGR    (1)    2 :  0.086 0.594 0.101 0.220 
247 OmyJC19ROGR    (0)    2 :  0.141 0.168 0.151 0.539 
248 OmyJC19ROGR    (1)    2 :  0.112 0.114 0.190 0.585 
249 OmyJC19ROGR    (1)    2 :  0.190 0.083 0.633 0.094 
250 OmyJC19ROGR    (0)    2 :  0.351 0.224 0.259 0.166 
251 OmyJC19ROGR    (1)    2 :  0.218 0.104 0.582 0.096 
252 OmyJC19ROGR    (0)    2 :  0.055 0.817 0.080 0.048 
253 OmyJC19ROGR    (0)    2 :  0.480 0.098 0.294 0.128 
254 OmyJC19ROGR    (1)    2 :  0.198 0.540 0.177 0.085 
255 OmyJC19ROGR    (1)    2 :  0.071 0.624 0.255 0.050 
256 OmyJC19ROGR    (1)    2 :  0.092 0.370 0.151 0.387 
257 OmyJC19ROGR    (0)    2 :  0.153 0.097 0.647 0.103 
258 OmyAC19ROGR    (1)    1 :  0.232 0.224 0.262 0.282 
259 OmyAC19ROGR    (2)    1 :  0.213 0.128 0.123 0.535 
260 OmyAC19ROGR    (1)    1 :  0.683 0.150 0.121 0.045 
261 OmyAC19ROGR    (0)    1 :  0.368 0.070 0.481 0.082 
262 OmyAC19ROGR    (1)    1 :  0.272 0.225 0.320 0.183 
263 OmyAC19ROGR    (0)    1 :  0.184 0.549 0.206 0.061 
264 OmyAC19ROGR    (1)    1 :  0.342 0.132 0.430 0.096 
265 OmyAC19ROGR    (1)    1 :  0.351 0.157 0.421 0.072 
266 OmyAC19ROGR    (1)    1 :  0.149 0.067 0.754 0.030 
267 OmyAC19ROGR    (1)    1 :  0.241 0.166 0.356 0.237 
268 OmyAC19ROGR    (2)    1 :  0.132 0.517 0.162 0.189 
269 OmyAC19ROGR    (1)    1 :  0.320 0.121 0.309 0.250 
270 OmyAC19ROGR    (1)    1 :  0.079 0.540 0.325 0.055 
271 OmyAC19ROGR    (1)    1 :  0.209 0.115 0.236 0.440 
272 OmyAC19ROGR    (0)    1 :  0.318 0.059 0.361 0.263 
273 OmyAC19ROGR    (0)    1 :  0.476 0.202 0.254 0.068 
274 OmyAC19ROGR    (1)    1 :  0.073 0.048 0.105 0.774 
275 OmyAC19ROGR    (1)    1 :  0.303 0.296 0.224 0.177 
276 OmyAC19ROGR    (1)    1 :  0.575 0.109 0.229 0.088 
277 OmyAC19ROGR    (1)    1 :  0.390 0.077 0.409 0.123 
278 OmyAC19ROGR    (1)    1 :  0.263 0.079 0.293 0.365 
279 OmyAC19ROGR    (0)    1 :  0.523 0.074 0.165 0.239 
280 OmyAC19ROGR    (1)    1 :  0.100 0.437 0.285 0.177 
281 OmyAC19ROGR    (1)    1 :  0.326 0.104 0.492 0.078 
282 OmyAC19ROGR    (1)    1 :  0.195 0.196 0.366 0.244 
283 OmyAC19ROGR    (1)    1 :  0.455 0.101 0.358 0.086 
284 OmyAC19ROGR    (0)    1 :  0.334 0.196 0.420 0.050 
285 OmyAC19ROGR    (1)    1 :  0.386 0.358 0.187 0.069 
286 OmyAC19ROGR    (1)    1 :  0.548 0.187 0.226 0.039 
287 OmyAC19ROGR    (1)    1 :  0.017 0.017 0.020 0.947 
288 OmyAC19ROGR    (1)    1 :  0.093 0.061 0.080 0.767 
289 OmyAC19ROGR    (1)    1 :  0.510 0.066 0.241 0.183 
290 OmyAC19ROGR    (1)    1 :  0.025 0.028 0.026 0.921 
291 OmyAC19ROGR    (1)    1 :  0.128 0.246 0.164 0.462 
292 OmyAC19ROGR    (1)    1 :  0.308 0.083 0.326 0.283 
293 OmyAC19ROGR    (1)    1 :  0.140 0.675 0.130 0.055 
294 OmyAC19ROGR    (1)    1 :  0.403 0.065 0.265 0.267 
295 OmyAC19ROGR    (0)    1 :  0.436 0.269 0.252 0.043 
296 OmyAC19ROGR    (0)    1 :  0.548 0.135 0.265 0.052 
297 OmyAC19ROGR    (1)    1 :  0.081 0.043 0.094 0.783 
298 OmyAC19ROGR    (0)    1 :  0.505 0.069 0.385 0.041 
299 OmyAC19ROGR    (1)    1 :  0.240 0.353 0.122 0.285 
300 OmyAC19ROGR    (1)    1 :  0.337 0.157 0.435 0.070 
301 OmyAC19ROGR    (0)    1 :  0.050 0.032 0.055 0.863 
302 OmyAC19ROGR    (1)    1 :  0.251 0.075 0.193 0.481 
303 OmyAC19ROGR    (1)    1 :  0.473 0.084 0.249 0.194 
304 OmyAC19ROGR    (1)    1 :  0.517 0.130 0.151 0.203 
305 OmyAC19ROGR    (1)    1 :  0.466 0.145 0.340 0.049 
306 OmyAC19ROGR    (1)    1 :  0.108 0.031 0.202 0.659 
307 OmyAC19ROGR    (2)    1 :  0.214 0.335 0.415 0.036 
308 OmyAC19ROGR    (0)    1 :  0.332 0.083 0.425 0.161 
309 OmyAC19ROGR    (2)    1 :  0.037 0.033 0.034 0.895 
310 OmyAC19ROGR    (0)    1 :  0.222 0.100 0.199 0.479 
311 OmyAC19ROGR    (0)    1 :  0.304 0.058 0.105 0.534 
312 OmyAC19ROGR    (0)    1 :  0.130 0.661 0.148 0.060 
313 OmyAC19ROGR    (1)    1 :  0.373 0.174 0.421 0.031 
314 OmyAC19ROGR    (0)    1 :  0.150 0.657 0.133 0.060 
315 OmyAC19ROGR    (1)    1 :  0.271 0.147 0.481 0.101 
316 OmyAC19ROGR    (1)    1 :  0.374 0.116 0.455 0.054 
317 OmyAC19ROGR    (1)    1 :  0.244 0.489 0.193 0.074 
318 OmyAC19ROGR    (1)    1 :  0.181 0.513 0.257 0.049 
319 OmyAC19ROGR    (1)    1 :  0.536 0.174 0.262 0.028 
320 OmyAC19ROGR    (0)    1 :  0.426 0.133 0.415 0.026 
321 OmyAC19ROGR    (1)    1 :  0.362 0.125 0.469 0.044 
322 OmyAC19ROGR    (0)    1 :  0.248 0.088 0.272 0.393 
323 OmyAC19ROGR    (1)    1 :  0.614 0.041 0.310 0.036 
324 OmyAC19ROGR    (1)    1 :  0.197 0.239 0.522 0.042 
325 OmyAC19ROGR    (1)    1 :  0.150 0.086 0.288 0.476 
326 OmyAC19ROGR    (1)    1 :  0.280 0.066 0.571 0.084 
327 OmyAC19ROGR    (1)    1 :  0.325 0.223 0.393 0.060 
328 OmyJC18ROGR    (1)    2 :  0.148 0.625 0.161 0.066 
329 OmyJC18ROGR    (0)    2 :  0.299 0.100 0.501 0.100 
330 OmyJC18ROGR    (0)    2 :  0.210 0.040 0.656 0.095 
331 OmyJC18ROGR    (1)    2 :  0.131 0.098 0.121 0.650 
332 OmyJC18ROGR    (1)    2 :  0.115 0.088 0.065 0.732 
333 OmyJC18ROGR    (1)    2 :  0.067 0.034 0.064 0.834 
334 OmyJC18ROGR    (1)    2 :  0.149 0.236 0.374 0.240 
335 OmyJC18ROGR    (0)    2 :  0.166 0.561 0.237 0.036 
336 OmyJC18ROGR    (1)    2 :  0.052 0.035 0.049 0.864 
337 OmyJC18ROGR    (1)    2 :  0.510 0.076 0.358 0.056 
338 OmyJC18ROGR    (1)    2 :  0.051 0.032 0.065 0.852 
339 OmyJC18ROGR    (1)    2 :  0.388 0.075 0.464 0.072 
340 OmyJC18ROGR    (0)    2 :  0.156 0.517 0.146 0.180 
341 OmyJC18ROGR    (1)    2 :  0.468 0.322 0.183 0.027 
342 OmyJC18ROGR    (2)    2 :  0.254 0.111 0.205 0.430 
343 OmyJC18ROGR    (2)    2 :  0.164 0.302 0.178 0.356 
344 OmyJC18ROGR    (3)    2 :  0.193 0.168 0.129 0.511 
345 OmyJC18ROGR    (2)    2 :  0.086 0.114 0.131 0.669 
346 OmyJC18ROGR    (4)    2 :  0.146 0.041 0.769 0.044 
347 OmyJC18ROGR    (3)    2 :  0.632 0.066 0.234 0.069 
348 OmyJC18ROGR    (1)    2 :  0.157 0.110 0.511 0.221 
349 OmyJC18ROGR    (1)    2 :  0.511 0.089 0.348 0.052 
350 OmyJC18ROGR    (1)    2 :  0.650 0.055 0.222 0.073 
351 OmyJC18ROGR    (0)    2 :  0.169 0.042 0.065 0.724 
352 OmyJC18ROGR    (4)    2 :  0.198 0.120 0.210 0.472 
353 OmyJC18ROGR    (2)    2 :  0.164 0.245 0.337 0.255 
354 OmyJC18ROGR    (1)    2 :  0.307 0.081 0.488 0.124 
355 OmyJC18ROGR    (2)    2 :  0.200 0.095 0.644 0.061 
356 OmyJC18ROGR    (1)    2 :  0.179 0.506 0.255 0.060 
357 OmyJC18ROGR    (2)    2 :  0.054 0.221 0.051 0.674 
358 OmyJC18ROGR    (2)    2 :  0.314 0.444 0.211 0.030 
359 OmyJC18ROGR    (3)    2 :  0.474 0.147 0.256 0.123 
360 OmyJC18ROGR    (0)    2 :  0.163 0.499 0.252 0.086 
361 OmyJC18ROGR    (1)    2 :  0.235 0.084 0.653 0.028 
362 OmyJC18ROGR    (1)    2 :  0.248 0.107 0.391 0.254 
363 OmyJC18ROGR    (2)    2 :  0.222 0.260 0.250 0.268 
364 OmyJC18ROGR    (3)    2 :  0.646 0.072 0.250 0.031 
365 OmyJC18ROGR    (4)    2 :  0.379 0.054 0.508 0.059 
366 OmyJC18ROGR    (4)    2 :  0.223 0.484 0.235 0.059 
367 OmyJC18ROGR    (3)    2 :  0.067 0.051 0.084 0.798 
368 OmyJC18ROGR    (3)    2 :  0.277 0.102 0.206 0.415 
369 OmyJC18ROGR    (2)    2 :  0.120 0.413 0.354 0.112 
370 OmyJC18ROGR    (3)    2 :  0.260 0.140 0.516 0.084 
371 OmyJC18ROGR    (1)    2 :  0.289 0.218 0.429 0.064 
372 OmyJC18ROGR    (3)    2 :  0.463 0.154 0.246 0.136 
373 OmyJC18ROGR    (5)    2 :  0.141 0.571 0.158 0.130 
374 OmyJC18ROGR    (5)    2 :  0.103 0.803 0.063 0.031 
375 OmyJC18ROGR    (3)    2 :  0.261 0.067 0.533 0.139 
376 OmyJC18ROGR    (3)    2 :  0.047 0.036 0.045 0.872 
377 OmyJC18ROGR    (4)    2 :  0.124 0.473 0.135 0.268 
378 OmyJC18ROGR    (0)    2 :  0.422 0.219 0.237 0.121 
379 OmyJC18ROGR    (5)    2 :  0.411 0.210 0.226 0.153 
380 OmyJC18ROGR    (4)    2 :  0.181 0.299 0.301 0.219 
381 OmyJC18ROGR    (1)    2 :  0.486 0.194 0.244 0.075 
382 OmyJC18ROGR    (1)    2 :  0.462 0.204 0.264 0.069 
383 OmyJC18ROGR    (3)    2 :  0.154 0.098 0.251 0.497 
384 OmyJC18ROGR    (2)    2 :  0.535 0.049 0.172 0.244 
385 OmyJC18ROGR    (4)    2 :  0.362 0.054 0.509 0.075 
386 OmyJC18ROGR    (2)    2 :  0.359 0.057 0.210 0.374 
387 OmyJC18ROGR    (1)    2 :  0.183 0.369 0.095 0.353 
388 OmyJC18ROGR    (6)    2 :  0.211 0.440 0.253 0.097 
389 OmyJC18ROGR    (1)    2 :  0.393 0.086 0.341 0.180 
390 OmyJC18ROGR    (1)    2 :  0.442 0.121 0.330 0.107 
391 OmyJC18ROGR    (3)    2 :  0.053 0.070 0.042 0.835 
392 OmyJC18ROGR    (2)    2 :  0.252 0.295 0.400 0.053 
393 OmyJC18ROGR    (4)    2 :  0.053 0.732 0.097 0.117 
394 OmyJC18ROGR    (3)    2 :  0.107 0.035 0.106 0.751 
395 OmyJC18ROGR    (7)    2 :  0.088 0.490 0.168 0.254 
396 OmyJC18ROGR    (4)    2 :  0.123 0.245 0.078 0.553 
397 OmyJC18ROGR    (1)    2 :  0.318 0.190 0.406 0.086 
398 OmyJC18ROGR    (3)    2 :  0.168 0.203 0.368 0.260 
399 OmyJC18ROGR    (2)    2 :  0.131 0.304 0.186 0.380 
400 OmyJC18ROGR    (0)    2 :  0.393 0.120 0.408 0.079 
401 OmyJC18ROGR    (6)    2 :  0.079 0.710 0.113 0.098 
402 OmyJC18ROGR    (5)    2 :  0.074 0.497 0.176 0.254 
403 OmyJC18ROGR    (1)    2 :  0.208 0.285 0.299 0.208 
404 OmyJC18ROGR    (2)    2 :  0.421 0.058 0.344 0.177 
405 OmyJC18ROGR    (3)    2 :  0.424 0.133 0.389 0.053 
406 OmyJC18ROGR    (2)    2 :  0.367 0.070 0.503 0.060 
407 OmyJC18ROGR    (2)    2 :  0.366 0.337 0.137 0.159 
408 OmyJC18ROGR    (2)    2 :  0.290 0.369 0.190 0.152 
409 OmyJC18ROGR    (1)    2 :  0.168 0.319 0.453 0.061 
410 OmyJC18ROGR    (1)    2 :  0.369 0.089 0.499 0.044 
411 OmyJC18ROGR    (1)    2 :  0.235 0.120 0.585 0.060 
412 OmyJC18ROGR    (0)    2 :  0.686 0.055 0.228 0.032 
413 OmyJC18ROGR    (1)    2 :  0.191 0.047 0.703 0.059 
414 OmyJC18ROGR    (2)    2 :  0.637 0.075 0.250 0.038 
415 OmyJC18ROGR    (2)    2 :  0.123 0.219 0.627 0.031 
416 OmyJC18ROGR    (3)    2 :  0.343 0.094 0.449 0.115 
417 OmyJC18ROGR    (1)    2 :  0.229 0.419 0.275 0.077 
418 OmyJC18ROGR    (0)    2 :  0.052 0.758 0.139 0.052 
419 OmyJC18ROGR    (1)    2 :  0.203 0.414 0.338 0.045 
420 OmyJC18ROGR    (0)    2 :  0.240 0.049 0.671 0.039 
421 OmyJC18ROGR    (1)    2 :  0.483 0.096 0.338 0.082 
422 OmyJC18ROGR    (6)    2 :  0.199 0.189 0.523 0.089 
423 OmyJC18ROGR    (2)    2 :  0.204 0.128 0.593 0.075 
424 OmyJC18ROGR    (1)    2 :  0.147 0.271 0.290 0.291 
425 OmyJC18ROGR    (1)    2 :  0.200 0.089 0.398 0.314 
426 OmyJC18ROGR    (3)    2 :  0.249 0.232 0.470 0.049 
427 OmyJC18ROGR    (2)    2 :  0.265 0.033 0.084 0.617 
428 OmyJC18ROGR    (6)    2 :  0.271 0.058 0.640 0.031 
429 OmyJC18ROGR    (1)    2 :  0.377 0.040 0.345 0.238 
430 OmyJC18ROGR    (1)    2 :  0.238 0.228 0.328 0.206 
431 OmyJC18ROGR    (0)    2 :  0.344 0.067 0.504 0.085 
432 OmyJC18ROGR    (2)    2 :  0.075 0.059 0.072 0.794 
433 OmyJC18ROGR    (2)    2 :  0.106 0.663 0.122 0.109 
434 OmyJC18ROGR    (2)    2 :  0.345 0.085 0.388 0.182 
435 OmyJC18ROGR    (8)    2 :  0.309 0.180 0.391 0.121 
436 OmyJC18ROGR    (2)    2 :  0.225 0.164 0.561 0.051 
437 OmyJC18ROGR    (4)    2 :  0.212 0.302 0.436 0.050 
438 OmyJC18ROGR    (1)    2 :  0.049 0.776 0.080 0.094 
439 OmyJC18ROGR    (2)    2 :  0.163 0.096 0.190 0.550 
440 OmyJC18ROGR    (0)    2 :  0.046 0.751 0.067 0.136 
441 OmyJC18ROGR    (1)    2 :  0.691 0.070 0.194 0.046 
442 OmyJC18ROGR    (6)    2 :  0.320 0.252 0.253 0.175 
443 OmyJC18ROGR    (1)    2 :  0.669 0.070 0.230 0.031 
444 OmyJC18ROGR    (6)    2 :  0.165 0.405 0.368 0.062 
445 OmyJC18ROGR    (2)    2 :  0.175 0.265 0.449 0.111 
446 OmyJC18ROGR    (3)    2 :  0.142 0.368 0.160 0.330 
447 OmyJC18ROGR    (2)    2 :  0.409 0.159 0.287 0.146 
448 OmyJC18ROGR    (3)    2 :  0.514 0.102 0.289 0.095 
449 OmyJC18ROGR    (1)    2 :  0.442 0.104 0.408 0.047 
450 OmyJC18ROGR    (4)    2 :  0.097 0.279 0.358 0.266 
451 OmyJC18ROGR    (3)    2 :  0.499 0.117 0.313 0.071 
452 OmyJC18ROGR    (1)    2 :  0.517 0.051 0.327 0.105 
453 OmyJC18ROGR    (1)    2 :  0.537 0.047 0.376 0.040 
454 OmyJC18ROGR    (4)    2 :  0.284 0.471 0.158 0.086 
455 OmyJC18ROGR    (4)    2 :  0.229 0.188 0.102 0.482 
456 OmyJC18ROGR    (5)    2 :  0.204 0.109 0.504 0.183 
457 OmyJC18ROGR    (3)    2 :  0.172 0.515 0.272 0.042 
458 OmyJC18ROGR    (1)    2 :  0.308 0.211 0.399 0.083 
459 OmyJC18ROGR    (1)    2 :  0.050 0.032 0.066 0.851 
460 OmyJC18ROGR    (2)    2 :  0.436 0.081 0.421 0.063 
461 OmyJC18ROGR    (1)    2 :  0.078 0.123 0.060 0.739 
462 OmyJC18ROGR    (1)    2 :  0.268 0.354 0.355 0.023 
463 OmyJC18ROGR    (4)    2 :  0.530 0.125 0.268 0.077 
464 OmyJC18ROGR    (6)    2 :  0.239 0.335 0.385 0.040 
465 OmyJC18ROGR    (3)    2 :  0.146 0.583 0.218 0.053 
466 OmyJC18ROGR    (3)    2 :  0.319 0.328 0.234 0.118 
467 OmyJC18ROGR    (2)    2 :  0.324 0.112 0.443 0.121 
468 OmyJC18ROGR    (2)    2 :  0.308 0.151 0.512 0.028 
469 OmyJC18ROGR    (1)    2 :  0.032 0.021 0.043 0.904 
470 OmyJC18ROGR    (0)    2 :  0.140 0.496 0.078 0.285 
471 OmyJC18ROGR    (2)    2 :  0.207 0.122 0.563 0.108 
472 OmyJC18ROGR    (2)    2 :  0.157 0.046 0.784 0.014 
473 OmyJC18ROGR    (1)    2 :  0.299 0.105 0.474 0.123 
474 OmyJC18ROGR    (3)    2 :  0.233 0.102 0.575 0.090 
475 OmyJC18ROGR    (1)    2 :  0.266 0.423 0.182 0.130 
476 OmyJC18ROGR    (2)    2 :  0.420 0.150 0.372 0.058 
477 OmyJC18ROGR    (0)    2 :  0.146 0.385 0.339 0.130 
478 OmyJC18ROGR    (1)    2 :  0.494 0.113 0.284 0.110 
479 OmyJC18ROGR    (1)    2 :  0.249 0.247 0.434 0.070 
480 OmyJC18ROGR    (1)    2 :  0.425 0.088 0.349 0.138 
481 OmyJC18ROGR    (1)    2 :  0.443 0.113 0.384 0.060 
482 OmyJC18ROGR    (1)    2 :  0.152 0.528 0.259 0.061 
483 OmyJC18ROGR    (0)    2 :  0.384 0.230 0.333 0.053 
484 OmyJC18ROGR    (0)    2 :  0.650 0.082 0.164 0.103 
485 OmyJC18ROGR    (0)    2 :  0.243 0.520 0.189 0.049 
486 OmyJC18ROGR    (0)    2 :  0.312 0.232 0.379 0.077 
487 OmyJC18ROGR    (1)    2 :  0.108 0.742 0.097 0.053 
488 OmyJC18ROGR    (1)    2 :  0.174 0.413 0.298 0.114 
489 OmyJC18ROGR    (1)    2 :  0.592 0.073 0.263 0.072 
490 OmyJC18ROGR    (0)    2 :  0.504 0.045 0.421 0.030 
491 OmyJC18ROGR    (0)    2 :  0.205 0.573 0.141 0.081 
492 OmyJC18ROGR    (5)    2 :  0.047 0.128 0.045 0.780 
493 OmyJC18ROGR    (1)    2 :  0.168 0.284 0.223 0.326 
494 OmyJC18ROGR    (3)    2 :  0.345 0.226 0.369 0.060 
495 OmyJC18ROGR    (1)    2 :  0.186 0.271 0.408 0.135 
496 OmyJC18ROGR    (1)    2 :  0.280 0.046 0.525 0.149 
497 OmyJC18ROGR    (1)    2 :  0.224 0.286 0.461 0.029 
498 OmyJC18ROGR    (1)    2 :  0.358 0.343 0.204 0.095 
499 OmyJC18ROGR    (1)    2 :  0.336 0.282 0.326 0.057 
500 OmyJC18ROGR    (1)    2 :  0.306 0.062 0.495 0.137 
501 OmyJC18ROGR    (2)    2 :  0.105 0.528 0.330 0.036 
502 OmyJC18ROGR    (1)    2 :  0.126 0.509 0.093 0.272 
503 OmyJC18ROGR    (2)    2 :  0.375 0.276 0.196 0.153 
504 OmyJC18ROGR    (2)    2 :  0.127 0.579 0.198 0.096 
505 OmyJC18ROGR    (2)    2 :  0.374 0.145 0.363 0.118 
506 OmyJC18ROGR    (3)    2 :  0.217 0.139 0.552 0.092 
507 OmyJC18ROGR    (1)    2 :  0.205 0.069 0.604 0.122 
508 OmyJC18ROGR    (7)    2 :  0.194 0.125 0.621 0.060 
509 OmyJC18ROGR    (1)    2 :  0.222 0.330 0.238 0.210 
510 OmyJC18ROGR    (1)    2 :  0.025 0.023 0.022 0.930 
511 OmyJC18ROGR    (2)    2 :  0.117 0.574 0.128 0.181 
512 OmyJC18ROGR    (1)    2 :  0.175 0.582 0.202 0.041 
513 OmyJC18ROGR    (3)    2 :  0.325 0.068 0.562 0.045 
514 OmyJC18ROGR    (1)    2 :  0.056 0.847 0.056 0.040 
515 OmyJC18ROGR    (5)    2 :  0.253 0.113 0.587 0.047 
516 OmyJC18ROGR    (3)    2 :  0.070 0.485 0.084 0.361 
517 OmyJC18ROGR    (1)    2 :  0.322 0.440 0.204 0.034 
518 OmyJC18ROGR    (1)    2 :  0.165 0.173 0.143 0.519 
519 OmyJC18ROGR    (0)    2 :  0.129 0.328 0.400 0.143 
520 OmyJC18ROGR    (0)    2 :  0.543 0.238 0.162 0.056 
521 OmyJC18ROGR    (2)    2 :  0.188 0.161 0.519 0.131 
522 OmyJC18ROGR    (2)    2 :  0.152 0.138 0.308 0.402 
523 OmyJC18ROGR    (1)    2 :  0.119 0.399 0.126 0.355 
524 OmyJC18ROGR    (3)    2 :  0.242 0.139 0.427 0.192 
525 OmyJC18ROGR    (1)    2 :  0.390 0.293 0.237 0.081 
526 OmyJC18ROGR    (7)    2 :  0.360 0.086 0.527 0.027 
527 OmyJC18ROGR    (4)    2 :  0.379 0.100 0.391 0.130 
528 OmyJC18ROGR    (1)    2 :  0.422 0.229 0.314 0.035 
529 OmyJC18ROGR    (2)    2 :  0.375 0.078 0.497 0.049 
530 OmyJC18ROGR    (1)    2 :  0.134 0.491 0.276 0.098 
531 OmyJC18ROGR    (2)    2 :  0.661 0.114 0.177 0.048 
532 OmyJC18ROGR    (2)    2 :  0.210 0.156 0.603 0.031 
533 OmyJC18ROGR    (5)    2 :  0.045 0.055 0.034 0.867 
534 OmyJC18ROGR    (2)    2 :  0.255 0.223 0.372 0.150 
535 OmyJC18ROGR    (3)    2 :  0.226 0.442 0.242 0.090 
536 OmyJC18ROGR    (0)    2 :  0.261 0.080 0.503 0.155 
537 OmyJC18ROGR    (3)    2 :  0.393 0.117 0.182 0.308 
538 OmyJC18ROGR    (1)    2 :  0.271 0.229 0.447 0.053 
539 OmyJC18ROGR    (1)    2 :  0.237 0.421 0.258 0.085 
540 OmyJC18ROGR    (1)    2 :  0.344 0.162 0.421 0.073 
541 OmyJC18ROGR    (5)    2 :  0.396 0.390 0.190 0.024 
542 OmyJC18ROGR    (4)    2 :  0.418 0.138 0.297 0.147 
543 OmyJC18ROGR    (2)    2 :  0.255 0.416 0.301 0.028 
544 OmyJC18ROGR    (2)    2 :  0.118 0.408 0.398 0.077 
545 OmyJC18ROGR    (2)    2 :  0.205 0.240 0.193 0.361 
546 OmyJC18ROGR    (1)    2 :  0.219 0.358 0.354 0.069 
547 OmyJC18ROGR    (1)    2 :  0.252 0.363 0.286 0.099 
548 OmyJC18ROGR    (1)    2 :  0.096 0.048 0.090 0.766 
549 OmyJC18ROGR    (1)    2 :  0.318 0.221 0.140 0.321 
550 OmyJC18ROGR    (2)    2 :  0.333 0.090 0.255 0.321 
551 OmyJC18ROGR    (4)    2 :  0.487 0.085 0.256 0.172 
552 OmyJC18ROGR    (6)    2 :  0.591 0.031 0.326 0.053 
553 OmyJC18ROGR    (3)    2 :  0.047 0.832 0.082 0.039 
554 OmyJC18ROGR    (1)    2 :  0.218 0.526 0.227 0.029 
555 OmyJC18ROGR    (4)    2 :  0.264 0.496 0.193 0.048 
556 OmyJC18ROGR    (2)    2 :  0.277 0.270 0.342 0.111 
557 OmyJC18ROGR    (0)    2 :  0.270 0.192 0.479 0.059 
558 OmyJC18ROGR    (2)    2 :  0.187 0.408 0.314 0.091 
559 OmyJC18ROGR    (3)    2 :  0.379 0.116 0.172 0.332 
560 OmyJC18ROGR    (6)    2 :  0.243 0.551 0.158 0.048 
561 OmyJC18ROGR    (1)    2 :  0.390 0.039 0.355 0.216 
562 OmyJC18ROGR    (2)    2 :  0.110 0.609 0.200 0.080 
563 OmyJC18ROGR    (2)    2 :  0.258 0.287 0.093 0.362 
564 OmyJC18ROGR    (1)    2 :  0.167 0.139 0.300 0.394 
565 OmyJC18ROGR    (1)    2 :  0.300 0.045 0.583 0.072 
566 OmyJC18ROGR    (1)    2 :  0.237 0.180 0.542 0.041 
567 OmyJC18ROGR    (1)    2 :  0.706 0.076 0.167 0.050 
568 OmyJC18ROGR    (1)    2 :  0.599 0.110 0.253 0.038 
569 OmyJC18ROGR    (3)    2 :  0.445 0.132 0.364 0.059 
570 OmyJC18ROGR    (1)    2 :  0.182 0.302 0.197 0.320 
571 OmyJC18ROGR    (2)    2 :  0.128 0.132 0.153 0.586 
572 OmyJC18ROGR    (5)    2 :  0.101 0.581 0.137 0.180 
573 OmyJC18ROGR    (5)    2 :  0.515 0.189 0.090 0.206 
574 OmyJC18ROGR    (1)    2 :  0.569 0.068 0.172 0.191 
575 OmyJC18ROGR    (2)    2 :  0.317 0.330 0.307 0.046 
576 OmyJC18ROGR    (0)    2 :  0.165 0.670 0.128 0.037 
577 OmyJC18ROGR    (1)    2 :  0.363 0.101 0.183 0.353 
578 OmyJC18ROGR    (1)    2 :  0.837 0.031 0.101 0.032 
579 OmyJC18ROGR    (2)    2 :  0.224 0.451 0.243 0.082 
580 OmyJC18ROGR    (1)    2 :  0.316 0.399 0.259 0.026 
581 OmyJC18ROGR    (1)    2 :  0.111 0.608 0.122 0.159 
582 OmyJC18ROGR    (0)    2 :  0.195 0.071 0.614 0.121 
583 OmyJC18ROGR    (1)    2 :  0.361 0.331 0.228 0.080 
584 OmyJC18ROGR    (2)    2 :  0.306 0.248 0.101 0.345 
585 OmyJC18ROGR    (1)    2 :  0.481 0.033 0.226 0.260 
586 OmyJC18ROGR    (0)    2 :  0.175 0.121 0.084 0.620 
587 OmyJC18ROGR    (1)    2 :  0.180 0.234 0.542 0.044 
588 OmyJC18ROGR    (0)    2 :  0.238 0.153 0.105 0.505 
589 OmyJC18ROGR    (2)    2 :  0.061 0.830 0.061 0.048 
590 OmyJC18ROGR    (2)    2 :  0.152 0.236 0.416 0.197 
591 OmyJC18ROGR    (1)    2 :  0.270 0.155 0.153 0.422 
592 OmyJC18ROGR    (1)    2 :  0.280 0.302 0.357 0.062 
593 OmyJC18ROGR    (1)    2 :  0.241 0.070 0.388 0.301 
594 OmyJC18ROGR    (3)    2 :  0.275 0.183 0.486 0.057 
595 OmyJC18ROGR    (1)    2 :  0.619 0.124 0.136 0.120 
596 OmyJC18ROGR    (1)    2 :  0.227 0.098 0.566 0.109 
597 OmyJC18ROGR    (1)    2 :  0.391 0.076 0.422 0.111 
598 OmyJC18ROGR    (1)    2 :  0.161 0.085 0.147 0.607 
599 OmyJC18ROGR    (1)    2 :  0.281 0.446 0.160 0.114 
600 OmyJC18ROGR    (2)    2 :  0.219 0.496 0.223 0.062 
601 OmyJC18ROGR    (7)    2 :  0.134 0.763 0.079 0.024 
602 OmyJC18ROGR    (3)    2 :  0.220 0.063 0.621 0.095 
603 OmyJC18ROGR    (1)    2 :  0.219 0.413 0.298 0.070 
604 OmyJC18ROGR    (1)    2 :  0.428 0.289 0.217 0.066 
605 OmyJC18ROGR    (1)    2 :  0.186 0.516 0.239 0.059 
606 OmyJC18ROGR    (1)    2 :  0.276 0.064 0.181 0.479 
607 OmyJC18ROGR    (1)    2 :  0.249 0.205 0.464 0.082 
608 OmyJC18ROGR    (1)    2 :  0.281 0.371 0.266 0.083 
609 OmyJC18ROGR    (1)    2 :  0.053 0.828 0.054 0.065 
610 OmyJC18ROGR    (1)    2 :  0.163 0.322 0.295 0.220 
611 OmyJC18ROGR    (1)    2 :  0.234 0.290 0.395 0.082 
612 OmyJC18ROGR    (1)    2 :  0.461 0.127 0.263 0.149 
613 OmyJC18ROGR    (2)    2 :  0.112 0.161 0.128 0.599 
614 OmyJC18ROGR    (1)    2 :  0.054 0.562 0.094 0.290 
615 OmyJC18ROGR    (1)    2 :  0.375 0.091 0.486 0.048 
616 OmyJC18ROGR    (1)    2 :  0.237 0.074 0.643 0.046 
617 OmyJC18ROGR    (1)    2 :  0.223 0.336 0.400 0.041 
618 OmyJC18ROGR    (0)    2 :  0.473 0.064 0.306 0.157 
619 OmyJC18ROGR    (1)    2 :  0.551 0.070 0.261 0.119 
620 OmyJC18ROGR    (1)    2 :  0.243 0.157 0.270 0.330 
621 OmyJC18ROGR    (1)    2 :  0.168 0.365 0.235 0.232 
622 OmyJC18ROGR    (1)    2 :  0.236 0.282 0.462 0.019 
623 OmyJC18ROGR    (1)    2 :  0.430 0.070 0.174 0.326 
624 OmyJC18ROGR    (0)    2 :  0.425 0.223 0.238 0.114 
625 OmyJC18ROGR    (0)    2 :  0.710 0.041 0.197 0.053 
626 OmyJC18ROGR    (1)    2 :  0.169 0.123 0.681 0.027 
627 OmyJC18ROGR    (1)    2 :  0.369 0.079 0.509 0.044 
628 OmyJC18ROGR    (1)    2 :  0.224 0.078 0.191 0.507 
629 OmyJC18ROGR    (1)    2 :  0.041 0.021 0.045 0.894 
630 OmyJC18ROGR    (2)    2 :  0.722 0.059 0.102 0.116 
631 OmyJC18ROGR    (5)    2 :  0.165 0.424 0.098 0.313 
632 OmyJC18ROGR    (2)    2 :  0.267 0.147 0.498 0.087 
633 OmyJC18ROGR    (1)    2 :  0.356 0.038 0.273 0.332 
634 OmyJC18ROGR    (4)    2 :  0.441 0.318 0.217 0.024 
635 OmyJC18ROGR    (1)    2 :  0.811 0.024 0.141 0.024 
636 OmyJC18ROGR    (0)    2 :  0.581 0.122 0.207 0.091 
637 OmyJC18ROGR    (1)    2 :  0.063 0.840 0.052 0.045 
638 OmyJC18ROGR    (0)    2 :  0.586 0.051 0.193 0.170 
639 OmyJC18ROGR    (0)    2 :  0.266 0.475 0.184 0.075 
640 OmyJC18ROGR    (1)    2 :  0.206 0.111 0.542 0.142 
641 OmyJC18ROGR    (1)    2 :  0.336 0.230 0.296 0.138 
642 OmyJC18ROGR    (1)    2 :  0.222 0.175 0.208 0.395 
643 OmyJC18ROGR    (1)    2 :  0.630 0.049 0.298 0.024 
644 OmyJC18ROGR    (1)    2 :  0.569 0.056 0.331 0.044 
645 OmyJC18ROGR    (0)    2 :  0.382 0.107 0.250 0.261 
646 OmyAC19ROGR    (1)    3 :  0.190 0.185 0.533 0.091 
647 OmyJC18ROGR    (1)    2 :  0.519 0.127 0.229 0.125 
648 OmyAC19ROGR    (0)    3 :  0.337 0.144 0.489 0.031 
649 OmyAC19APPR    (1)    3 :  0.781 0.027 0.172 0.020 
650 OmyAC19APPR    (1)    3 :  0.650 0.053 0.205 0.093 
651 OmyJC18ROGR    (1)    2 :  0.499 0.216 0.229 0.056 
652 OmyAC19APPR    (0)    3 :  0.535 0.145 0.262 0.058 
653 OmyAC19CORH    (2)    4 :  0.249 0.543 0.154 0.054 
654 OmyJC18ROGR    (0)    2 :  0.706 0.087 0.168 0.040 
655 OmyAC19CORH    (1)    4 :  0.133 0.491 0.173 0.203 
656 OmyAC19CORH    (1)    4 :  0.089 0.755 0.106 0.050 
657 OmyAC19CORH    (1)    4 :  0.033 0.900 0.040 0.027 
658 OmyAC19CORH    (0)    4 :  0.029 0.884 0.033 0.053 
659 OmyAC19CORH    (0)    4 :  0.042 0.870 0.056 0.032 
660 OmyAC19ROGR    (3)    3 :  0.253 0.033 0.557 0.156 
661 OmyJC18ROGR    (1)    2 :  0.344 0.197 0.355 0.105 
662 OmyAC19ROGR    (1)    3 :  0.398 0.097 0.424 0.082 
663 OmyAC19ROGR    (1)    3 :  0.678 0.068 0.203 0.051 
664 OmyAC19APPR    (1)    3 :  0.100 0.105 0.720 0.075 
665 OmyAC19APPR    (1)    3 :  0.506 0.047 0.299 0.147 
666 OmyJC18ROGR    (0)    2 :  0.087 0.145 0.111 0.657 
667 OmyAC19APPR    (1)    3 :  0.803 0.044 0.092 0.061 
668 OmyAC19CORH    (1)    4 :  0.158 0.299 0.216 0.327 
669 OmyAC19CORH    (0)    4 :  0.051 0.865 0.036 0.048 
670 OmyAC19CORH    (1)    4 :  0.090 0.761 0.119 0.031 
671 OmyAC19CORH    (1)    4 :  0.181 0.650 0.089 0.081 
672 OmyAC19CORH    (1)    4 :  0.136 0.717 0.095 0.052 
673 OmyAC19CORH    (0)    4 :  0.190 0.519 0.234 0.057 
674 OmyAC19ROGR    (2)    3 :  0.412 0.153 0.392 0.043 
675 OmyAC19ROGR    (5)    3 :  0.283 0.127 0.513 0.078 
