

----------------------------------------------------
STRUCTURE by Pritchard, Stephens and Donnelly (2000)
     and Falush, Stephens and Pritchard (2003)
       Code by Pritchard, Falush and Hubisz
             Version 2.3.4 (Jul 2012)
----------------------------------------------------



Command line arguments:   bin/structure -m "/Users/ddayan/FRA/premature_migration/Rogue_Half-Pounder/rogue_half_pounder_repo/structure/halfpounder/10k_20k_adm_corr_rep2/mainparams" -e "/Users/ddayan/FRA/premature_migration/Rogue_Half-Pounder/rogue_half_pounder_repo/structure/halfpounder/10k_20k_adm_corr_rep2/extraparams" 
Input File:    /Users/ddayan/FRA/premature_migration/Rogue_Half-Pounder/rogue_half_pounder_repo/structure/halfpounder/project_data

Run parameters:
   882 individuals
   330 loci
   4 populations assumed
   10000 Burn-in period
   20000 Reps


--------------------------------------------
Proportion of membership of each pre-defined
 population in each of the 4 clusters

Given    Inferred Clusters              Number of
 Pop       1      2      3      4      Individuals

  1:     0.267  0.271  0.225  0.237      157
  2:     0.272  0.265  0.222  0.241      643
  3:     0.389  0.421  0.073  0.117       40
  4:     0.082  0.093  0.059  0.766       42
--------------------------------------------

Allele-freq. divergence among pops (Net nucleotide distance),
computed using point estimates of P.

      1       2       3       4      
 1      -    0.0008  0.0077  0.0032  
 2   0.0008     -    0.0077  0.0033  
 3   0.0077  0.0077     -    0.0099  
 4   0.0032  0.0033  0.0099     -    

Average distances (expected heterozygosity) between individuals in same cluster:
cluster  1  : 0.2858 
cluster  2  : 0.2874 
cluster  3  : 0.2560 
cluster  4  : 0.2811 

--------------------------------------------
Estimated Ln Prob of Data   = -247987.7
Mean value of ln likelihood = -246442.3
Variance of ln likelihood   = 3090.8
Mean value of alpha         = 0.2504

Mean value of Fst_1         = 0.0088
Mean value of Fst_2         = 0.0094
Mean value of Fst_3         = 0.0677
Mean value of Fst_4         = 0.0234


Inferred ancestry of individuals:
        Label (%Miss) Pop:  Inferred clusters
  1 OmyAC19ROGR    (0)    1 :  0.439 0.175 0.024 0.362 
  2 OmyAC19ROGR    (1)    1 :  0.314 0.154 0.112 0.420 
  3 OmyAC19ROGR    (1)    1 :  0.573 0.089 0.075 0.262 
  4 OmyAC19ROGR    (1)    1 :  0.332 0.414 0.036 0.218 
  5 OmyAC19ROGR    (2)    1 :  0.023 0.019 0.938 0.020 
  6 OmyAC19ROGR    (1)    1 :  0.493 0.159 0.281 0.067 
  7 OmyAC19ROGR    (1)    1 :  0.214 0.279 0.263 0.244 
  8 OmyAC19ROGR    (0)    1 :  0.257 0.474 0.021 0.248 
  9 OmyAC19ROGR    (1)    1 :  0.452 0.066 0.230 0.252 
 10 OmyAC19ROGR    (1)    1 :  0.099 0.195 0.542 0.164 
 11 OmyAC19ROGR    (0)    1 :  0.419 0.213 0.151 0.216 
 12 OmyAC19ROGR    (0)    1 :  0.635 0.151 0.150 0.063 
 13 OmyAC19ROGR    (1)    1 :  0.168 0.549 0.044 0.238 
 14 OmyAC19ROGR    (1)    1 :  0.175 0.270 0.516 0.040 
 15 OmyAC19ROGR    (2)    1 :  0.086 0.375 0.501 0.039 
 16 OmyAC19ROGR    (1)    1 :  0.293 0.365 0.142 0.199 
 17 OmyAC19ROGR    (1)    1 :  0.297 0.524 0.149 0.030 
 18 OmyAC19ROGR    (2)    1 :  0.162 0.385 0.035 0.419 
 19 OmyAC19ROGR    (1)    1 :  0.122 0.606 0.073 0.200 
 20 OmyAC19ROGR    (1)    1 :  0.231 0.466 0.262 0.041 
 21 OmyAC19ROGR    (1)    1 :  0.226 0.317 0.282 0.176 
 22 OmyAC19ROGR    (1)    1 :  0.344 0.143 0.098 0.415 
 23 OmyAC19ROGR    (1)    1 :  0.486 0.127 0.215 0.171 
 24 OmyAC19ROGR    (1)    1 :  0.081 0.055 0.023 0.840 
 25 OmyAC19ROGR    (1)    1 :  0.139 0.487 0.255 0.118 
 26 OmyAC19ROGR    (1)    1 :  0.180 0.264 0.162 0.394 
 27 OmyAC19ROGR    (1)    1 :  0.269 0.593 0.069 0.069 
 28 OmyAC19ROGR    (1)    1 :  0.052 0.034 0.031 0.882 
 29 OmyAC19ROGR    (1)    1 :  0.419 0.225 0.095 0.261 
 30 OmyAC19ROGR    (1)    1 :  0.134 0.118 0.667 0.081 
 31 OmyAC19ROGR    (1)    1 :  0.299 0.368 0.059 0.274 
 32 OmyAC19ROGR    (1)    1 :  0.217 0.281 0.165 0.337 
 33 OmyAC19ROGR    (1)    1 :  0.226 0.177 0.171 0.426 
 34 OmyAC19ROGR    (1)    1 :  0.071 0.266 0.592 0.071 
 35 OmyAC19ROGR    (0)    1 :  0.251 0.190 0.142 0.417 
 36 OmyAC19ROGR    (1)    1 :  0.506 0.152 0.229 0.113 
 37 OmyAC19ROGR    (1)    1 :  0.122 0.206 0.145 0.527 
 38 OmyAC19ROGR    (1)    1 :  0.061 0.059 0.533 0.347 
 39 OmyAC19ROGR    (1)    1 :  0.285 0.358 0.249 0.108 
 40 OmyAC19ROGR    (0)    1 :  0.324 0.301 0.318 0.058 
 41 OmyAC19ROGR    (1)    1 :  0.351 0.488 0.044 0.117 
 42 OmyAC19ROGR    (1)    1 :  0.068 0.059 0.853 0.021 
 43 OmyAC19ROGR    (1)    1 :  0.623 0.106 0.054 0.217 
 44 OmyAC19ROGR    (7)    1 :  0.697 0.108 0.064 0.131 
 45 OmyAC19ROGR    (2)    1 :  0.158 0.110 0.375 0.357 
 46 OmyAC19ROGR    (1)    1 :  0.162 0.305 0.080 0.453 
 47 OmyAC19ROGR    (0)    1 :  0.089 0.077 0.097 0.737 
 48 OmyAC19ROGR    (1)    1 :  0.566 0.194 0.064 0.175 
 49 OmyAC19ROGR    (0)    1 :  0.175 0.356 0.056 0.413 
 50 OmyAC19ROGR    (1)    1 :  0.175 0.735 0.037 0.053 
 51 OmyAC19ROGR    (2)    1 :  0.075 0.096 0.754 0.076 
 52 OmyAC19ROGR    (1)    1 :  0.043 0.040 0.881 0.035 
 53 OmyAC19ROGR    (2)    1 :  0.147 0.077 0.042 0.734 
 54 OmyAC19ROGR    (1)    1 :  0.187 0.147 0.105 0.561 
 55 OmyAC19ROGR    (3)    1 :  0.281 0.495 0.138 0.086 
 56 OmyAC19ROGR    (1)    1 :  0.111 0.219 0.119 0.550 
 57 OmyAC19ROGR    (0)    1 :  0.113 0.143 0.031 0.713 
 58 OmyAC19ROGR    (1)    1 :  0.113 0.096 0.731 0.060 
 59 OmyAC19ROGR    (0)    1 :  0.218 0.137 0.037 0.608 
 60 OmyAC19ROGR    (2)    1 :  0.397 0.287 0.186 0.130 
 61 OmyAC19ROGR    (1)    1 :  0.103 0.235 0.079 0.583 
 62 OmyAC19ROGR    (1)    1 :  0.592 0.187 0.069 0.153 
 63 OmyAC19ROGR    (0)    1 :  0.141 0.124 0.263 0.472 
 64 OmyAC19ROGR    (3)    1 :  0.392 0.357 0.090 0.160 
 65 OmyAC19ROGR    (1)    1 :  0.237 0.536 0.077 0.150 
 66 OmyAC19ROGR    (4)    1 :  0.125 0.456 0.350 0.070 
 67 OmyAC19ROGR    (0)    1 :  0.133 0.361 0.059 0.447 
 68 OmyAC19ROGR    (2)    1 :  0.235 0.121 0.074 0.570 
 69 OmyAC19ROGR    (2)    1 :  0.064 0.102 0.262 0.572 
 70 OmyAC19ROGR    (1)    1 :  0.391 0.198 0.063 0.348 
 71 OmyAC19ROGR    (0)    1 :  0.445 0.345 0.044 0.166 
 72 OmyAC19ROGR    (5)    1 :  0.547 0.209 0.035 0.209 
 73 OmyAC19ROGR    (1)    1 :  0.125 0.079 0.348 0.448 
 74 OmyAC19ROGR    (1)    1 :  0.531 0.385 0.040 0.044 
 75 OmyAC19ROGR    (1)    1 :  0.131 0.303 0.156 0.410 
 76 OmyAC19ROGR    (1)    1 :  0.118 0.086 0.052 0.743 
 77 OmyAC19ROGR    (1)    1 :  0.026 0.028 0.922 0.023 
 78 OmyAC19ROGR    (1)    1 :  0.458 0.322 0.058 0.161 
 79 OmyAC19ROGR    (2)    1 :  0.369 0.227 0.089 0.314 
 80 OmyAC19ROGR    (2)    1 :  0.070 0.077 0.750 0.103 
 81 OmyAC19ROGR    (2)    1 :  0.263 0.109 0.493 0.135 
 82 OmyAC19ROGR    (1)    1 :  0.278 0.095 0.027 0.600 
 83 OmyAC19ROGR    (0)    1 :  0.175 0.261 0.066 0.498 
 84 OmyAC19ROGR    (1)    1 :  0.439 0.222 0.251 0.088 
 85 OmyAC19ROGR    (6)    1 :  0.332 0.373 0.049 0.246 
 86 OmyAC19ROGR    (1)    1 :  0.334 0.521 0.111 0.033 
 87 OmyAC19ROGR    (2)    1 :  0.390 0.145 0.047 0.418 
 88 OmyJC19ROGR    (0)    2 :  0.036 0.063 0.872 0.030 
 89 OmyJC19ROGR    (1)    2 :  0.140 0.676 0.085 0.099 
 90 OmyJC19ROGR    (1)    2 :  0.047 0.035 0.890 0.028 
 91 OmyJC19ROGR    (2)    2 :  0.299 0.316 0.017 0.368 
 92 OmyJC19ROGR    (1)    2 :  0.120 0.151 0.063 0.667 
 93 OmyJC19ROGR    (1)    2 :  0.063 0.063 0.020 0.854 
 94 OmyJC19ROGR    (1)    2 :  0.351 0.363 0.225 0.061 
 95 OmyJC19ROGR    (0)    2 :  0.495 0.190 0.257 0.057 
 96 OmyJC19ROGR    (2)    2 :  0.197 0.558 0.111 0.134 
 97 OmyJC19ROGR    (1)    2 :  0.052 0.039 0.150 0.760 
 98 OmyJC19ROGR    (0)    2 :  0.369 0.429 0.060 0.143 
 99 OmyJC19ROGR    (0)    2 :  0.145 0.179 0.136 0.540 
100 OmyJC19ROGR    (1)    2 :  0.517 0.292 0.055 0.135 
101 OmyJC19ROGR    (1)    2 :  0.120 0.109 0.560 0.211 
102 OmyJC19ROGR    (1)    2 :  0.114 0.732 0.088 0.065 
103 OmyJC19ROGR    (2)    2 :  0.224 0.199 0.270 0.308 
104 OmyJC19ROGR    (1)    2 :  0.156 0.154 0.043 0.647 
105 OmyJC19ROGR    (1)    2 :  0.100 0.071 0.220 0.609 
106 OmyJC19ROGR    (1)    2 :  0.026 0.018 0.922 0.034 
107 OmyJC19ROGR    (2)    2 :  0.206 0.532 0.122 0.140 
108 OmyJC19ROGR    (0)    2 :  0.211 0.314 0.076 0.400 
109 OmyJC19ROGR    (1)    2 :  0.271 0.400 0.288 0.042 
110 OmyJC19ROGR    (1)    2 :  0.133 0.097 0.197 0.573 
111 OmyJC19ROGR    (1)    2 :  0.150 0.150 0.083 0.617 
112 OmyJC19ROGR    (2)    2 :  0.425 0.367 0.128 0.079 
113 OmyJC19ROGR    (1)    2 :  0.136 0.233 0.573 0.058 
114 OmyJC19ROGR    (3)    2 :  0.465 0.263 0.073 0.199 
115 OmyJC19ROGR    (2)    2 :  0.378 0.058 0.078 0.486 
116 OmyJC19ROGR    (0)    2 :  0.331 0.394 0.151 0.125 
117 OmyJC19ROGR    (1)    2 :  0.307 0.316 0.282 0.095 
118 OmyJC19ROGR    (1)    2 :  0.196 0.475 0.040 0.289 
119 OmyJC19ROGR    (3)    2 :  0.284 0.551 0.083 0.082 
120 OmyJC19ROGR    (1)    2 :  0.065 0.088 0.017 0.830 
121 OmyJC19ROGR    (0)    2 :  0.558 0.314 0.075 0.053 
122 OmyJC19ROGR    (1)    2 :  0.294 0.302 0.094 0.309 
123 OmyJC19ROGR    (1)    2 :  0.265 0.373 0.032 0.330 
124 OmyJC19ROGR    (0)    2 :  0.677 0.125 0.133 0.064 
125 OmyJC19ROGR    (1)    2 :  0.190 0.066 0.106 0.637 
126 OmyJC19ROGR    (1)    2 :  0.116 0.099 0.714 0.070 
127 OmyJC19ROGR    (1)    2 :  0.085 0.762 0.081 0.072 
128 OmyJC19ROGR    (1)    2 :  0.052 0.088 0.038 0.822 
129 OmyJC19ROGR    (1)    2 :  0.243 0.235 0.330 0.192 
130 OmyJC19ROGR    (1)    2 :  0.733 0.148 0.075 0.044 
131 OmyJC19ROGR    (1)    2 :  0.394 0.160 0.132 0.314 
132 OmyJC19ROGR    (1)    2 :  0.130 0.172 0.070 0.628 
133 OmyJC19ROGR    (1)    2 :  0.565 0.267 0.039 0.129 
134 OmyJC19ROGR    (1)    2 :  0.262 0.500 0.113 0.124 
135 OmyJC19ROGR    (1)    2 :  0.039 0.036 0.025 0.899 
136 OmyJC19ROGR    (3)    2 :  0.213 0.580 0.052 0.156 
137 OmyJC19ROGR    (1)    2 :  0.352 0.303 0.275 0.070 
138 OmyJC19ROGR    (1)    2 :  0.155 0.080 0.728 0.038 
139 OmyJC19ROGR    (2)    2 :  0.701 0.162 0.032 0.105 
140 OmyJC19ROGR    (3)    2 :  0.223 0.543 0.136 0.099 
141 OmyJC19ROGR    (0)    2 :  0.151 0.211 0.444 0.194 
142 OmyJC19ROGR    (1)    2 :  0.153 0.216 0.363 0.269 
143 OmyJC19ROGR    (0)    2 :  0.142 0.054 0.082 0.723 
144 OmyJC19ROGR    (1)    2 :  0.795 0.117 0.019 0.069 
145 OmyJC19ROGR    (1)    2 :  0.684 0.211 0.041 0.064 
146 OmyJC19ROGR    (2)    2 :  0.142 0.100 0.075 0.682 
147 OmyJC19ROGR    (1)    2 :  0.169 0.604 0.069 0.159 
148 OmyJC19ROGR    (1)    2 :  0.405 0.345 0.029 0.221 
149 OmyJC19ROGR    (2)    2 :  0.172 0.276 0.106 0.445 
150 OmyJC19ROGR    (2)    2 :  0.089 0.188 0.080 0.644 
151 OmyJC19ROGR    (1)    2 :  0.267 0.345 0.149 0.239 
152 OmyJC19ROGR    (0)    2 :  0.427 0.293 0.075 0.204 
153 OmyJC19ROGR    (1)    2 :  0.041 0.048 0.047 0.863 
154 OmyJC19ROGR    (2)    2 :  0.518 0.334 0.086 0.062 
155 OmyJC19ROGR    (1)    2 :  0.306 0.262 0.120 0.312 
156 OmyJC19ROGR    (1)    2 :  0.249 0.360 0.158 0.234 
157 OmyJC19ROGR    (0)    2 :  0.410 0.169 0.096 0.325 
158 OmyJC19ROGR    (2)    2 :  0.201 0.535 0.027 0.237 
159 OmyJC19ROGR    (1)    2 :  0.391 0.490 0.061 0.058 
160 OmyJC19ROGR    (0)    2 :  0.184 0.413 0.068 0.335 
161 OmyJC19ROGR    (1)    2 :  0.210 0.202 0.048 0.540 
162 OmyJC19ROGR    (1)    2 :  0.234 0.393 0.102 0.271 
163 OmyJC19ROGR    (1)    2 :  0.175 0.119 0.060 0.647 
164 OmyJC19ROGR    (1)    2 :  0.255 0.620 0.036 0.090 
165 OmyJC19ROGR    (0)    2 :  0.523 0.228 0.029 0.220 
166 OmyJC19ROGR    (0)    2 :  0.666 0.205 0.066 0.063 
167 OmyJC19ROGR    (2)    2 :  0.326 0.171 0.128 0.375 
168 OmyJC19ROGR    (0)    2 :  0.223 0.551 0.103 0.123 
169 OmyJC19ROGR    (1)    2 :  0.027 0.024 0.935 0.014 
170 OmyJC19ROGR    (1)    2 :  0.131 0.068 0.081 0.720 
171 OmyJC19ROGR    (1)    2 :  0.451 0.373 0.042 0.134 
172 OmyJC19ROGR    (0)    2 :  0.084 0.125 0.460 0.331 
173 OmyJC19ROGR    (1)    2 :  0.027 0.032 0.910 0.031 
174 OmyJC19ROGR    (0)    2 :  0.732 0.114 0.047 0.108 
175 OmyJC19ROGR    (1)    2 :  0.300 0.541 0.036 0.123 
176 OmyJC19ROGR    (1)    2 :  0.054 0.219 0.056 0.672 
177 OmyJC19ROGR    (1)    2 :  0.100 0.071 0.022 0.807 
178 OmyJC19ROGR    (0)    2 :  0.411 0.491 0.061 0.037 
179 OmyJC19ROGR    (1)    2 :  0.273 0.137 0.033 0.557 
180 OmyJC19ROGR    (1)    2 :  0.054 0.048 0.821 0.078 
181 OmyJC19ROGR    (1)    2 :  0.540 0.301 0.053 0.106 
182 OmyJC19ROGR    (1)    2 :  0.328 0.331 0.237 0.104 
183 OmyJC19ROGR    (1)    2 :  0.635 0.196 0.046 0.122 
184 OmyJC19ROGR    (1)    2 :  0.089 0.182 0.609 0.121 
185 OmyJC19ROGR    (2)    2 :  0.271 0.571 0.017 0.142 
186 OmyJC19ROGR    (1)    2 :  0.152 0.090 0.126 0.631 
187 OmyJC19ROGR    (0)    2 :  0.794 0.091 0.032 0.083 
188 OmyJC19ROGR    (1)    2 :  0.461 0.272 0.096 0.170 
189 OmyJC19ROGR    (0)    2 :  0.203 0.140 0.192 0.465 
190 OmyJC19ROGR    (0)    2 :  0.109 0.132 0.065 0.694 
191 OmyJC19ROGR    (2)    2 :  0.191 0.083 0.041 0.684 
192 OmyJC19ROGR    (1)    2 :  0.076 0.854 0.037 0.033 
193 OmyJC19ROGR    (1)    2 :  0.234 0.422 0.150 0.194 
194 OmyJC19ROGR    (0)    2 :  0.098 0.824 0.021 0.056 
195 OmyJC19ROGR    (1)    2 :  0.061 0.096 0.816 0.027 
196 OmyJC19ROGR    (1)    2 :  0.848 0.078 0.033 0.041 
197 OmyJC19ROGR    (1)    2 :  0.231 0.144 0.090 0.534 
198 OmyJC19ROGR    (1)    2 :  0.046 0.093 0.804 0.057 
199 OmyJC19ROGR    (0)    2 :  0.511 0.343 0.044 0.102 
200 OmyJC19ROGR    (0)    2 :  0.128 0.095 0.064 0.713 
201 OmyJC19ROGR    (1)    2 :  0.403 0.463 0.032 0.102 
202 OmyJC19ROGR    (0)    2 :  0.052 0.102 0.018 0.828 
203 OmyJC19ROGR    (0)    2 :  0.572 0.197 0.053 0.177 
204 OmyJC19ROGR    (1)    2 :  0.324 0.367 0.074 0.235 
205 OmyJC19ROGR    (1)    2 :  0.643 0.122 0.118 0.116 
206 OmyJC19ROGR    (1)    2 :  0.045 0.053 0.865 0.037 
207 OmyJC19ROGR    (1)    2 :  0.383 0.245 0.280 0.093 
208 OmyJC19ROGR    (1)    2 :  0.295 0.566 0.049 0.090 
209 OmyJC19ROGR    (0)    2 :  0.112 0.115 0.589 0.184 
210 OmyJC19ROGR    (1)    2 :  0.041 0.031 0.909 0.018 
211 OmyJC19ROGR    (0)    2 :  0.274 0.347 0.217 0.161 
212 OmyJC19ROGR    (1)    2 :  0.165 0.139 0.257 0.438 
213 OmyJC19ROGR    (1)    2 :  0.768 0.086 0.038 0.108 
214 OmyJC19ROGR    (1)    2 :  0.564 0.266 0.079 0.090 
215 OmyJC19ROGR    (1)    2 :  0.065 0.805 0.034 0.096 
216 OmyJC19ROGR    (1)    2 :  0.068 0.047 0.853 0.032 
217 OmyJC19ROGR    (1)    2 :  0.236 0.241 0.419 0.105 
218 OmyJC19ROGR    (1)    2 :  0.229 0.069 0.039 0.663 
219 OmyJC19ROGR    (1)    2 :  0.346 0.465 0.136 0.053 
220 OmyJC19ROGR    (1)    2 :  0.216 0.576 0.020 0.188 
221 OmyJC19ROGR    (0)    2 :  0.577 0.065 0.275 0.083 
222 OmyJC19ROGR    (1)    2 :  0.247 0.378 0.051 0.324 
223 OmyJC19ROGR    (0)    2 :  0.597 0.203 0.079 0.121 
224 OmyJC19ROGR    (1)    2 :  0.135 0.765 0.030 0.069 
225 OmyJC19ROGR    (1)    2 :  0.026 0.028 0.927 0.019 
226 OmyJC19ROGR    (0)    2 :  0.314 0.366 0.251 0.070 
227 OmyJC19ROGR    (1)    2 :  0.031 0.031 0.877 0.061 
228 OmyJC19ROGR    (1)    2 :  0.499 0.392 0.061 0.049 
229 OmyJC19ROGR    (2)    2 :  0.698 0.101 0.040 0.162 
230 OmyJC19ROGR    (1)    2 :  0.335 0.127 0.267 0.271 
231 OmyJC19ROGR    (1)    2 :  0.581 0.264 0.095 0.060 
232 OmyJC19ROGR    (2)    2 :  0.430 0.254 0.059 0.257 
233 OmyJC19ROGR    (1)    2 :  0.387 0.365 0.123 0.125 
234 OmyJC19ROGR    (1)    2 :  0.029 0.025 0.916 0.029 
235 OmyJC19ROGR    (0)    2 :  0.087 0.240 0.556 0.117 
236 OmyJC19ROGR    (1)    2 :  0.200 0.441 0.040 0.319 
237 OmyJC19ROGR    (1)    2 :  0.187 0.475 0.115 0.224 
238 OmyJC19ROGR    (0)    2 :  0.326 0.443 0.164 0.067 
239 OmyJC19ROGR    (1)    2 :  0.100 0.694 0.124 0.083 
240 OmyJC19ROGR    (1)    2 :  0.669 0.160 0.059 0.112 
241 OmyJC19ROGR    (0)    2 :  0.118 0.133 0.106 0.643 
242 OmyJC19ROGR    (1)    2 :  0.121 0.570 0.028 0.281 
243 OmyJC19ROGR    (1)    2 :  0.274 0.201 0.070 0.455 
244 OmyJC19ROGR    (1)    2 :  0.396 0.128 0.093 0.383 
245 OmyJC19ROGR    (0)    2 :  0.021 0.022 0.935 0.022 
246 OmyJC19ROGR    (1)    2 :  0.104 0.103 0.187 0.606 
247 OmyJC19ROGR    (0)    2 :  0.178 0.117 0.541 0.164 
248 OmyJC19ROGR    (1)    2 :  0.185 0.100 0.607 0.109 
249 OmyJC19ROGR    (1)    2 :  0.577 0.259 0.086 0.079 
250 OmyJC19ROGR    (0)    2 :  0.335 0.305 0.171 0.189 
251 OmyJC19ROGR    (1)    2 :  0.636 0.186 0.073 0.105 
252 OmyJC19ROGR    (0)    2 :  0.092 0.038 0.040 0.830 
253 OmyJC19ROGR    (0)    2 :  0.294 0.516 0.097 0.093 
254 OmyJC19ROGR    (1)    2 :  0.170 0.200 0.080 0.550 
255 OmyJC19ROGR    (1)    2 :  0.218 0.079 0.048 0.655 
256 OmyJC19ROGR    (1)    2 :  0.151 0.097 0.360 0.393 
257 OmyJC19ROGR    (0)    2 :  0.670 0.131 0.097 0.102 
258 OmyAC19ROGR    (1)    1 :  0.256 0.232 0.291 0.221 
259 OmyAC19ROGR    (2)    1 :  0.101 0.223 0.545 0.131 
260 OmyAC19ROGR    (1)    1 :  0.161 0.663 0.040 0.136 
261 OmyAC19ROGR    (0)    1 :  0.405 0.443 0.084 0.069 
262 OmyAC19ROGR    (1)    1 :  0.290 0.305 0.174 0.231 
263 OmyAC19ROGR    (0)    1 :  0.264 0.159 0.050 0.527 
264 OmyAC19ROGR    (1)    1 :  0.551 0.247 0.098 0.105 
265 OmyAC19ROGR    (1)    1 :  0.290 0.495 0.068 0.147 
266 OmyAC19ROGR    (1)    1 :  0.768 0.146 0.024 0.061 
267 OmyAC19ROGR    (1)    1 :  0.353 0.285 0.202 0.160 
268 OmyAC19ROGR    (2)    1 :  0.153 0.129 0.179 0.539 
269 OmyAC19ROGR    (1)    1 :  0.370 0.288 0.240 0.102 
270 OmyAC19ROGR    (1)    1 :  0.259 0.073 0.049 0.620 
271 OmyAC19ROGR    (1)    1 :  0.251 0.199 0.437 0.113 
272 OmyAC19ROGR    (0)    1 :  0.496 0.216 0.235 0.052 
273 OmyAC19ROGR    (0)    1 :  0.280 0.415 0.060 0.245 
274 OmyAC19ROGR    (1)    1 :  0.079 0.062 0.813 0.046 
275 OmyAC19ROGR    (1)    1 :  0.189 0.361 0.170 0.280 
276 OmyAC19ROGR    (1)    1 :  0.191 0.630 0.084 0.096 
277 OmyAC19ROGR    (1)    1 :  0.441 0.364 0.124 0.071 
278 OmyAC19ROGR    (1)    1 :  0.249 0.316 0.366 0.069 
279 OmyAC19ROGR    (0)    1 :  0.141 0.575 0.226 0.059 
280 OmyAC19ROGR    (1)    1 :  0.246 0.159 0.155 0.440 
281 OmyAC19ROGR    (1)    1 :  0.341 0.479 0.073 0.108 
282 OmyAC19ROGR    (1)    1 :  0.286 0.262 0.256 0.196 
283 OmyAC19ROGR    (1)    1 :  0.399 0.407 0.079 0.115 
284 OmyAC19ROGR    (0)    1 :  0.609 0.147 0.043 0.202 
285 OmyAC19ROGR    (1)    1 :  0.176 0.370 0.068 0.386 
286 OmyAC19ROGR    (1)    1 :  0.243 0.518 0.038 0.200 
287 OmyAC19ROGR    (1)    1 :  0.016 0.015 0.956 0.012 
288 OmyAC19ROGR    (1)    1 :  0.069 0.099 0.765 0.067 
289 OmyAC19ROGR    (1)    1 :  0.351 0.426 0.153 0.071 
290 OmyAC19ROGR    (1)    1 :  0.026 0.025 0.926 0.023 
291 OmyAC19ROGR    (1)    1 :  0.171 0.124 0.464 0.240 
292 OmyAC19ROGR    (1)    1 :  0.286 0.335 0.297 0.082 
293 OmyAC19ROGR    (1)    1 :  0.151 0.113 0.047 0.689 
294 OmyAC19ROGR    (1)    1 :  0.349 0.313 0.277 0.061 
295 OmyAC19ROGR    (0)    1 :  0.333 0.365 0.037 0.265 
296 OmyAC19ROGR    (0)    1 :  0.163 0.680 0.046 0.110 
297 OmyAC19ROGR    (1)    1 :  0.083 0.058 0.818 0.040 
298 OmyAC19ROGR    (0)    1 :  0.366 0.549 0.036 0.048 
299 OmyAC19ROGR    (1)    1 :  0.113 0.207 0.271 0.408 
300 OmyAC19ROGR    (1)    1 :  0.252 0.561 0.065 0.122 
301 OmyAC19ROGR    (0)    1 :  0.047 0.042 0.881 0.029 
302 OmyAC19ROGR    (1)    1 :  0.178 0.260 0.487 0.075 
303 OmyAC19ROGR    (1)    1 :  0.208 0.526 0.180 0.086 
304 OmyAC19ROGR    (1)    1 :  0.111 0.566 0.198 0.125 
305 OmyAC19ROGR    (1)    1 :  0.326 0.468 0.050 0.156 
306 OmyAC19ROGR    (1)    1 :  0.203 0.091 0.683 0.024 
307 OmyAC19ROGR    (2)    1 :  0.272 0.352 0.033 0.343 
308 OmyAC19ROGR    (0)    1 :  0.356 0.408 0.149 0.087 
309 OmyAC19ROGR    (2)    1 :  0.027 0.029 0.918 0.026 
310 OmyAC19ROGR    (0)    1 :  0.166 0.255 0.480 0.099 
311 OmyAC19ROGR    (0)    1 :  0.124 0.248 0.565 0.063 
312 OmyAC19ROGR    (0)    1 :  0.103 0.151 0.052 0.694 
313 OmyAC19ROGR    (1)    1 :  0.420 0.397 0.025 0.158 
314 OmyAC19ROGR    (0)    1 :  0.119 0.100 0.062 0.719 
315 OmyAC19ROGR    (1)    1 :  0.603 0.165 0.094 0.139 
316 OmyAC19ROGR    (1)    1 :  0.405 0.436 0.045 0.114 
317 OmyAC19ROGR    (1)    1 :  0.148 0.281 0.068 0.503 
318 OmyAC19ROGR    (1)    1 :  0.249 0.170 0.043 0.538 
319 OmyAC19ROGR    (1)    1 :  0.439 0.344 0.034 0.184 
320 OmyAC19ROGR    (0)    1 :  0.322 0.549 0.022 0.107 
321 OmyAC19ROGR    (1)    1 :  0.295 0.554 0.039 0.113 
322 OmyAC19ROGR    (0)    1 :  0.231 0.304 0.386 0.079 
323 OmyAC19ROGR    (1)    1 :  0.474 0.455 0.036 0.035 
324 OmyAC19ROGR    (1)    1 :  0.532 0.205 0.038 0.225 
325 OmyAC19ROGR    (1)    1 :  0.281 0.138 0.486 0.095 
326 OmyAC19ROGR    (1)    1 :  0.623 0.237 0.078 0.063 
327 OmyAC19ROGR    (1)    1 :  0.399 0.343 0.055 0.203 
328 OmyJC18ROGR    (1)    2 :  0.140 0.147 0.059 0.654 
329 OmyJC18ROGR    (0)    2 :  0.641 0.180 0.098 0.081 
330 OmyJC18ROGR    (0)    2 :  0.634 0.251 0.079 0.036 
331 OmyJC18ROGR    (1)    2 :  0.114 0.116 0.681 0.088 
332 OmyJC18ROGR    (1)    2 :  0.060 0.087 0.761 0.092 
333 OmyJC18ROGR    (1)    2 :  0.049 0.058 0.856 0.037 
334 OmyJC18ROGR    (1)    2 :  0.397 0.144 0.230 0.229 
335 OmyJC18ROGR    (0)    2 :  0.162 0.226 0.035 0.576 
336 OmyJC18ROGR    (1)    2 :  0.043 0.042 0.893 0.023 
337 OmyJC18ROGR    (1)    2 :  0.511 0.388 0.039 0.062 
338 OmyJC18ROGR    (1)    2 :  0.042 0.043 0.890 0.024 
339 OmyJC18ROGR    (1)    2 :  0.620 0.253 0.062 0.065 
340 OmyJC18ROGR    (0)    2 :  0.130 0.168 0.170 0.532 
341 OmyJC18ROGR    (1)    2 :  0.236 0.390 0.022 0.353 
342 OmyJC18ROGR    (2)    2 :  0.195 0.251 0.444 0.110 
343 OmyJC18ROGR    (2)    2 :  0.167 0.154 0.366 0.314 
344 OmyJC18ROGR    (3)    2 :  0.100 0.234 0.516 0.150 
345 OmyJC18ROGR    (2)    2 :  0.119 0.083 0.699 0.099 
346 OmyJC18ROGR    (4)    2 :  0.748 0.186 0.034 0.033 
347 OmyJC18ROGR    (3)    2 :  0.341 0.530 0.072 0.057 
348 OmyJC18ROGR    (1)    2 :  0.387 0.268 0.230 0.115 
349 OmyJC18ROGR    (1)    2 :  0.137 0.748 0.048 0.067 
350 OmyJC18ROGR    (1)    2 :  0.299 0.573 0.063 0.066 
351 OmyJC18ROGR    (0)    2 :  0.050 0.175 0.735 0.040 
352 OmyJC18ROGR    (4)    2 :  0.248 0.150 0.489 0.114 
353 OmyJC18ROGR    (2)    2 :  0.425 0.142 0.219 0.214 
354 OmyJC18ROGR    (1)    2 :  0.683 0.140 0.102 0.075 
355 OmyJC18ROGR    (2)    2 :  0.686 0.162 0.058 0.093 
356 OmyJC18ROGR    (1)    2 :  0.244 0.225 0.054 0.477 
357 OmyJC18ROGR    (2)    2 :  0.043 0.049 0.700 0.208 
358 OmyJC18ROGR    (2)    2 :  0.229 0.224 0.025 0.522 
359 OmyJC18ROGR    (3)    2 :  0.179 0.578 0.107 0.137 
360 OmyJC18ROGR    (0)    2 :  0.211 0.160 0.075 0.554 
361 OmyJC18ROGR    (1)    2 :  0.671 0.223 0.024 0.082 
362 OmyJC18ROGR    (1)    2 :  0.461 0.222 0.217 0.100 
363 OmyJC18ROGR    (2)    2 :  0.257 0.159 0.301 0.283 
364 OmyJC18ROGR    (3)    2 :  0.109 0.786 0.030 0.075 
365 OmyJC18ROGR    (4)    2 :  0.576 0.313 0.060 0.050 
366 OmyJC18ROGR    (4)    2 :  0.159 0.271 0.051 0.519 
367 OmyJC18ROGR    (3)    2 :  0.079 0.070 0.804 0.047 
368 OmyJC18ROGR    (3)    2 :  0.189 0.298 0.414 0.099 
369 OmyJC18ROGR    (2)    2 :  0.318 0.118 0.097 0.466 
370 OmyJC18ROGR    (3)    2 :  0.525 0.271 0.082 0.122 
371 OmyJC18ROGR    (1)    2 :  0.391 0.337 0.053 0.219 
372 OmyJC18ROGR    (3)    2 :  0.152 0.529 0.134 0.185 
373 OmyJC18ROGR    (5)    2 :  0.138 0.115 0.121 0.626 
374 OmyJC18ROGR    (5)    2 :  0.075 0.104 0.025 0.796 
375 OmyJC18ROGR    (3)    2 :  0.411 0.389 0.127 0.073 
376 OmyJC18ROGR    (3)    2 :  0.043 0.051 0.879 0.027 
377 OmyJC18ROGR    (4)    2 :  0.110 0.110 0.234 0.545 
378 OmyJC18ROGR    (0)    2 :  0.203 0.470 0.103 0.224 
379 OmyJC18ROGR    (5)    2 :  0.300 0.325 0.153 0.222 
380 OmyJC18ROGR    (4)    2 :  0.373 0.129 0.207 0.290 
381 OmyJC18ROGR    (1)    2 :  0.188 0.558 0.064 0.190 
382 OmyJC18ROGR    (1)    2 :  0.365 0.353 0.060 0.222 
383 OmyJC18ROGR    (3)    2 :  0.273 0.122 0.508 0.098 
384 OmyJC18ROGR    (2)    2 :  0.195 0.515 0.248 0.041 
385 OmyJC18ROGR    (4)    2 :  0.745 0.162 0.058 0.036 
386 OmyJC18ROGR    (2)    2 :  0.164 0.399 0.395 0.042 
387 OmyJC18ROGR    (1)    2 :  0.094 0.203 0.342 0.360 
388 OmyJC18ROGR    (6)    2 :  0.209 0.245 0.081 0.465 
389 OmyJC18ROGR    (1)    2 :  0.509 0.247 0.168 0.077 
390 OmyJC18ROGR    (1)    2 :  0.278 0.509 0.096 0.118 
391 OmyJC18ROGR    (3)    2 :  0.041 0.044 0.863 0.052 
392 OmyJC18ROGR    (2)    2 :  0.330 0.312 0.046 0.313 
393 OmyJC18ROGR    (4)    2 :  0.083 0.046 0.089 0.781 
394 OmyJC18ROGR    (3)    2 :  0.078 0.123 0.762 0.037 
395 OmyJC18ROGR    (7)    2 :  0.142 0.087 0.260 0.511 
396 OmyJC18ROGR    (4)    2 :  0.073 0.115 0.587 0.225 
397 OmyJC18ROGR    (1)    2 :  0.322 0.423 0.074 0.180 
398 OmyJC18ROGR    (3)    2 :  0.462 0.118 0.233 0.188 
399 OmyJC18ROGR    (2)    2 :  0.165 0.141 0.385 0.309 
400 OmyJC18ROGR    (0)    2 :  0.538 0.267 0.074 0.122 
401 OmyJC18ROGR    (6)    2 :  0.096 0.065 0.076 0.762 
402 OmyJC18ROGR    (5)    2 :  0.158 0.066 0.263 0.513 
403 OmyJC18ROGR    (1)    2 :  0.227 0.275 0.181 0.317 
404 OmyJC18ROGR    (2)    2 :  0.327 0.458 0.152 0.063 
405 OmyJC18ROGR    (3)    2 :  0.274 0.545 0.056 0.125 
406 OmyJC18ROGR    (2)    2 :  0.484 0.418 0.051 0.047 
407 OmyJC18ROGR    (2)    2 :  0.108 0.413 0.141 0.338 
408 OmyJC18ROGR    (2)    2 :  0.150 0.350 0.144 0.356 
409 OmyJC18ROGR    (1)    2 :  0.389 0.197 0.047 0.367 
410 OmyJC18ROGR    (1)    2 :  0.602 0.274 0.034 0.090 
411 OmyJC18ROGR    (1)    2 :  0.715 0.116 0.053 0.116 
412 OmyJC18ROGR    (0)    2 :  0.111 0.815 0.028 0.046 
413 OmyJC18ROGR    (1)    2 :  0.593 0.314 0.050 0.043 
414 OmyJC18ROGR    (2)    2 :  0.375 0.518 0.034 0.072 
415 OmyJC18ROGR    (2)    2 :  0.710 0.080 0.026 0.184 
416 OmyJC18ROGR    (3)    2 :  0.463 0.364 0.093 0.081 
417 OmyJC18ROGR    (1)    2 :  0.276 0.222 0.066 0.437 
418 OmyJC18ROGR    (0)    2 :  0.108 0.053 0.046 0.793 
419 OmyJC18ROGR    (1)    2 :  0.302 0.211 0.038 0.449 
420 OmyJC18ROGR    (0)    2 :  0.797 0.119 0.043 0.041 
421 OmyJC18ROGR    (1)    2 :  0.264 0.573 0.070 0.094 
422 OmyJC18ROGR    (6)    2 :  0.464 0.272 0.080 0.184 
423 OmyJC18ROGR    (2)    2 :  0.681 0.132 0.067 0.120 
424 OmyJC18ROGR    (1)    2 :  0.376 0.118 0.261 0.244 
425 OmyJC18ROGR    (1)    2 :  0.342 0.209 0.351 0.098 
426 OmyJC18ROGR    (3)    2 :  0.377 0.348 0.046 0.229 
427 OmyJC18ROGR    (2)    2 :  0.064 0.278 0.633 0.025 
428 OmyJC18ROGR    (6)    2 :  0.836 0.096 0.023 0.045 
429 OmyJC18ROGR    (1)    2 :  0.449 0.289 0.223 0.039 
430 OmyJC18ROGR    (1)    2 :  0.278 0.301 0.178 0.242 
431 OmyJC18ROGR    (0)    2 :  0.664 0.200 0.070 0.066 
432 OmyJC18ROGR    (2)    2 :  0.051 0.065 0.815 0.069 
433 OmyJC18ROGR    (2)    2 :  0.078 0.106 0.096 0.720 
434 OmyJC18ROGR    (2)    2 :  0.603 0.145 0.167 0.085 
435 OmyJC18ROGR    (8)    2 :  0.385 0.355 0.096 0.164 
436 OmyJC18ROGR    (2)    2 :  0.551 0.243 0.041 0.165 
437 OmyJC18ROGR    (4)    2 :  0.456 0.238 0.045 0.262 
438 OmyJC18ROGR    (1)    2 :  0.081 0.048 0.080 0.791 
439 OmyJC18ROGR    (2)    2 :  0.147 0.151 0.578 0.124 
440 OmyJC18ROGR    (0)    2 :  0.054 0.038 0.128 0.780 
441 OmyJC18ROGR    (1)    2 :  0.122 0.791 0.037 0.050 
442 OmyJC18ROGR    (6)    2 :  0.124 0.508 0.155 0.213 
443 OmyJC18ROGR    (1)    2 :  0.239 0.676 0.028 0.056 
444 OmyJC18ROGR    (6)    2 :  0.335 0.147 0.055 0.463 
445 OmyJC18ROGR    (2)    2 :  0.487 0.131 0.106 0.276 
446 OmyJC18ROGR    (3)    2 :  0.178 0.102 0.323 0.397 
447 OmyJC18ROGR    (2)    2 :  0.207 0.526 0.131 0.137 
448 OmyJC18ROGR    (3)    2 :  0.257 0.559 0.089 0.095 
449 OmyJC18ROGR    (1)    2 :  0.191 0.677 0.039 0.093 
450 OmyJC18ROGR    (4)    2 :  0.492 0.072 0.225 0.212 
451 OmyJC18ROGR    (3)    2 :  0.445 0.373 0.059 0.124 
452 OmyJC18ROGR    (1)    2 :  0.398 0.461 0.091 0.050 
453 OmyJC18ROGR    (1)    2 :  0.549 0.390 0.028 0.033 
454 OmyJC18ROGR    (4)    2 :  0.125 0.324 0.071 0.480 
455 OmyJC18ROGR    (4)    2 :  0.128 0.205 0.490 0.177 
456 OmyJC18ROGR    (5)    2 :  0.561 0.175 0.164 0.100 
457 OmyJC18ROGR    (3)    2 :  0.275 0.132 0.041 0.552 
458 OmyJC18ROGR    (1)    2 :  0.423 0.299 0.069 0.208 
459 OmyJC18ROGR    (1)    2 :  0.046 0.050 0.876 0.029 
460 OmyJC18ROGR    (2)    2 :  0.491 0.387 0.048 0.075 
461 OmyJC18ROGR    (1)    2 :  0.070 0.058 0.784 0.088 
462 OmyJC18ROGR    (1)    2 :  0.206 0.371 0.022 0.400 
463 OmyJC18ROGR    (4)    2 :  0.185 0.640 0.070 0.104 
464 OmyJC18ROGR    (6)    2 :  0.325 0.295 0.036 0.344 
465 OmyJC18ROGR    (3)    2 :  0.284 0.113 0.051 0.552 
466 OmyJC18ROGR    (3)    2 :  0.294 0.320 0.096 0.291 
467 OmyJC18ROGR    (2)    2 :  0.422 0.338 0.119 0.122 
468 OmyJC18ROGR    (2)    2 :  0.616 0.234 0.024 0.126 
469 OmyJC18ROGR    (1)    2 :  0.028 0.025 0.924 0.023 
470 OmyJC18ROGR    (0)    2 :  0.069 0.105 0.277 0.549 
471 OmyJC18ROGR    (2)    2 :  0.666 0.127 0.104 0.103 
472 OmyJC18ROGR    (2)    2 :  0.743 0.210 0.014 0.033 
473 OmyJC18ROGR    (1)    2 :  0.456 0.328 0.108 0.108 
474 OmyJC18ROGR    (3)    2 :  0.695 0.143 0.078 0.085 
475 OmyJC18ROGR    (1)    2 :  0.138 0.225 0.125 0.512 
476 OmyJC18ROGR    (2)    2 :  0.398 0.416 0.059 0.127 
477 OmyJC18ROGR    (0)    2 :  0.318 0.159 0.125 0.398 
478 OmyJC18ROGR    (1)    2 :  0.401 0.388 0.101 0.111 
479 OmyJC18ROGR    (1)    2 :  0.506 0.181 0.066 0.248 
480 OmyJC18ROGR    (1)    2 :  0.494 0.285 0.122 0.099 
481 OmyJC18ROGR    (1)    2 :  0.400 0.460 0.058 0.083 
482 OmyJC18ROGR    (1)    2 :  0.224 0.148 0.046 0.583 
483 OmyJC18ROGR    (0)    2 :  0.242 0.492 0.043 0.223 
484 OmyJC18ROGR    (0)    2 :  0.106 0.749 0.079 0.066 
485 OmyJC18ROGR    (0)    2 :  0.218 0.211 0.039 0.533 
486 OmyJC18ROGR    (0)    2 :  0.398 0.312 0.065 0.225 
487 OmyJC18ROGR    (1)    2 :  0.095 0.091 0.044 0.770 
488 OmyJC18ROGR    (1)    2 :  0.295 0.147 0.100 0.458 
489 OmyJC18ROGR    (1)    2 :  0.275 0.597 0.068 0.060 
490 OmyJC18ROGR    (0)    2 :  0.439 0.489 0.031 0.041 
491 OmyJC18ROGR    (0)    2 :  0.098 0.224 0.077 0.601 
492 OmyJC18ROGR    (5)    2 :  0.039 0.044 0.807 0.110 
493 OmyJC18ROGR    (1)    2 :  0.207 0.179 0.318 0.296 
494 OmyJC18ROGR    (3)    2 :  0.560 0.194 0.054 0.192 
495 OmyJC18ROGR    (1)    2 :  0.426 0.186 0.118 0.269 
496 OmyJC18ROGR    (1)    2 :  0.766 0.072 0.122 0.040 
497 OmyJC18ROGR    (1)    2 :  0.582 0.133 0.024 0.261 
498 OmyJC18ROGR    (1)    2 :  0.140 0.433 0.086 0.340 
499 OmyJC18ROGR    (1)    2 :  0.265 0.368 0.055 0.311 
500 OmyJC18ROGR    (1)    2 :  0.449 0.377 0.121 0.053 
501 OmyJC18ROGR    (2)    2 :  0.267 0.107 0.035 0.590 
502 OmyJC18ROGR    (1)    2 :  0.088 0.107 0.273 0.532 
503 OmyJC18ROGR    (2)    2 :  0.237 0.330 0.140 0.294 
504 OmyJC18ROGR    (2)    2 :  0.169 0.136 0.090 0.605 
505 OmyJC18ROGR    (2)    2 :  0.518 0.218 0.115 0.148 
506 OmyJC18ROGR    (3)    2 :  0.720 0.087 0.068 0.125 
507 OmyJC18ROGR    (1)    2 :  0.636 0.176 0.126 0.062 
508 OmyJC18ROGR    (7)    2 :  0.721 0.135 0.045 0.100 
509 OmyJC18ROGR    (1)    2 :  0.239 0.176 0.202 0.382 
510 OmyJC18ROGR    (1)    2 :  0.017 0.029 0.933 0.022 
511 OmyJC18ROGR    (2)    2 :  0.138 0.122 0.169 0.571 
512 OmyJC18ROGR    (1)    2 :  0.245 0.135 0.036 0.584 
513 OmyJC18ROGR    (3)    2 :  0.452 0.428 0.046 0.074 
514 OmyJC18ROGR    (1)    2 :  0.057 0.047 0.032 0.864 
515 OmyJC18ROGR    (5)    2 :  0.450 0.410 0.042 0.097 
516 OmyJC18ROGR    (3)    2 :  0.098 0.055 0.348 0.499 
517 OmyJC18ROGR    (1)    2 :  0.167 0.368 0.027 0.438 
518 OmyJC18ROGR    (1)    2 :  0.114 0.162 0.550 0.174 
519 OmyJC18ROGR    (0)    2 :  0.456 0.110 0.131 0.303 
520 OmyJC18ROGR    (0)    2 :  0.115 0.628 0.048 0.209 
521 OmyJC18ROGR    (2)    2 :  0.494 0.212 0.127 0.167 
522 OmyJC18ROGR    (2)    2 :  0.366 0.108 0.405 0.121 
523 OmyJC18ROGR    (1)    2 :  0.123 0.124 0.340 0.413 
524 OmyJC18ROGR    (3)    2 :  0.540 0.151 0.167 0.143 
525 OmyJC18ROGR    (1)    2 :  0.208 0.394 0.063 0.335 
526 OmyJC18ROGR    (7)    2 :  0.442 0.446 0.025 0.086 
527 OmyJC18ROGR    (4)    2 :  0.384 0.407 0.117 0.092 
528 OmyJC18ROGR    (1)    2 :  0.160 0.502 0.032 0.306 
529 OmyJC18ROGR    (2)    2 :  0.351 0.540 0.037 0.072 
530 OmyJC18ROGR    (1)    2 :  0.266 0.123 0.086 0.526 
531 OmyJC18ROGR    (2)    2 :  0.155 0.677 0.044 0.124 
532 OmyJC18ROGR    (2)    2 :  0.450 0.355 0.026 0.169 
533 OmyJC18ROGR    (5)    2 :  0.033 0.038 0.883 0.046 
534 OmyJC18ROGR    (2)    2 :  0.528 0.181 0.125 0.166 
535 OmyJC18ROGR    (3)    2 :  0.187 0.287 0.072 0.454 
536 OmyJC18ROGR    (0)    2 :  0.513 0.253 0.158 0.076 
537 OmyJC18ROGR    (3)    2 :  0.323 0.233 0.299 0.144 
538 OmyJC18ROGR    (1)    2 :  0.355 0.360 0.051 0.233 
539 OmyJC18ROGR    (1)    2 :  0.317 0.168 0.079 0.436 
540 OmyJC18ROGR    (1)    2 :  0.353 0.434 0.061 0.152 
541 OmyJC18ROGR    (5)    2 :  0.227 0.305 0.019 0.449 
542 OmyJC18ROGR    (4)    2 :  0.331 0.410 0.130 0.129 
543 OmyJC18ROGR    (2)    2 :  0.320 0.212 0.023 0.444 
544 OmyJC18ROGR    (2)    2 :  0.434 0.079 0.068 0.419 
545 OmyJC18ROGR    (2)    2 :  0.135 0.285 0.338 0.241 
546 OmyJC18ROGR    (1)    2 :  0.291 0.251 0.062 0.396 
547 OmyJC18ROGR    (1)    2 :  0.317 0.241 0.093 0.349 
548 OmyJC18ROGR    (1)    2 :  0.096 0.069 0.782 0.053 
549 OmyJC18ROGR    (1)    2 :  0.079 0.385 0.313 0.223 
550 OmyJC18ROGR    (2)    2 :  0.280 0.313 0.308 0.099 
551 OmyJC18ROGR    (4)    2 :  0.187 0.565 0.171 0.077 
552 OmyJC18ROGR    (6)    2 :  0.404 0.525 0.045 0.026 
553 OmyJC18ROGR    (3)    2 :  0.066 0.042 0.039 0.854 
554 OmyJC18ROGR    (1)    2 :  0.234 0.198 0.028 0.541 
555 OmyJC18ROGR    (4)    2 :  0.205 0.281 0.038 0.476 
556 OmyJC18ROGR    (2)    2 :  0.297 0.344 0.112 0.248 
557 OmyJC18ROGR    (0)    2 :  0.427 0.356 0.042 0.175 
558 OmyJC18ROGR    (2)    2 :  0.192 0.227 0.082 0.499 
559 OmyJC18ROGR    (3)    2 :  0.149 0.370 0.367 0.114 
560 OmyJC18ROGR    (6)    2 :  0.072 0.350 0.037 0.540 
561 OmyJC18ROGR    (1)    2 :  0.279 0.472 0.203 0.046 
562 OmyJC18ROGR    (2)    2 :  0.157 0.114 0.075 0.654 
563 OmyJC18ROGR    (2)    2 :  0.085 0.258 0.355 0.302 
564 OmyJC18ROGR    (1)    2 :  0.267 0.171 0.410 0.152 
565 OmyJC18ROGR    (1)    2 :  0.587 0.290 0.073 0.049 
566 OmyJC18ROGR    (1)    2 :  0.605 0.234 0.032 0.129 
567 OmyJC18ROGR    (1)    2 :  0.211 0.675 0.051 0.063 
568 OmyJC18ROGR    (1)    2 :  0.163 0.695 0.029 0.114 
569 OmyJC18ROGR    (3)    2 :  0.424 0.391 0.054 0.131 
570 OmyJC18ROGR    (1)    2 :  0.230 0.139 0.298 0.332 
571 OmyJC18ROGR    (2)    2 :  0.116 0.183 0.585 0.116 
572 OmyJC18ROGR    (5)    2 :  0.112 0.092 0.182 0.613 
573 OmyJC18ROGR    (5)    2 :  0.098 0.480 0.208 0.214 
574 OmyJC18ROGR    (1)    2 :  0.129 0.626 0.187 0.058 
575 OmyJC18ROGR    (2)    2 :  0.200 0.378 0.045 0.377 
576 OmyJC18ROGR    (0)    2 :  0.096 0.179 0.026 0.699 
577 OmyJC18ROGR    (1)    2 :  0.180 0.398 0.330 0.093 
578 OmyJC18ROGR    (1)    2 :  0.077 0.862 0.032 0.029 
579 OmyJC18ROGR    (2)    2 :  0.188 0.256 0.088 0.468 
580 OmyJC18ROGR    (1)    2 :  0.294 0.287 0.024 0.396 
581 OmyJC18ROGR    (1)    2 :  0.130 0.125 0.126 0.618 
582 OmyJC18ROGR    (0)    2 :  0.624 0.211 0.106 0.059 
583 OmyJC18ROGR    (1)    2 :  0.182 0.396 0.078 0.344 
584 OmyJC18ROGR    (2)    2 :  0.070 0.371 0.314 0.246 
585 OmyJC18ROGR    (1)    2 :  0.212 0.477 0.273 0.038 
586 OmyJC18ROGR    (0)    2 :  0.098 0.163 0.628 0.112 
587 OmyJC18ROGR    (1)    2 :  0.614 0.147 0.039 0.201 
588 OmyJC18ROGR    (0)    2 :  0.096 0.270 0.491 0.144 
589 OmyJC18ROGR    (2)    2 :  0.075 0.042 0.038 0.845 
590 OmyJC18ROGR    (2)    2 :  0.476 0.113 0.169 0.242 
591 OmyJC18ROGR    (1)    2 :  0.109 0.273 0.435 0.182 
592 OmyJC18ROGR    (1)    2 :  0.340 0.261 0.055 0.344 
593 OmyJC18ROGR    (1)    2 :  0.274 0.374 0.299 0.053 
594 OmyJC18ROGR    (3)    2 :  0.496 0.294 0.053 0.157 
595 OmyJC18ROGR    (1)    2 :  0.071 0.693 0.121 0.115 
596 OmyJC18ROGR    (1)    2 :  0.610 0.194 0.095 0.101 
597 OmyJC18ROGR    (1)    2 :  0.400 0.419 0.114 0.067 
598 OmyJC18ROGR    (1)    2 :  0.154 0.137 0.618 0.090 
599 OmyJC18ROGR    (1)    2 :  0.173 0.255 0.099 0.473 
600 OmyJC18ROGR    (2)    2 :  0.177 0.235 0.055 0.533 
601 OmyJC18ROGR    (7)    2 :  0.051 0.143 0.020 0.786 
602 OmyJC18ROGR    (3)    2 :  0.765 0.097 0.083 0.055 
603 OmyJC18ROGR    (1)    2 :  0.273 0.253 0.068 0.407 
604 OmyJC18ROGR    (1)    2 :  0.238 0.470 0.060 0.232 
605 OmyJC18ROGR    (1)    2 :  0.223 0.178 0.038 0.560 
606 OmyJC18ROGR    (1)    2 :  0.163 0.295 0.460 0.081 
607 OmyJC18ROGR    (1)    2 :  0.502 0.216 0.074 0.208 
608 OmyJC18ROGR    (1)    2 :  0.374 0.176 0.061 0.388 
609 OmyJC18ROGR    (1)    2 :  0.048 0.066 0.054 0.831 
610 OmyJC18ROGR    (1)    2 :  0.309 0.154 0.212 0.326 
611 OmyJC18ROGR    (1)    2 :  0.461 0.158 0.072 0.309 
612 OmyJC18ROGR    (1)    2 :  0.411 0.336 0.162 0.092 
613 OmyJC18ROGR    (2)    2 :  0.142 0.098 0.616 0.143 
614 OmyJC18ROGR    (1)    2 :  0.085 0.045 0.276 0.593 
615 OmyJC18ROGR    (1)    2 :  0.568 0.310 0.043 0.080 
616 OmyJC18ROGR    (1)    2 :  0.718 0.166 0.051 0.065 
617 OmyJC18ROGR    (1)    2 :  0.596 0.105 0.031 0.268 
618 OmyJC18ROGR    (0)    2 :  0.386 0.394 0.173 0.046 
619 OmyJC18ROGR    (1)    2 :  0.183 0.656 0.101 0.061 
620 OmyJC18ROGR    (1)    2 :  0.273 0.276 0.306 0.145 
621 OmyJC18ROGR    (1)    2 :  0.235 0.186 0.209 0.370 
622 OmyJC18ROGR    (1)    2 :  0.535 0.163 0.017 0.285 
623 OmyJC18ROGR    (1)    2 :  0.147 0.456 0.324 0.073 
624 OmyJC18ROGR    (0)    2 :  0.110 0.565 0.102 0.223 
625 OmyJC18ROGR    (0)    2 :  0.109 0.810 0.048 0.033 
626 OmyJC18ROGR    (1)    2 :  0.746 0.121 0.025 0.108 
627 OmyJC18ROGR    (1)    2 :  0.617 0.281 0.034 0.069 
628 OmyJC18ROGR    (1)    2 :  0.160 0.234 0.544 0.062 
629 OmyJC18ROGR    (1)    2 :  0.041 0.031 0.911 0.017 
630 OmyJC18ROGR    (2)    2 :  0.055 0.821 0.077 0.047 
631 OmyJC18ROGR    (5)    2 :  0.077 0.133 0.317 0.473 
632 OmyJC18ROGR    (2)    2 :  0.496 0.285 0.070 0.149 
633 OmyJC18ROGR    (1)    2 :  0.227 0.413 0.328 0.032 
634 OmyJC18ROGR    (4)    2 :  0.299 0.367 0.027 0.307 
635 OmyJC18ROGR    (1)    2 :  0.129 0.824 0.025 0.023 
636 OmyJC18ROGR    (0)    2 :  0.304 0.514 0.073 0.109 
637 OmyJC18ROGR    (1)    2 :  0.049 0.056 0.038 0.857 
638 OmyJC18ROGR    (0)    2 :  0.230 0.581 0.143 0.047 
639 OmyJC18ROGR    (0)    2 :  0.133 0.276 0.069 0.522 
640 OmyJC18ROGR    (1)    2 :  0.660 0.098 0.131 0.111 
641 OmyJC18ROGR    (1)    2 :  0.329 0.290 0.133 0.248 
642 OmyJC18ROGR    (1)    2 :  0.298 0.146 0.406 0.150 
643 OmyJC18ROGR    (1)    2 :  0.093 0.856 0.017 0.033 
644 OmyJC18ROGR    (1)    2 :  0.250 0.662 0.035 0.053 
645 OmyJC18ROGR    (0)    2 :  0.188 0.461 0.261 0.091 
646 OmyAC19ROGR    (1)    3 :  0.488 0.252 0.074 0.186 
647 OmyJC18ROGR    (1)    2 :  0.177 0.614 0.098 0.112 
648 OmyAC19ROGR    (0)    3 :  0.674 0.191 0.026 0.109 
649 OmyAC19APPR    (1)    3 :  0.117 0.835 0.023 0.025 
650 OmyAC19APPR    (1)    3 :  0.126 0.731 0.096 0.047 
651 OmyJC18ROGR    (1)    2 :  0.161 0.588 0.051 0.201 
652 OmyAC19APPR    (0)    3 :  0.167 0.673 0.052 0.108 
653 OmyAC19CORH    (2)    4 :  0.100 0.281 0.053 0.566 
654 OmyJC18ROGR    (0)    2 :  0.153 0.722 0.032 0.094 
655 OmyAC19CORH    (1)    4 :  0.198 0.110 0.190 0.503 
656 OmyAC19CORH    (1)    4 :  0.071 0.080 0.040 0.809 
657 OmyAC19CORH    (1)    4 :  0.035 0.027 0.022 0.915 
658 OmyAC19CORH    (0)    4 :  0.029 0.031 0.049 0.891 
659 OmyAC19CORH    (0)    4 :  0.045 0.042 0.028 0.886 
660 OmyAC19ROGR    (3)    3 :  0.549 0.252 0.163 0.035 
661 OmyJC18ROGR    (1)    2 :  0.361 0.350 0.093 0.196 
662 OmyAC19ROGR    (1)    3 :  0.399 0.442 0.065 0.093 
663 OmyAC19ROGR    (1)    3 :  0.223 0.663 0.048 0.066 
664 OmyAC19APPR    (1)    3 :  0.716 0.117 0.071 0.096 
665 OmyAC19APPR    (1)    3 :  0.355 0.481 0.123 0.040 
666 OmyJC18ROGR    (0)    2 :  0.080 0.116 0.661 0.143 
667 OmyAC19APPR    (1)    3 :  0.082 0.829 0.051 0.038 
668 OmyAC19CORH    (1)    4 :  0.236 0.123 0.335 0.307 
669 OmyAC19CORH    (0)    4 :  0.035 0.043 0.032 0.889 
670 OmyAC19CORH    (1)    4 :  0.094 0.057 0.023 0.825 
671 OmyAC19CORH    (1)    4 :  0.066 0.253 0.059 0.622 
672 OmyAC19CORH    (1)    4 :  0.090 0.075 0.048 0.788 
673 OmyAC19CORH    (0)    4 :  0.275 0.153 0.052 0.519 
674 OmyAC19ROGR    (2)    3 :  0.284 0.540 0.040 0.137 
