

----------------------------------------------------
STRUCTURE by Pritchard, Stephens and Donnelly (2000)
     and Falush, Stephens and Pritchard (2003)
       Code by Pritchard, Falush and Hubisz
             Version 2.3.4 (Jul 2012)
----------------------------------------------------



Command line arguments:   bin/structure -m "/Users/ddayan/FRA/premature_migration/Rogue_Half-Pounder/rogue_half_pounder_repo/structure/halfpounder/10k_20k_adm_corr/mainparams" -e "/Users/ddayan/FRA/premature_migration/Rogue_Half-Pounder/rogue_half_pounder_repo/structure/halfpounder/10k_20k_adm_corr/extraparams" 
Input File:    /Users/ddayan/FRA/premature_migration/Rogue_Half-Pounder/rogue_half_pounder_repo/structure/halfpounder/project_data

Run parameters:
   882 individuals
   330 loci
   4 populations assumed
   10000 Burn-in period
   20000 Reps


--------------------------------------------
Proportion of membership of each pre-defined
 population in each of the 4 clusters

Given    Inferred Clusters              Number of
 Pop       1      2      3      4      Individuals

  1:     0.225  0.269  0.237  0.269      157
  2:     0.224  0.267  0.239  0.269      643
  3:     0.078  0.409  0.118  0.395       40
  4:     0.062  0.090  0.752  0.095       42
--------------------------------------------

Allele-freq. divergence among pops (Net nucleotide distance),
computed using point estimates of P.

      1       2       3       4      
 1      -    0.0081  0.0103  0.0079  
 2   0.0081     -    0.0035  0.0007  
 3   0.0103  0.0035     -    0.0031  
 4   0.0079  0.0007  0.0031     -    

Average distances (expected heterozygosity) between individuals in same cluster:
cluster  1  : 0.2553 
cluster  2  : 0.2870 
cluster  3  : 0.2809 
cluster  4  : 0.2867 

--------------------------------------------
Estimated Ln Prob of Data   = -248006.9
Mean value of ln likelihood = -246451.5
Variance of ln likelihood   = 3110.8
Mean value of alpha         = 0.2743

Mean value of Fst_1         = 0.0710
Mean value of Fst_2         = 0.0109
Mean value of Fst_3         = 0.0245
Mean value of Fst_4         = 0.0076


Inferred ancestry of individuals:
        Label (%Miss) Pop:  Inferred clusters
  1 OmyAC19ROGR    (0)    1 :  0.027 0.201 0.396 0.376 
  2 OmyAC19ROGR    (1)    1 :  0.122 0.152 0.400 0.326 
  3 OmyAC19ROGR    (1)    1 :  0.087 0.084 0.294 0.535 
  4 OmyAC19ROGR    (1)    1 :  0.037 0.461 0.206 0.296 
  5 OmyAC19ROGR    (2)    1 :  0.941 0.021 0.016 0.023 
  6 OmyAC19ROGR    (1)    1 :  0.278 0.176 0.070 0.476 
  7 OmyAC19ROGR    (1)    1 :  0.260 0.339 0.228 0.173 
  8 OmyAC19ROGR    (0)    1 :  0.024 0.422 0.244 0.310 
  9 OmyAC19ROGR    (1)    1 :  0.223 0.089 0.244 0.445 
 10 OmyAC19ROGR    (1)    1 :  0.524 0.146 0.185 0.145 
 11 OmyAC19ROGR    (0)    1 :  0.146 0.279 0.200 0.375 
 12 OmyAC19ROGR    (0)    1 :  0.200 0.192 0.079 0.530 
 13 OmyAC19ROGR    (1)    1 :  0.051 0.515 0.264 0.170 
 14 OmyAC19ROGR    (1)    1 :  0.493 0.304 0.036 0.167 
 15 OmyAC19ROGR    (2)    1 :  0.468 0.382 0.055 0.095 
 16 OmyAC19ROGR    (1)    1 :  0.162 0.369 0.203 0.266 
 17 OmyAC19ROGR    (1)    1 :  0.143 0.490 0.029 0.339 
 18 OmyAC19ROGR    (2)    1 :  0.036 0.315 0.454 0.195 
 19 OmyAC19ROGR    (1)    1 :  0.090 0.519 0.228 0.163 
 20 OmyAC19ROGR    (1)    1 :  0.256 0.412 0.046 0.287 
 21 OmyAC19ROGR    (1)    1 :  0.289 0.239 0.181 0.292 
 22 OmyAC19ROGR    (1)    1 :  0.098 0.164 0.433 0.305 
 23 OmyAC19ROGR    (1)    1 :  0.220 0.142 0.166 0.471 
 24 OmyAC19ROGR    (1)    1 :  0.027 0.057 0.814 0.103 
 25 OmyAC19ROGR    (1)    1 :  0.263 0.429 0.119 0.190 
 26 OmyAC19ROGR    (1)    1 :  0.170 0.168 0.426 0.237 
 27 OmyAC19ROGR    (1)    1 :  0.075 0.581 0.088 0.256 
 28 OmyAC19ROGR    (1)    1 :  0.041 0.036 0.865 0.059 
 29 OmyAC19ROGR    (1)    1 :  0.097 0.269 0.268 0.367 
 30 OmyAC19ROGR    (1)    1 :  0.679 0.071 0.091 0.159 
 31 OmyAC19ROGR    (1)    1 :  0.061 0.311 0.271 0.357 
 32 OmyAC19ROGR    (1)    1 :  0.168 0.301 0.314 0.217 
 33 OmyAC19ROGR    (1)    1 :  0.169 0.161 0.402 0.268 
 34 OmyAC19ROGR    (1)    1 :  0.589 0.248 0.077 0.087 
 35 OmyAC19ROGR    (0)    1 :  0.126 0.210 0.373 0.291 
 36 OmyAC19ROGR    (1)    1 :  0.248 0.164 0.111 0.476 
 37 OmyAC19ROGR    (1)    1 :  0.152 0.177 0.555 0.116 
 38 OmyAC19ROGR    (1)    1 :  0.527 0.076 0.318 0.079 
 39 OmyAC19ROGR    (1)    1 :  0.220 0.278 0.101 0.401 
 40 OmyAC19ROGR    (0)    1 :  0.322 0.342 0.052 0.284 
 41 OmyAC19ROGR    (1)    1 :  0.051 0.482 0.116 0.352 
 42 OmyAC19ROGR    (1)    1 :  0.824 0.076 0.035 0.066 
 43 OmyAC19ROGR    (1)    1 :  0.059 0.103 0.221 0.617 
 44 OmyAC19ROGR    (7)    1 :  0.064 0.109 0.144 0.684 
 45 OmyAC19ROGR    (2)    1 :  0.381 0.116 0.338 0.165 
 46 OmyAC19ROGR    (1)    1 :  0.084 0.224 0.460 0.232 
 47 OmyAC19ROGR    (0)    1 :  0.088 0.088 0.729 0.095 
 48 OmyAC19ROGR    (1)    1 :  0.066 0.146 0.191 0.597 
 49 OmyAC19ROGR    (0)    1 :  0.053 0.314 0.415 0.218 
 50 OmyAC19ROGR    (1)    1 :  0.042 0.664 0.050 0.243 
 51 OmyAC19ROGR    (2)    1 :  0.752 0.093 0.072 0.082 
 52 OmyAC19ROGR    (1)    1 :  0.868 0.038 0.048 0.046 
 53 OmyAC19ROGR    (2)    1 :  0.046 0.111 0.677 0.165 
 54 OmyAC19ROGR    (1)    1 :  0.103 0.139 0.589 0.169 
 55 OmyAC19ROGR    (3)    1 :  0.144 0.457 0.086 0.313 
 56 OmyAC19ROGR    (1)    1 :  0.114 0.168 0.599 0.119 
 57 OmyAC19ROGR    (0)    1 :  0.031 0.151 0.676 0.141 
 58 OmyAC19ROGR    (1)    1 :  0.733 0.088 0.073 0.106 
 59 OmyAC19ROGR    (0)    1 :  0.041 0.148 0.548 0.263 
 60 OmyAC19ROGR    (2)    1 :  0.184 0.354 0.138 0.324 
 61 OmyAC19ROGR    (1)    1 :  0.092 0.208 0.535 0.165 
 62 OmyAC19ROGR    (1)    1 :  0.060 0.159 0.151 0.630 
 63 OmyAC19ROGR    (0)    1 :  0.263 0.136 0.451 0.149 
 64 OmyAC19ROGR    (3)    1 :  0.100 0.341 0.147 0.412 
 65 OmyAC19ROGR    (1)    1 :  0.100 0.474 0.185 0.241 
 66 OmyAC19ROGR    (4)    1 :  0.329 0.451 0.060 0.159 
 67 OmyAC19ROGR    (0)    1 :  0.056 0.385 0.445 0.115 
 68 OmyAC19ROGR    (2)    1 :  0.081 0.103 0.553 0.263 
 69 OmyAC19ROGR    (2)    1 :  0.292 0.079 0.554 0.075 
 70 OmyAC19ROGR    (1)    1 :  0.055 0.180 0.344 0.421 
 71 OmyAC19ROGR    (0)    1 :  0.054 0.376 0.143 0.428 
 72 OmyAC19ROGR    (5)    1 :  0.036 0.294 0.214 0.456 
 73 OmyAC19ROGR    (1)    1 :  0.326 0.084 0.447 0.142 
 74 OmyAC19ROGR    (1)    1 :  0.048 0.406 0.058 0.488 
 75 OmyAC19ROGR    (1)    1 :  0.155 0.265 0.436 0.144 
 76 OmyAC19ROGR    (1)    1 :  0.063 0.084 0.732 0.121 
 77 OmyAC19ROGR    (1)    1 :  0.907 0.035 0.024 0.034 
 78 OmyAC19ROGR    (1)    1 :  0.059 0.306 0.182 0.453 
 79 OmyAC19ROGR    (2)    1 :  0.091 0.219 0.304 0.385 
 80 OmyAC19ROGR    (2)    1 :  0.722 0.086 0.107 0.085 
 81 OmyAC19ROGR    (2)    1 :  0.491 0.135 0.132 0.242 
 82 OmyAC19ROGR    (1)    1 :  0.033 0.101 0.642 0.224 
 83 OmyAC19ROGR    (0)    1 :  0.070 0.288 0.463 0.179 
 84 OmyAC19ROGR    (1)    1 :  0.255 0.241 0.095 0.409 
 85 OmyAC19ROGR    (6)    1 :  0.055 0.347 0.274 0.324 
 86 OmyAC19ROGR    (1)    1 :  0.126 0.538 0.039 0.296 
 87 OmyAC19ROGR    (2)    1 :  0.055 0.158 0.425 0.362 
 88 OmyJC19ROGR    (0)    2 :  0.864 0.067 0.027 0.042 
 89 OmyJC19ROGR    (1)    2 :  0.109 0.465 0.118 0.307 
 90 OmyJC19ROGR    (1)    2 :  0.887 0.040 0.036 0.037 
 91 OmyJC19ROGR    (2)    2 :  0.022 0.317 0.326 0.335 
 92 OmyJC19ROGR    (1)    2 :  0.072 0.121 0.665 0.141 
 93 OmyJC19ROGR    (1)    2 :  0.022 0.084 0.831 0.062 
 94 OmyJC19ROGR    (1)    2 :  0.238 0.324 0.061 0.378 
 95 OmyJC19ROGR    (0)    2 :  0.281 0.192 0.058 0.470 
 96 OmyJC19ROGR    (2)    2 :  0.119 0.567 0.120 0.194 
 97 OmyJC19ROGR    (1)    2 :  0.174 0.040 0.719 0.068 
 98 OmyJC19ROGR    (0)    2 :  0.068 0.452 0.146 0.334 
 99 OmyJC19ROGR    (0)    2 :  0.157 0.156 0.530 0.157 
100 OmyJC19ROGR    (1)    2 :  0.060 0.221 0.168 0.552 
101 OmyJC19ROGR    (1)    2 :  0.548 0.114 0.210 0.128 
102 OmyJC19ROGR    (1)    2 :  0.096 0.655 0.063 0.187 
103 OmyJC19ROGR    (2)    2 :  0.255 0.200 0.295 0.250 
104 OmyJC19ROGR    (1)    2 :  0.050 0.124 0.644 0.182 
105 OmyJC19ROGR    (1)    2 :  0.213 0.076 0.577 0.134 
106 OmyJC19ROGR    (1)    2 :  0.914 0.022 0.041 0.023 
107 OmyJC19ROGR    (2)    2 :  0.141 0.499 0.166 0.195 
108 OmyJC19ROGR    (0)    2 :  0.084 0.341 0.375 0.200 
109 OmyJC19ROGR    (1)    2 :  0.286 0.416 0.043 0.254 
110 OmyJC19ROGR    (1)    2 :  0.234 0.074 0.551 0.141 
111 OmyJC19ROGR    (1)    2 :  0.093 0.166 0.577 0.165 
112 OmyJC19ROGR    (2)    2 :  0.149 0.360 0.083 0.408 
113 OmyJC19ROGR    (1)    2 :  0.574 0.215 0.073 0.139 
114 OmyJC19ROGR    (3)    2 :  0.075 0.225 0.155 0.545 
115 OmyJC19ROGR    (2)    2 :  0.087 0.065 0.465 0.383 
116 OmyJC19ROGR    (0)    2 :  0.138 0.327 0.136 0.398 
117 OmyJC19ROGR    (1)    2 :  0.287 0.331 0.091 0.291 
118 OmyJC19ROGR    (1)    2 :  0.042 0.389 0.271 0.298 
119 OmyJC19ROGR    (3)    2 :  0.092 0.529 0.104 0.276 
120 OmyJC19ROGR    (1)    2 :  0.022 0.080 0.824 0.075 
121 OmyJC19ROGR    (0)    2 :  0.080 0.390 0.060 0.470 
122 OmyJC19ROGR    (1)    2 :  0.093 0.296 0.290 0.321 
123 OmyJC19ROGR    (1)    2 :  0.036 0.333 0.327 0.304 
124 OmyJC19ROGR    (0)    2 :  0.155 0.150 0.077 0.618 
125 OmyJC19ROGR    (1)    2 :  0.125 0.064 0.564 0.247 
126 OmyJC19ROGR    (1)    2 :  0.685 0.109 0.085 0.121 
127 OmyJC19ROGR    (1)    2 :  0.077 0.759 0.090 0.074 
128 OmyJC19ROGR    (1)    2 :  0.045 0.083 0.796 0.076 
129 OmyJC19ROGR    (1)    2 :  0.359 0.170 0.209 0.262 
130 OmyJC19ROGR    (1)    2 :  0.083 0.134 0.051 0.732 
131 OmyJC19ROGR    (1)    2 :  0.123 0.156 0.312 0.408 
132 OmyJC19ROGR    (1)    2 :  0.074 0.160 0.593 0.173 
133 OmyJC19ROGR    (1)    2 :  0.048 0.264 0.133 0.554 
134 OmyJC19ROGR    (1)    2 :  0.109 0.528 0.121 0.242 
135 OmyJC19ROGR    (1)    2 :  0.026 0.040 0.886 0.048 
136 OmyJC19ROGR    (3)    2 :  0.054 0.395 0.180 0.371 
137 OmyJC19ROGR    (1)    2 :  0.274 0.363 0.064 0.299 
138 OmyJC19ROGR    (1)    2 :  0.711 0.098 0.042 0.149 
139 OmyJC19ROGR    (2)    2 :  0.033 0.216 0.105 0.646 
140 OmyJC19ROGR    (3)    2 :  0.147 0.521 0.114 0.218 
141 OmyJC19ROGR    (0)    2 :  0.437 0.184 0.227 0.151 
142 OmyJC19ROGR    (1)    2 :  0.361 0.207 0.267 0.165 
143 OmyJC19ROGR    (0)    2 :  0.097 0.059 0.709 0.135 
144 OmyJC19ROGR    (1)    2 :  0.025 0.184 0.094 0.697 
145 OmyJC19ROGR    (1)    2 :  0.043 0.208 0.066 0.683 
146 OmyJC19ROGR    (2)    2 :  0.080 0.100 0.694 0.126 
147 OmyJC19ROGR    (1)    2 :  0.071 0.628 0.152 0.150 
148 OmyJC19ROGR    (1)    2 :  0.026 0.414 0.208 0.352 
149 OmyJC19ROGR    (2)    2 :  0.102 0.267 0.471 0.160 
150 OmyJC19ROGR    (2)    2 :  0.088 0.177 0.607 0.128 
151 OmyJC19ROGR    (1)    2 :  0.143 0.318 0.245 0.295 
152 OmyJC19ROGR    (0)    2 :  0.088 0.297 0.195 0.421 
153 OmyJC19ROGR    (1)    2 :  0.047 0.050 0.863 0.040 
154 OmyJC19ROGR    (2)    2 :  0.084 0.409 0.074 0.433 
155 OmyJC19ROGR    (1)    2 :  0.125 0.260 0.293 0.323 
156 OmyJC19ROGR    (1)    2 :  0.163 0.363 0.224 0.250 
157 OmyJC19ROGR    (0)    2 :  0.097 0.192 0.318 0.394 
158 OmyJC19ROGR    (2)    2 :  0.033 0.442 0.224 0.301 
159 OmyJC19ROGR    (1)    2 :  0.060 0.537 0.057 0.346 
160 OmyJC19ROGR    (0)    2 :  0.081 0.380 0.354 0.184 
161 OmyJC19ROGR    (1)    2 :  0.057 0.223 0.509 0.211 
162 OmyJC19ROGR    (1)    2 :  0.109 0.361 0.317 0.213 
163 OmyJC19ROGR    (1)    2 :  0.060 0.115 0.623 0.202 
164 OmyJC19ROGR    (1)    2 :  0.040 0.515 0.100 0.345 
165 OmyJC19ROGR    (0)    2 :  0.033 0.244 0.281 0.442 
166 OmyJC19ROGR    (0)    2 :  0.076 0.306 0.080 0.538 
167 OmyJC19ROGR    (2)    2 :  0.137 0.210 0.342 0.311 
168 OmyJC19ROGR    (0)    2 :  0.103 0.373 0.124 0.401 
169 OmyJC19ROGR    (1)    2 :  0.925 0.034 0.016 0.024 
170 OmyJC19ROGR    (1)    2 :  0.071 0.086 0.710 0.133 
171 OmyJC19ROGR    (1)    2 :  0.045 0.447 0.112 0.396 
172 OmyJC19ROGR    (0)    2 :  0.441 0.113 0.362 0.084 
173 OmyJC19ROGR    (1)    2 :  0.910 0.034 0.026 0.030 
174 OmyJC19ROGR    (0)    2 :  0.049 0.157 0.143 0.651 
175 OmyJC19ROGR    (1)    2 :  0.046 0.462 0.122 0.370 
176 OmyJC19ROGR    (1)    2 :  0.064 0.208 0.657 0.071 
177 OmyJC19ROGR    (1)    2 :  0.018 0.068 0.811 0.103 
178 OmyJC19ROGR    (0)    2 :  0.059 0.572 0.034 0.335 
179 OmyJC19ROGR    (1)    2 :  0.031 0.158 0.535 0.276 
180 OmyJC19ROGR    (1)    2 :  0.822 0.047 0.072 0.059 
181 OmyJC19ROGR    (1)    2 :  0.068 0.337 0.114 0.481 
182 OmyJC19ROGR    (1)    2 :  0.228 0.279 0.101 0.392 
183 OmyJC19ROGR    (1)    2 :  0.052 0.321 0.132 0.495 
184 OmyJC19ROGR    (1)    2 :  0.593 0.172 0.129 0.105 
185 OmyJC19ROGR    (2)    2 :  0.018 0.299 0.127 0.556 
186 OmyJC19ROGR    (1)    2 :  0.144 0.082 0.602 0.171 
187 OmyJC19ROGR    (0)    2 :  0.038 0.191 0.068 0.703 
188 OmyJC19ROGR    (1)    2 :  0.097 0.248 0.186 0.469 
189 OmyJC19ROGR    (0)    2 :  0.212 0.157 0.433 0.197 
190 OmyJC19ROGR    (0)    2 :  0.068 0.139 0.680 0.113 
191 OmyJC19ROGR    (2)    2 :  0.053 0.091 0.666 0.190 
192 OmyJC19ROGR    (1)    2 :  0.050 0.820 0.041 0.089 
193 OmyJC19ROGR    (1)    2 :  0.164 0.378 0.151 0.307 
194 OmyJC19ROGR    (0)    2 :  0.026 0.796 0.071 0.108 
195 OmyJC19ROGR    (1)    2 :  0.801 0.085 0.032 0.082 
196 OmyJC19ROGR    (1)    2 :  0.044 0.113 0.049 0.794 
197 OmyJC19ROGR    (1)    2 :  0.075 0.157 0.526 0.242 
198 OmyJC19ROGR    (1)    2 :  0.773 0.101 0.071 0.056 
199 OmyJC19ROGR    (0)    2 :  0.046 0.349 0.100 0.505 
200 OmyJC19ROGR    (0)    2 :  0.077 0.086 0.694 0.142 
201 OmyJC19ROGR    (1)    2 :  0.033 0.545 0.099 0.323 
202 OmyJC19ROGR    (0)    2 :  0.021 0.101 0.797 0.080 
203 OmyJC19ROGR    (0)    2 :  0.053 0.253 0.205 0.490 
204 OmyJC19ROGR    (1)    2 :  0.078 0.399 0.188 0.335 
205 OmyJC19ROGR    (1)    2 :  0.142 0.145 0.124 0.589 
206 OmyJC19ROGR    (1)    2 :  0.841 0.052 0.051 0.057 
207 OmyJC19ROGR    (1)    2 :  0.283 0.222 0.117 0.378 
208 OmyJC19ROGR    (1)    2 :  0.053 0.578 0.097 0.272 
209 OmyJC19ROGR    (0)    2 :  0.561 0.096 0.217 0.126 
210 OmyJC19ROGR    (1)    2 :  0.913 0.028 0.022 0.037 
211 OmyJC19ROGR    (0)    2 :  0.214 0.336 0.150 0.300 
212 OmyJC19ROGR    (1)    2 :  0.283 0.118 0.456 0.143 
213 OmyJC19ROGR    (1)    2 :  0.041 0.124 0.147 0.688 
214 OmyJC19ROGR    (1)    2 :  0.077 0.348 0.093 0.482 
215 OmyJC19ROGR    (1)    2 :  0.040 0.772 0.097 0.091 
216 OmyJC19ROGR    (1)    2 :  0.832 0.055 0.031 0.082 
217 OmyJC19ROGR    (1)    2 :  0.436 0.196 0.137 0.231 
218 OmyJC19ROGR    (1)    2 :  0.042 0.110 0.610 0.238 
219 OmyJC19ROGR    (1)    2 :  0.160 0.496 0.048 0.296 
220 OmyJC19ROGR    (1)    2 :  0.022 0.486 0.209 0.283 
221 OmyJC19ROGR    (0)    2 :  0.313 0.094 0.092 0.502 
222 OmyJC19ROGR    (1)    2 :  0.056 0.305 0.304 0.335 
223 OmyJC19ROGR    (0)    2 :  0.085 0.286 0.137 0.492 
224 OmyJC19ROGR    (1)    2 :  0.039 0.642 0.093 0.225 
225 OmyJC19ROGR    (1)    2 :  0.917 0.030 0.024 0.029 
226 OmyJC19ROGR    (0)    2 :  0.253 0.317 0.067 0.362 
227 OmyJC19ROGR    (1)    2 :  0.887 0.029 0.049 0.036 
228 OmyJC19ROGR    (1)    2 :  0.070 0.434 0.049 0.447 
229 OmyJC19ROGR    (2)    2 :  0.043 0.161 0.200 0.596 
230 OmyJC19ROGR    (1)    2 :  0.253 0.149 0.286 0.313 
231 OmyJC19ROGR    (1)    2 :  0.094 0.345 0.065 0.497 
232 OmyJC19ROGR    (2)    2 :  0.059 0.252 0.209 0.481 
233 OmyJC19ROGR    (1)    2 :  0.145 0.416 0.118 0.321 
234 OmyJC19ROGR    (1)    2 :  0.893 0.039 0.039 0.029 
235 OmyJC19ROGR    (0)    2 :  0.575 0.230 0.118 0.077 
236 OmyJC19ROGR    (1)    2 :  0.041 0.442 0.342 0.175 
237 OmyJC19ROGR    (1)    2 :  0.123 0.451 0.210 0.215 
238 OmyJC19ROGR    (0)    2 :  0.181 0.413 0.074 0.333 
239 OmyJC19ROGR    (1)    2 :  0.151 0.655 0.076 0.118 
240 OmyJC19ROGR    (1)    2 :  0.063 0.152 0.121 0.664 
241 OmyJC19ROGR    (0)    2 :  0.109 0.156 0.591 0.144 
242 OmyJC19ROGR    (1)    2 :  0.032 0.605 0.241 0.122 
243 OmyJC19ROGR    (1)    2 :  0.074 0.212 0.442 0.272 
244 OmyJC19ROGR    (1)    2 :  0.086 0.162 0.400 0.353 
245 OmyJC19ROGR    (0)    2 :  0.933 0.020 0.024 0.024 
246 OmyJC19ROGR    (1)    2 :  0.226 0.089 0.584 0.101 
247 OmyJC19ROGR    (0)    2 :  0.552 0.130 0.154 0.164 
248 OmyJC19ROGR    (1)    2 :  0.579 0.119 0.113 0.189 
249 OmyJC19ROGR    (1)    2 :  0.090 0.287 0.086 0.537 
250 OmyJC19ROGR    (0)    2 :  0.163 0.326 0.226 0.284 
251 OmyJC19ROGR    (1)    2 :  0.091 0.232 0.117 0.560 
252 OmyJC19ROGR    (0)    2 :  0.043 0.049 0.823 0.084 
253 OmyJC19ROGR    (0)    2 :  0.116 0.451 0.101 0.333 
254 OmyJC19ROGR    (1)    2 :  0.081 0.167 0.545 0.207 
255 OmyJC19ROGR    (1)    2 :  0.038 0.066 0.599 0.298 
256 OmyJC19ROGR    (1)    2 :  0.358 0.088 0.415 0.139 
257 OmyJC19ROGR    (0)    2 :  0.101 0.174 0.099 0.625 
258 OmyAC19ROGR    (1)    1 :  0.279 0.216 0.199 0.306 
259 OmyAC19ROGR    (2)    1 :  0.528 0.242 0.119 0.111 
260 OmyAC19ROGR    (1)    1 :  0.041 0.661 0.130 0.167 
261 OmyAC19ROGR    (0)    1 :  0.079 0.423 0.074 0.423 
262 OmyAC19ROGR    (1)    1 :  0.187 0.285 0.239 0.290 
263 OmyAC19ROGR    (0)    1 :  0.059 0.176 0.558 0.207 
264 OmyAC19ROGR    (1)    1 :  0.108 0.307 0.141 0.444 
265 OmyAC19ROGR    (1)    1 :  0.064 0.468 0.170 0.297 
266 OmyAC19ROGR    (1)    1 :  0.030 0.217 0.068 0.686 
267 OmyAC19ROGR    (1)    1 :  0.224 0.277 0.144 0.355 
268 OmyAC19ROGR    (2)    1 :  0.204 0.132 0.519 0.145 
269 OmyAC19ROGR    (1)    1 :  0.240 0.284 0.116 0.360 
270 OmyAC19ROGR    (1)    1 :  0.055 0.115 0.578 0.252 
271 OmyAC19ROGR    (1)    1 :  0.423 0.242 0.116 0.219 
272 OmyAC19ROGR    (0)    1 :  0.252 0.267 0.049 0.432 
273 OmyAC19ROGR    (0)    1 :  0.057 0.402 0.214 0.327 
274 OmyAC19ROGR    (1)    1 :  0.793 0.068 0.045 0.095 
275 OmyAC19ROGR    (1)    1 :  0.164 0.331 0.298 0.207 
276 OmyAC19ROGR    (1)    1 :  0.088 0.629 0.087 0.196 
277 OmyAC19ROGR    (1)    1 :  0.123 0.385 0.067 0.426 
278 OmyAC19ROGR    (1)    1 :  0.359 0.303 0.064 0.273 
279 OmyAC19ROGR    (0)    1 :  0.235 0.556 0.065 0.145 
280 OmyAC19ROGR    (1)    1 :  0.158 0.132 0.406 0.304 
281 OmyAC19ROGR    (1)    1 :  0.072 0.433 0.095 0.400 
282 OmyAC19ROGR    (1)    1 :  0.251 0.203 0.181 0.365 
283 OmyAC19ROGR    (1)    1 :  0.088 0.502 0.120 0.290 
284 OmyAC19ROGR    (0)    1 :  0.036 0.223 0.200 0.541 
285 OmyAC19ROGR    (1)    1 :  0.073 0.343 0.396 0.187 
286 OmyAC19ROGR    (1)    1 :  0.035 0.508 0.195 0.262 
287 OmyAC19ROGR    (1)    1 :  0.951 0.019 0.017 0.014 
288 OmyAC19ROGR    (1)    1 :  0.791 0.093 0.051 0.065 
289 OmyAC19ROGR    (1)    1 :  0.147 0.487 0.071 0.296 
290 OmyAC19ROGR    (1)    1 :  0.922 0.028 0.025 0.026 
291 OmyAC19ROGR    (1)    1 :  0.455 0.115 0.243 0.186 
292 OmyAC19ROGR    (1)    1 :  0.275 0.288 0.087 0.351 
293 OmyAC19ROGR    (1)    1 :  0.057 0.095 0.689 0.159 
294 OmyAC19ROGR    (1)    1 :  0.240 0.467 0.067 0.226 
295 OmyAC19ROGR    (0)    1 :  0.033 0.328 0.250 0.389 
296 OmyAC19ROGR    (0)    1 :  0.052 0.597 0.124 0.227 
297 OmyAC19ROGR    (1)    1 :  0.805 0.089 0.032 0.074 
298 OmyAC19ROGR    (0)    1 :  0.035 0.664 0.055 0.246 
299 OmyAC19ROGR    (1)    1 :  0.278 0.230 0.375 0.117 
300 OmyAC19ROGR    (1)    1 :  0.062 0.471 0.153 0.314 
301 OmyAC19ROGR    (0)    1 :  0.875 0.035 0.029 0.062 
302 OmyAC19ROGR    (1)    1 :  0.478 0.291 0.076 0.155 
303 OmyAC19ROGR    (1)    1 :  0.178 0.455 0.078 0.290 
304 OmyAC19ROGR    (1)    1 :  0.180 0.577 0.120 0.123 
305 OmyAC19ROGR    (1)    1 :  0.049 0.566 0.133 0.252 
306 OmyAC19ROGR    (1)    1 :  0.671 0.109 0.028 0.192 
307 OmyAC19ROGR    (2)    1 :  0.039 0.251 0.338 0.372 
308 OmyAC19ROGR    (0)    1 :  0.161 0.382 0.083 0.374 
309 OmyAC19ROGR    (2)    1 :  0.907 0.031 0.029 0.033 
310 OmyAC19ROGR    (0)    1 :  0.472 0.217 0.100 0.211 
311 OmyAC19ROGR    (0)    1 :  0.555 0.247 0.062 0.136 
312 OmyAC19ROGR    (0)    1 :  0.060 0.161 0.647 0.132 
313 OmyAC19ROGR    (1)    1 :  0.027 0.464 0.167 0.342 
314 OmyAC19ROGR    (0)    1 :  0.076 0.120 0.669 0.135 
315 OmyAC19ROGR    (1)    1 :  0.095 0.215 0.155 0.534 
316 OmyAC19ROGR    (1)    1 :  0.053 0.437 0.121 0.389 
317 OmyAC19ROGR    (1)    1 :  0.065 0.221 0.495 0.219 
318 OmyAC19ROGR    (1)    1 :  0.047 0.156 0.546 0.251 
319 OmyAC19ROGR    (1)    1 :  0.031 0.358 0.205 0.406 
320 OmyAC19ROGR    (0)    1 :  0.025 0.497 0.108 0.369 
321 OmyAC19ROGR    (1)    1 :  0.044 0.485 0.111 0.360 
322 OmyAC19ROGR    (0)    1 :  0.391 0.220 0.092 0.297 
323 OmyAC19ROGR    (1)    1 :  0.043 0.536 0.037 0.384 
324 OmyAC19ROGR    (1)    1 :  0.037 0.204 0.228 0.531 
325 OmyAC19ROGR    (1)    1 :  0.453 0.155 0.071 0.321 
326 OmyAC19ROGR    (1)    1 :  0.070 0.360 0.068 0.502 
327 OmyAC19ROGR    (1)    1 :  0.055 0.412 0.200 0.334 
328 OmyJC18ROGR    (1)    2 :  0.057 0.167 0.638 0.137 
329 OmyJC18ROGR    (0)    2 :  0.091 0.202 0.099 0.608 
330 OmyJC18ROGR    (0)    2 :  0.084 0.328 0.044 0.544 
331 OmyJC18ROGR    (1)    2 :  0.652 0.136 0.099 0.113 
332 OmyJC18ROGR    (1)    2 :  0.740 0.094 0.092 0.074 
333 OmyJC18ROGR    (1)    2 :  0.841 0.065 0.038 0.056 
334 OmyJC18ROGR    (1)    2 :  0.226 0.183 0.224 0.367 
335 OmyJC18ROGR    (0)    2 :  0.037 0.213 0.536 0.213 
336 OmyJC18ROGR    (1)    2 :  0.878 0.039 0.037 0.045 
337 OmyJC18ROGR    (1)    2 :  0.056 0.471 0.060 0.412 
338 OmyJC18ROGR    (1)    2 :  0.870 0.061 0.022 0.047 
339 OmyJC18ROGR    (1)    2 :  0.072 0.307 0.068 0.553 
340 OmyJC18ROGR    (0)    2 :  0.168 0.161 0.507 0.163 
341 OmyJC18ROGR    (1)    2 :  0.024 0.410 0.345 0.221 
342 OmyJC18ROGR    (2)    2 :  0.440 0.236 0.125 0.199 
343 OmyJC18ROGR    (2)    2 :  0.371 0.137 0.329 0.163 
344 OmyJC18ROGR    (3)    2 :  0.520 0.214 0.142 0.124 
345 OmyJC18ROGR    (2)    2 :  0.698 0.065 0.122 0.114 
346 OmyJC18ROGR    (4)    2 :  0.041 0.181 0.042 0.737 
347 OmyJC18ROGR    (3)    2 :  0.055 0.580 0.068 0.296 
348 OmyJC18ROGR    (1)    2 :  0.244 0.227 0.107 0.423 
349 OmyJC18ROGR    (1)    2 :  0.044 0.661 0.079 0.216 
350 OmyJC18ROGR    (1)    2 :  0.062 0.685 0.056 0.198 
351 OmyJC18ROGR    (0)    2 :  0.734 0.161 0.041 0.065 
352 OmyJC18ROGR    (4)    2 :  0.479 0.192 0.115 0.213 
353 OmyJC18ROGR    (2)    2 :  0.227 0.137 0.245 0.391 
354 OmyJC18ROGR    (1)    2 :  0.115 0.245 0.077 0.563 
355 OmyJC18ROGR    (2)    2 :  0.054 0.194 0.092 0.660 
356 OmyJC18ROGR    (1)    2 :  0.059 0.199 0.514 0.228 
357 OmyJC18ROGR    (2)    2 :  0.677 0.051 0.214 0.058 
358 OmyJC18ROGR    (2)    2 :  0.030 0.222 0.473 0.275 
359 OmyJC18ROGR    (3)    2 :  0.117 0.526 0.134 0.223 
360 OmyJC18ROGR    (0)    2 :  0.070 0.162 0.463 0.304 
361 OmyJC18ROGR    (1)    2 :  0.028 0.363 0.074 0.535 
362 OmyJC18ROGR    (1)    2 :  0.236 0.279 0.115 0.370 
363 OmyJC18ROGR    (2)    2 :  0.293 0.162 0.251 0.294 
364 OmyJC18ROGR    (3)    2 :  0.029 0.722 0.087 0.162 
365 OmyJC18ROGR    (4)    2 :  0.052 0.371 0.052 0.525 
366 OmyJC18ROGR    (4)    2 :  0.053 0.294 0.459 0.195 
367 OmyJC18ROGR    (3)    2 :  0.789 0.079 0.041 0.090 
368 OmyJC18ROGR    (3)    2 :  0.414 0.299 0.082 0.206 
369 OmyJC18ROGR    (2)    2 :  0.104 0.111 0.429 0.356 
370 OmyJC18ROGR    (3)    2 :  0.080 0.258 0.146 0.516 
371 OmyJC18ROGR    (1)    2 :  0.056 0.298 0.208 0.438 
372 OmyJC18ROGR    (3)    2 :  0.138 0.481 0.176 0.205 
373 OmyJC18ROGR    (5)    2 :  0.133 0.126 0.582 0.160 
374 OmyJC18ROGR    (5)    2 :  0.029 0.125 0.767 0.079 
375 OmyJC18ROGR    (3)    2 :  0.132 0.413 0.070 0.384 
376 OmyJC18ROGR    (3)    2 :  0.877 0.046 0.032 0.045 
377 OmyJC18ROGR    (4)    2 :  0.244 0.094 0.522 0.140 
378 OmyJC18ROGR    (0)    2 :  0.099 0.453 0.253 0.195 
379 OmyJC18ROGR    (5)    2 :  0.175 0.366 0.203 0.256 
380 OmyJC18ROGR    (4)    2 :  0.197 0.142 0.303 0.358 
381 OmyJC18ROGR    (1)    2 :  0.071 0.473 0.170 0.287 
382 OmyJC18ROGR    (1)    2 :  0.051 0.391 0.207 0.352 
383 OmyJC18ROGR    (3)    2 :  0.477 0.112 0.092 0.319 
384 OmyJC18ROGR    (2)    2 :  0.239 0.575 0.043 0.143 
385 OmyJC18ROGR    (4)    2 :  0.065 0.301 0.043 0.591 
386 OmyJC18ROGR    (2)    2 :  0.371 0.389 0.051 0.189 
387 OmyJC18ROGR    (1)    2 :  0.306 0.233 0.341 0.121 
388 OmyJC18ROGR    (6)    2 :  0.081 0.184 0.505 0.230 
389 OmyJC18ROGR    (1)    2 :  0.175 0.362 0.090 0.373 
390 OmyJC18ROGR    (1)    2 :  0.095 0.580 0.107 0.219 
391 OmyJC18ROGR    (3)    2 :  0.862 0.034 0.061 0.042 
392 OmyJC18ROGR    (2)    2 :  0.042 0.306 0.325 0.327 
393 OmyJC18ROGR    (4)    2 :  0.086 0.053 0.767 0.094 
394 OmyJC18ROGR    (3)    2 :  0.742 0.103 0.041 0.114 
395 OmyJC18ROGR    (7)    2 :  0.258 0.093 0.516 0.133 
396 OmyJC18ROGR    (4)    2 :  0.545 0.121 0.253 0.081 
397 OmyJC18ROGR    (1)    2 :  0.083 0.379 0.175 0.362 
398 OmyJC18ROGR    (3)    2 :  0.244 0.156 0.195 0.404 
399 OmyJC18ROGR    (2)    2 :  0.377 0.129 0.295 0.200 
400 OmyJC18ROGR    (0)    2 :  0.072 0.409 0.121 0.398 
401 OmyJC18ROGR    (6)    2 :  0.085 0.061 0.738 0.116 
402 OmyJC18ROGR    (5)    2 :  0.269 0.058 0.493 0.180 
403 OmyJC18ROGR    (1)    2 :  0.181 0.202 0.278 0.339 
404 OmyJC18ROGR    (2)    2 :  0.174 0.441 0.063 0.322 
405 OmyJC18ROGR    (3)    2 :  0.042 0.554 0.138 0.266 
406 OmyJC18ROGR    (2)    2 :  0.056 0.440 0.072 0.432 
407 OmyJC18ROGR    (2)    2 :  0.173 0.385 0.339 0.103 
408 OmyJC18ROGR    (2)    2 :  0.155 0.317 0.369 0.158 
409 OmyJC18ROGR    (1)    2 :  0.057 0.264 0.319 0.359 
410 OmyJC18ROGR    (1)    2 :  0.046 0.315 0.081 0.557 
411 OmyJC18ROGR    (1)    2 :  0.056 0.138 0.110 0.696 
412 OmyJC18ROGR    (0)    2 :  0.029 0.709 0.066 0.196 
413 OmyJC18ROGR    (1)    2 :  0.060 0.348 0.049 0.543 
414 OmyJC18ROGR    (2)    2 :  0.033 0.562 0.082 0.323 
415 OmyJC18ROGR    (2)    2 :  0.028 0.103 0.229 0.641 
416 OmyJC18ROGR    (3)    2 :  0.100 0.368 0.084 0.448 
417 OmyJC18ROGR    (1)    2 :  0.071 0.224 0.392 0.313 
418 OmyJC18ROGR    (0)    2 :  0.055 0.047 0.767 0.131 
419 OmyJC18ROGR    (1)    2 :  0.038 0.205 0.412 0.345 
420 OmyJC18ROGR    (0)    2 :  0.046 0.142 0.040 0.772 
421 OmyJC18ROGR    (1)    2 :  0.078 0.548 0.083 0.291 
422 OmyJC18ROGR    (6)    2 :  0.090 0.183 0.185 0.542 
423 OmyJC18ROGR    (2)    2 :  0.080 0.199 0.133 0.588 
424 OmyJC18ROGR    (1)    2 :  0.275 0.137 0.291 0.297 
425 OmyJC18ROGR    (1)    2 :  0.322 0.192 0.089 0.397 
426 OmyJC18ROGR    (3)    2 :  0.054 0.290 0.233 0.424 
427 OmyJC18ROGR    (2)    2 :  0.623 0.258 0.031 0.088 
428 OmyJC18ROGR    (6)    2 :  0.028 0.224 0.067 0.681 
429 OmyJC18ROGR    (1)    2 :  0.228 0.322 0.036 0.414 
430 OmyJC18ROGR    (1)    2 :  0.199 0.237 0.229 0.334 
431 OmyJC18ROGR    (0)    2 :  0.072 0.264 0.075 0.589 
432 OmyJC18ROGR    (2)    2 :  0.795 0.069 0.064 0.072 
433 OmyJC18ROGR    (2)    2 :  0.111 0.086 0.703 0.101 
434 OmyJC18ROGR    (2)    2 :  0.167 0.225 0.095 0.513 
435 OmyJC18ROGR    (8)    2 :  0.108 0.353 0.202 0.337 
436 OmyJC18ROGR    (2)    2 :  0.050 0.211 0.162 0.578 
437 OmyJC18ROGR    (4)    2 :  0.047 0.231 0.261 0.462 
438 OmyJC18ROGR    (1)    2 :  0.090 0.039 0.797 0.074 
439 OmyJC18ROGR    (2)    2 :  0.561 0.169 0.116 0.153 
440 OmyJC18ROGR    (0)    2 :  0.132 0.038 0.771 0.059 
441 OmyJC18ROGR    (1)    2 :  0.039 0.794 0.058 0.109 
442 OmyJC18ROGR    (6)    2 :  0.160 0.378 0.238 0.224 
443 OmyJC18ROGR    (1)    2 :  0.030 0.691 0.054 0.224 
444 OmyJC18ROGR    (6)    2 :  0.061 0.163 0.451 0.326 
445 OmyJC18ROGR    (2)    2 :  0.103 0.153 0.295 0.449 
446 OmyJC18ROGR    (3)    2 :  0.317 0.110 0.384 0.189 
447 OmyJC18ROGR    (2)    2 :  0.131 0.403 0.152 0.313 
448 OmyJC18ROGR    (3)    2 :  0.092 0.526 0.105 0.276 
449 OmyJC18ROGR    (1)    2 :  0.046 0.630 0.098 0.226 
450 OmyJC18ROGR    (4)    2 :  0.240 0.080 0.294 0.386 
451 OmyJC18ROGR    (3)    2 :  0.066 0.439 0.107 0.388 
452 OmyJC18ROGR    (1)    2 :  0.089 0.431 0.054 0.427 
453 OmyJC18ROGR    (1)    2 :  0.033 0.464 0.045 0.459 
454 OmyJC18ROGR    (4)    2 :  0.078 0.283 0.471 0.167 
455 OmyJC18ROGR    (4)    2 :  0.482 0.191 0.195 0.132 
456 OmyJC18ROGR    (5)    2 :  0.179 0.162 0.114 0.545 
457 OmyJC18ROGR    (3)    2 :  0.036 0.123 0.522 0.318 
458 OmyJC18ROGR    (1)    2 :  0.082 0.305 0.223 0.391 
459 OmyJC18ROGR    (1)    2 :  0.875 0.048 0.027 0.051 
460 OmyJC18ROGR    (2)    2 :  0.060 0.467 0.083 0.390 
461 OmyJC18ROGR    (1)    2 :  0.753 0.069 0.110 0.068 
462 OmyJC18ROGR    (1)    2 :  0.029 0.315 0.347 0.309 
463 OmyJC18ROGR    (4)    2 :  0.077 0.608 0.104 0.211 
464 OmyJC18ROGR    (6)    2 :  0.035 0.268 0.311 0.386 
465 OmyJC18ROGR    (3)    2 :  0.051 0.122 0.568 0.259 
466 OmyJC18ROGR    (3)    2 :  0.117 0.303 0.330 0.250 
467 OmyJC18ROGR    (2)    2 :  0.117 0.241 0.118 0.524 
468 OmyJC18ROGR    (2)    2 :  0.027 0.352 0.156 0.466 
469 OmyJC18ROGR    (1)    2 :  0.913 0.028 0.027 0.032 
470 OmyJC18ROGR    (0)    2 :  0.261 0.140 0.498 0.100 
471 OmyJC18ROGR    (2)    2 :  0.127 0.171 0.141 0.561 
472 OmyJC18ROGR    (2)    2 :  0.015 0.267 0.036 0.682 
473 OmyJC18ROGR    (1)    2 :  0.112 0.340 0.106 0.443 
474 OmyJC18ROGR    (3)    2 :  0.088 0.208 0.108 0.596 
475 OmyJC18ROGR    (1)    2 :  0.137 0.183 0.482 0.198 
476 OmyJC18ROGR    (2)    2 :  0.051 0.438 0.131 0.381 
477 OmyJC18ROGR    (0)    2 :  0.121 0.149 0.410 0.320 
478 OmyJC18ROGR    (1)    2 :  0.104 0.456 0.124 0.316 
479 OmyJC18ROGR    (1)    2 :  0.082 0.207 0.259 0.452 
480 OmyJC18ROGR    (1)    2 :  0.127 0.366 0.101 0.407 
481 OmyJC18ROGR    (1)    2 :  0.058 0.456 0.106 0.380 
482 OmyJC18ROGR    (1)    2 :  0.057 0.126 0.573 0.244 
483 OmyJC18ROGR    (0)    2 :  0.052 0.434 0.225 0.289 
484 OmyJC18ROGR    (0)    2 :  0.093 0.709 0.073 0.125 
485 OmyJC18ROGR    (0)    2 :  0.044 0.212 0.506 0.238 
486 OmyJC18ROGR    (0)    2 :  0.069 0.295 0.209 0.427 
487 OmyJC18ROGR    (1)    2 :  0.055 0.092 0.728 0.125 
488 OmyJC18ROGR    (1)    2 :  0.093 0.177 0.426 0.304 
489 OmyJC18ROGR    (1)    2 :  0.063 0.629 0.071 0.237 
490 OmyJC18ROGR    (0)    2 :  0.029 0.627 0.045 0.299 
491 OmyJC18ROGR    (0)    2 :  0.081 0.192 0.626 0.101 
492 OmyJC18ROGR    (5)    2 :  0.784 0.045 0.114 0.057 
493 OmyJC18ROGR    (1)    2 :  0.310 0.129 0.288 0.273 
494 OmyJC18ROGR    (3)    2 :  0.062 0.286 0.202 0.450 
495 OmyJC18ROGR    (1)    2 :  0.136 0.179 0.267 0.417 
496 OmyJC18ROGR    (1)    2 :  0.150 0.195 0.051 0.604 
497 OmyJC18ROGR    (1)    2 :  0.025 0.142 0.282 0.551 
498 OmyJC18ROGR    (1)    2 :  0.093 0.390 0.357 0.159 
499 OmyJC18ROGR    (1)    2 :  0.056 0.351 0.292 0.300 
500 OmyJC18ROGR    (1)    2 :  0.124 0.340 0.065 0.472 
501 OmyJC18ROGR    (2)    2 :  0.041 0.112 0.517 0.330 
502 OmyJC18ROGR    (1)    2 :  0.241 0.107 0.543 0.109 
503 OmyJC18ROGR    (2)    2 :  0.142 0.325 0.276 0.257 
504 OmyJC18ROGR    (2)    2 :  0.100 0.135 0.610 0.154 
505 OmyJC18ROGR    (2)    2 :  0.116 0.357 0.130 0.397 
506 OmyJC18ROGR    (3)    2 :  0.084 0.143 0.129 0.643 
507 OmyJC18ROGR    (1)    2 :  0.140 0.197 0.074 0.589 
508 OmyJC18ROGR    (7)    2 :  0.043 0.152 0.115 0.690 
509 OmyJC18ROGR    (1)    2 :  0.211 0.188 0.357 0.244 
510 OmyJC18ROGR    (1)    2 :  0.928 0.028 0.024 0.020 
511 OmyJC18ROGR    (2)    2 :  0.165 0.142 0.551 0.141 
512 OmyJC18ROGR    (1)    2 :  0.040 0.179 0.574 0.207 
513 OmyJC18ROGR    (3)    2 :  0.044 0.341 0.079 0.535 
514 OmyJC18ROGR    (1)    2 :  0.039 0.058 0.837 0.066 
515 OmyJC18ROGR    (5)    2 :  0.052 0.330 0.112 0.506 
516 OmyJC18ROGR    (3)    2 :  0.326 0.074 0.488 0.112 
517 OmyJC18ROGR    (1)    2 :  0.025 0.368 0.414 0.193 
518 OmyJC18ROGR    (1)    2 :  0.538 0.141 0.194 0.128 
519 OmyJC18ROGR    (0)    2 :  0.131 0.113 0.332 0.425 
520 OmyJC18ROGR    (0)    2 :  0.048 0.649 0.197 0.105 
521 OmyJC18ROGR    (2)    2 :  0.126 0.205 0.163 0.506 
522 OmyJC18ROGR    (2)    2 :  0.410 0.139 0.137 0.314 
523 OmyJC18ROGR    (1)    2 :  0.356 0.119 0.381 0.144 
524 OmyJC18ROGR    (3)    2 :  0.181 0.227 0.153 0.439 
525 OmyJC18ROGR    (1)    2 :  0.064 0.366 0.333 0.237 
526 OmyJC18ROGR    (7)    2 :  0.027 0.442 0.077 0.454 
527 OmyJC18ROGR    (4)    2 :  0.128 0.456 0.092 0.325 
528 OmyJC18ROGR    (1)    2 :  0.039 0.536 0.267 0.158 
529 OmyJC18ROGR    (2)    2 :  0.049 0.450 0.092 0.408 
530 OmyJC18ROGR    (1)    2 :  0.086 0.115 0.506 0.293 
531 OmyJC18ROGR    (2)    2 :  0.052 0.629 0.142 0.177 
532 OmyJC18ROGR    (2)    2 :  0.028 0.312 0.150 0.510 
533 OmyJC18ROGR    (5)    2 :  0.874 0.040 0.050 0.036 
534 OmyJC18ROGR    (2)    2 :  0.145 0.281 0.183 0.390 
535 OmyJC18ROGR    (3)    2 :  0.077 0.321 0.402 0.200 
536 OmyJC18ROGR    (0)    2 :  0.157 0.329 0.077 0.437 
537 OmyJC18ROGR    (3)    2 :  0.315 0.303 0.144 0.238 
538 OmyJC18ROGR    (1)    2 :  0.051 0.299 0.220 0.430 
539 OmyJC18ROGR    (1)    2 :  0.085 0.190 0.411 0.314 
540 OmyJC18ROGR    (1)    2 :  0.070 0.451 0.133 0.346 
541 OmyJC18ROGR    (5)    2 :  0.020 0.336 0.381 0.262 
542 OmyJC18ROGR    (4)    2 :  0.137 0.400 0.143 0.320 
543 OmyJC18ROGR    (2)    2 :  0.025 0.223 0.459 0.293 
544 OmyJC18ROGR    (2)    2 :  0.071 0.090 0.411 0.427 
545 OmyJC18ROGR    (2)    2 :  0.339 0.259 0.233 0.168 
546 OmyJC18ROGR    (1)    2 :  0.063 0.283 0.358 0.296 
547 OmyJC18ROGR    (1)    2 :  0.096 0.215 0.361 0.327 
548 OmyJC18ROGR    (1)    2 :  0.755 0.090 0.053 0.102 
549 OmyJC18ROGR    (1)    2 :  0.320 0.384 0.195 0.101 
550 OmyJC18ROGR    (2)    2 :  0.310 0.336 0.095 0.258 
551 OmyJC18ROGR    (4)    2 :  0.173 0.537 0.079 0.211 
552 OmyJC18ROGR    (6)    2 :  0.053 0.613 0.027 0.307 
553 OmyJC18ROGR    (3)    2 :  0.039 0.051 0.845 0.064 
554 OmyJC18ROGR    (1)    2 :  0.027 0.179 0.521 0.273 
555 OmyJC18ROGR    (4)    2 :  0.043 0.265 0.440 0.252 
556 OmyJC18ROGR    (2)    2 :  0.118 0.373 0.239 0.269 
557 OmyJC18ROGR    (0)    2 :  0.049 0.317 0.187 0.446 
558 OmyJC18ROGR    (2)    2 :  0.091 0.227 0.435 0.247 
559 OmyJC18ROGR    (3)    2 :  0.311 0.388 0.106 0.194 
560 OmyJC18ROGR    (6)    2 :  0.047 0.250 0.586 0.117 
561 OmyJC18ROGR    (1)    2 :  0.218 0.407 0.047 0.327 
562 OmyJC18ROGR    (2)    2 :  0.076 0.109 0.650 0.165 
563 OmyJC18ROGR    (2)    2 :  0.345 0.268 0.266 0.120 
564 OmyJC18ROGR    (1)    2 :  0.390 0.208 0.160 0.242 
565 OmyJC18ROGR    (1)    2 :  0.071 0.293 0.052 0.584 
566 OmyJC18ROGR    (1)    2 :  0.036 0.245 0.167 0.552 
567 OmyJC18ROGR    (1)    2 :  0.050 0.700 0.079 0.170 
568 OmyJC18ROGR    (1)    2 :  0.035 0.703 0.089 0.172 
569 OmyJC18ROGR    (3)    2 :  0.062 0.413 0.146 0.379 
570 OmyJC18ROGR    (1)    2 :  0.312 0.160 0.321 0.207 
571 OmyJC18ROGR    (2)    2 :  0.593 0.132 0.140 0.135 
572 OmyJC18ROGR    (5)    2 :  0.175 0.079 0.598 0.148 
573 OmyJC18ROGR    (5)    2 :  0.192 0.514 0.209 0.084 
574 OmyJC18ROGR    (1)    2 :  0.192 0.615 0.070 0.124 
575 OmyJC18ROGR    (2)    2 :  0.039 0.314 0.312 0.335 
576 OmyJC18ROGR    (0)    2 :  0.033 0.183 0.666 0.118 
577 OmyJC18ROGR    (1)    2 :  0.321 0.393 0.106 0.180 
578 OmyJC18ROGR    (1)    2 :  0.025 0.858 0.032 0.085 
579 OmyJC18ROGR    (2)    2 :  0.085 0.228 0.447 0.240 
580 OmyJC18ROGR    (1)    2 :  0.023 0.279 0.383 0.315 
581 OmyJC18ROGR    (1)    2 :  0.163 0.108 0.590 0.139 
582 OmyJC18ROGR    (0)    2 :  0.113 0.279 0.064 0.544 
583 OmyJC18ROGR    (1)    2 :  0.077 0.389 0.356 0.177 
584 OmyJC18ROGR    (2)    2 :  0.340 0.362 0.220 0.077 
585 OmyJC18ROGR    (1)    2 :  0.244 0.534 0.036 0.185 
586 OmyJC18ROGR    (0)    2 :  0.617 0.182 0.124 0.077 
587 OmyJC18ROGR    (1)    2 :  0.040 0.172 0.220 0.568 
588 OmyJC18ROGR    (0)    2 :  0.493 0.258 0.124 0.124 
589 OmyJC18ROGR    (2)    2 :  0.046 0.051 0.837 0.066 
590 OmyJC18ROGR    (2)    2 :  0.205 0.120 0.247 0.428 
591 OmyJC18ROGR    (1)    2 :  0.447 0.233 0.183 0.138 
592 OmyJC18ROGR    (1)    2 :  0.056 0.215 0.269 0.459 
593 OmyJC18ROGR    (1)    2 :  0.306 0.339 0.054 0.301 
594 OmyJC18ROGR    (3)    2 :  0.053 0.348 0.143 0.456 
595 OmyJC18ROGR    (1)    2 :  0.123 0.640 0.125 0.112 
596 OmyJC18ROGR    (1)    2 :  0.103 0.186 0.095 0.617 
597 OmyJC18ROGR    (1)    2 :  0.120 0.447 0.061 0.373 
598 OmyJC18ROGR    (1)    2 :  0.608 0.154 0.093 0.145 
599 OmyJC18ROGR    (1)    2 :  0.099 0.265 0.459 0.177 
600 OmyJC18ROGR    (2)    2 :  0.056 0.174 0.543 0.227 
601 OmyJC18ROGR    (7)    2 :  0.022 0.147 0.757 0.074 
602 OmyJC18ROGR    (3)    2 :  0.092 0.141 0.064 0.703 
603 OmyJC18ROGR    (1)    2 :  0.070 0.292 0.374 0.264 
604 OmyJC18ROGR    (1)    2 :  0.063 0.431 0.245 0.260 
605 OmyJC18ROGR    (1)    2 :  0.049 0.190 0.590 0.170 
606 OmyJC18ROGR    (1)    2 :  0.430 0.355 0.062 0.154 
607 OmyJC18ROGR    (1)    2 :  0.076 0.216 0.229 0.478 
608 OmyJC18ROGR    (1)    2 :  0.069 0.239 0.380 0.312 
609 OmyJC18ROGR    (1)    2 :  0.060 0.056 0.812 0.072 
610 OmyJC18ROGR    (1)    2 :  0.226 0.152 0.346 0.276 
611 OmyJC18ROGR    (1)    2 :  0.072 0.192 0.297 0.439 
612 OmyJC18ROGR    (1)    2 :  0.162 0.442 0.103 0.293 
613 OmyJC18ROGR    (2)    2 :  0.606 0.112 0.165 0.117 
614 OmyJC18ROGR    (1)    2 :  0.283 0.055 0.572 0.090 
615 OmyJC18ROGR    (1)    2 :  0.057 0.372 0.085 0.486 
616 OmyJC18ROGR    (1)    2 :  0.055 0.157 0.067 0.721 
617 OmyJC18ROGR    (1)    2 :  0.041 0.160 0.355 0.444 
618 OmyJC18ROGR    (0)    2 :  0.161 0.428 0.051 0.361 
619 OmyJC18ROGR    (1)    2 :  0.124 0.690 0.060 0.126 
620 OmyJC18ROGR    (1)    2 :  0.309 0.280 0.170 0.240 
621 OmyJC18ROGR    (1)    2 :  0.231 0.190 0.362 0.217 
622 OmyJC18ROGR    (1)    2 :  0.020 0.167 0.282 0.531 
623 OmyJC18ROGR    (1)    2 :  0.320 0.455 0.080 0.145 
624 OmyJC18ROGR    (0)    2 :  0.112 0.480 0.230 0.178 
625 OmyJC18ROGR    (0)    2 :  0.050 0.798 0.039 0.113 
626 OmyJC18ROGR    (1)    2 :  0.032 0.148 0.122 0.698 
627 OmyJC18ROGR    (1)    2 :  0.038 0.342 0.074 0.547 
628 OmyJC18ROGR    (1)    2 :  0.542 0.209 0.059 0.191 
629 OmyJC18ROGR    (1)    2 :  0.905 0.033 0.022 0.041 
630 OmyJC18ROGR    (2)    2 :  0.107 0.735 0.055 0.103 
631 OmyJC18ROGR    (5)    2 :  0.337 0.138 0.437 0.087 
632 OmyJC18ROGR    (2)    2 :  0.084 0.300 0.151 0.464 
633 OmyJC18ROGR    (1)    2 :  0.343 0.383 0.038 0.236 
634 OmyJC18ROGR    (4)    2 :  0.028 0.392 0.333 0.247 
635 OmyJC18ROGR    (1)    2 :  0.024 0.826 0.024 0.126 
636 OmyJC18ROGR    (0)    2 :  0.081 0.511 0.109 0.299 
637 OmyJC18ROGR    (1)    2 :  0.039 0.061 0.832 0.069 
638 OmyJC18ROGR    (0)    2 :  0.153 0.562 0.051 0.235 
639 OmyJC18ROGR    (0)    2 :  0.069 0.284 0.490 0.157 
640 OmyJC18ROGR    (1)    2 :  0.151 0.143 0.126 0.581 
641 OmyJC18ROGR    (1)    2 :  0.128 0.277 0.223 0.372 
642 OmyJC18ROGR    (1)    2 :  0.399 0.185 0.174 0.242 
643 OmyJC18ROGR    (1)    2 :  0.018 0.804 0.039 0.138 
644 OmyJC18ROGR    (1)    2 :  0.038 0.591 0.053 0.318 
645 OmyJC18ROGR    (0)    2 :  0.253 0.456 0.119 0.172 
646 OmyAC19ROGR    (1)    3 :  0.078 0.221 0.173 0.529 
647 OmyJC18ROGR    (1)    2 :  0.105 0.610 0.114 0.171 
648 OmyAC19ROGR    (0)    3 :  0.031 0.302 0.139 0.529 
649 OmyAC19APPR    (1)    3 :  0.023 0.844 0.034 0.099 
650 OmyAC19APPR    (1)    3 :  0.086 0.704 0.048 0.162 
651 OmyJC18ROGR    (1)    2 :  0.046 0.558 0.222 0.175 
652 OmyAC19APPR    (0)    3 :  0.054 0.597 0.132 0.217 
653 OmyAC19CORH    (2)    4 :  0.049 0.287 0.519 0.145 
654 OmyJC18ROGR    (0)    2 :  0.039 0.724 0.090 0.147 
655 OmyAC19CORH    (1)    4 :  0.183 0.124 0.524 0.170 
656 OmyAC19CORH    (1)    4 :  0.052 0.092 0.754 0.101 
657 OmyAC19CORH    (1)    4 :  0.026 0.033 0.890 0.051 
658 OmyAC19CORH    (0)    4 :  0.057 0.030 0.871 0.043 
659 OmyAC19CORH    (0)    4 :  0.032 0.034 0.885 0.050 
660 OmyAC19ROGR    (3)    3 :  0.155 0.325 0.039 0.481 
661 OmyJC18ROGR    (1)    2 :  0.095 0.366 0.199 0.340 
662 OmyAC19ROGR    (1)    3 :  0.071 0.406 0.097 0.426 
663 OmyAC19ROGR    (1)    3 :  0.047 0.635 0.058 0.261 
664 OmyAC19APPR    (1)    3 :  0.081 0.132 0.113 0.674 
665 OmyAC19APPR    (1)    3 :  0.123 0.553 0.049 0.275 
666 OmyJC18ROGR    (0)    2 :  0.643 0.106 0.148 0.103 
667 OmyAC19APPR    (1)    3 :  0.054 0.800 0.041 0.105 
668 OmyAC19CORH    (1)    4 :  0.314 0.113 0.312 0.261 
669 OmyAC19CORH    (0)    4 :  0.040 0.051 0.873 0.036 
670 OmyAC19CORH    (1)    4 :  0.027 0.053 0.801 0.119 
671 OmyAC19CORH    (1)    4 :  0.074 0.227 0.625 0.075 
672 OmyAC19CORH    (1)    4 :  0.050 0.096 0.782 0.072 
673 OmyAC19CORH    (0)    4 :  0.053 0.178 0.500 0.269 
674 OmyAC19ROGR    (2)    3 :  0.047 0.395 0.132 0.426 
675 OmyAC19ROGR    (5)    3 :  0.070 0.316 0.114 0.500 
