

----------------------------------------------------
STRUCTURE by Pritchard, Stephens and Donnelly (2000)
     and Falush, Stephens and Pritchard (2003)
       Code by Pritchard, Falush and Hubisz
             Version 2.3.4 (Jul 2012)
----------------------------------------------------



Command line arguments:   bin/structure -m "/Users/ddayan/FRA/premature_migration/Rogue_Half-Pounder/rogue_half_pounder_repo/structure/halfpounder/10k_20k_adm_corr/mainparams" -e "/Users/ddayan/FRA/premature_migration/Rogue_Half-Pounder/rogue_half_pounder_repo/structure/halfpounder/10k_20k_adm_corr/extraparams" 
Input File:    /Users/ddayan/FRA/premature_migration/Rogue_Half-Pounder/rogue_half_pounder_repo/structure/halfpounder/project_data

Run parameters:
   882 individuals
   330 loci
   3 populations assumed
   10000 Burn-in period
   20000 Reps


--------------------------------------------
Proportion of membership of each pre-defined
 population in each of the 3 clusters

Given    Inferred Clusters       Number of
 Pop       1      2      3      Individuals

  1:     0.364  0.336  0.300      157
  2:     0.374  0.330  0.296      643
  3:     0.611  0.233  0.156       40
  4:     0.129  0.755  0.116       42
--------------------------------------------

Allele-freq. divergence among pops (Net nucleotide distance),
computed using point estimates of P.

      1       2       3      
 1      -    0.0034  0.0084  
 2   0.0034     -    0.0106  
 3   0.0084  0.0106     -    

Average distances (expected heterozygosity) between individuals in same cluster:
cluster  1  : 0.2893 
cluster  2  : 0.2826 
cluster  3  : 0.2570 

--------------------------------------------
Estimated Ln Prob of Data   = -247713.0
Mean value of ln likelihood = -246794.0
Variance of ln likelihood   = 1838.1
Mean value of alpha         = 0.5677

Mean value of Fst_1         = 0.0054
Mean value of Fst_2         = 0.0280
Mean value of Fst_3         = 0.0745


Inferred ancestry of individuals:
        Label (%Miss) Pop:  Inferred clusters
  1 OmyAC19ROGR    (0)    1 :  0.395 0.555 0.050 
  2 OmyAC19ROGR    (1)    1 :  0.237 0.547 0.216 
  3 OmyAC19ROGR    (1)    1 :  0.247 0.563 0.189 
  4 OmyAC19ROGR    (1)    1 :  0.514 0.402 0.084 
  5 OmyAC19ROGR    (2)    1 :  0.039 0.028 0.933 
  6 OmyAC19ROGR    (1)    1 :  0.372 0.195 0.433 
  7 OmyAC19ROGR    (1)    1 :  0.325 0.308 0.367 
  8 OmyAC19ROGR    (0)    1 :  0.449 0.494 0.056 
  9 OmyAC19ROGR    (1)    1 :  0.228 0.407 0.366 
 10 OmyAC19ROGR    (1)    1 :  0.185 0.244 0.571 
 11 OmyAC19ROGR    (0)    1 :  0.396 0.343 0.261 
 12 OmyAC19ROGR    (0)    1 :  0.500 0.207 0.293 
 13 OmyAC19ROGR    (1)    1 :  0.373 0.520 0.107 
 14 OmyAC19ROGR    (1)    1 :  0.360 0.081 0.559 
 15 OmyAC19ROGR    (2)    1 :  0.354 0.096 0.550 
 16 OmyAC19ROGR    (1)    1 :  0.348 0.370 0.282 
 17 OmyAC19ROGR    (1)    1 :  0.682 0.070 0.248 
 18 OmyAC19ROGR    (2)    1 :  0.256 0.653 0.091 
 19 OmyAC19ROGR    (1)    1 :  0.385 0.440 0.175 
 20 OmyAC19ROGR    (1)    1 :  0.552 0.094 0.354 
 21 OmyAC19ROGR    (1)    1 :  0.318 0.292 0.390 
 22 OmyAC19ROGR    (1)    1 :  0.189 0.641 0.170 
 23 OmyAC19ROGR    (1)    1 :  0.285 0.322 0.394 
 24 OmyAC19ROGR    (1)    1 :  0.110 0.837 0.053 
 25 OmyAC19ROGR    (1)    1 :  0.438 0.206 0.356 
 26 OmyAC19ROGR    (1)    1 :  0.248 0.481 0.271 
 27 OmyAC19ROGR    (1)    1 :  0.693 0.149 0.157 
 28 OmyAC19ROGR    (1)    1 :  0.069 0.856 0.075 
 29 OmyAC19ROGR    (1)    1 :  0.392 0.422 0.186 
 30 OmyAC19ROGR    (1)    1 :  0.158 0.130 0.712 
 31 OmyAC19ROGR    (1)    1 :  0.456 0.417 0.127 
 32 OmyAC19ROGR    (1)    1 :  0.298 0.426 0.277 
 33 OmyAC19ROGR    (1)    1 :  0.217 0.521 0.262 
 34 OmyAC19ROGR    (1)    1 :  0.235 0.128 0.638 
 35 OmyAC19ROGR    (0)    1 :  0.219 0.558 0.223 
 36 OmyAC19ROGR    (1)    1 :  0.366 0.246 0.388 
 37 OmyAC19ROGR    (1)    1 :  0.220 0.524 0.256 
 38 OmyAC19ROGR    (1)    1 :  0.088 0.353 0.559 
 39 OmyAC19ROGR    (1)    1 :  0.417 0.214 0.368 
 40 OmyAC19ROGR    (0)    1 :  0.481 0.107 0.412 
 41 OmyAC19ROGR    (1)    1 :  0.694 0.199 0.106 
 42 OmyAC19ROGR    (1)    1 :  0.117 0.052 0.831 
 43 OmyAC19ROGR    (1)    1 :  0.385 0.464 0.151 
 44 OmyAC19ROGR    (7)    1 :  0.434 0.394 0.172 
 45 OmyAC19ROGR    (2)    1 :  0.159 0.408 0.434 
 46 OmyAC19ROGR    (1)    1 :  0.311 0.521 0.168 
 47 OmyAC19ROGR    (0)    1 :  0.130 0.685 0.185 
 48 OmyAC19ROGR    (1)    1 :  0.530 0.331 0.139 
 49 OmyAC19ROGR    (0)    1 :  0.357 0.511 0.132 
 50 OmyAC19ROGR    (1)    1 :  0.803 0.106 0.090 
 51 OmyAC19ROGR    (2)    1 :  0.135 0.120 0.744 
 52 OmyAC19ROGR    (1)    1 :  0.072 0.073 0.855 
 53 OmyAC19ROGR    (2)    1 :  0.164 0.731 0.104 
 54 OmyAC19ROGR    (1)    1 :  0.222 0.595 0.183 
 55 OmyAC19ROGR    (3)    1 :  0.564 0.186 0.250 
 56 OmyAC19ROGR    (1)    1 :  0.200 0.572 0.228 
 57 OmyAC19ROGR    (0)    1 :  0.196 0.731 0.073 
 58 OmyAC19ROGR    (1)    1 :  0.136 0.107 0.757 
 59 OmyAC19ROGR    (0)    1 :  0.278 0.634 0.088 
 60 OmyAC19ROGR    (2)    1 :  0.450 0.243 0.308 
 61 OmyAC19ROGR    (1)    1 :  0.246 0.579 0.175 
 62 OmyAC19ROGR    (1)    1 :  0.504 0.350 0.147 
 63 OmyAC19ROGR    (0)    1 :  0.163 0.499 0.338 
 64 OmyAC19ROGR    (3)    1 :  0.605 0.210 0.184 
 65 OmyAC19ROGR    (1)    1 :  0.476 0.342 0.182 
 66 OmyAC19ROGR    (4)    1 :  0.406 0.126 0.468 
 67 OmyAC19ROGR    (0)    1 :  0.317 0.565 0.117 
 68 OmyAC19ROGR    (2)    1 :  0.200 0.653 0.147 
 69 OmyAC19ROGR    (2)    1 :  0.091 0.525 0.384 
 70 OmyAC19ROGR    (1)    1 :  0.324 0.555 0.121 
 71 OmyAC19ROGR    (0)    1 :  0.484 0.398 0.118 
 72 OmyAC19ROGR    (5)    1 :  0.554 0.376 0.070 
 73 OmyAC19ROGR    (1)    1 :  0.129 0.459 0.412 
 74 OmyAC19ROGR    (1)    1 :  0.803 0.106 0.091 
 75 OmyAC19ROGR    (1)    1 :  0.239 0.508 0.253 
 76 OmyAC19ROGR    (1)    1 :  0.140 0.734 0.126 
 77 OmyAC19ROGR    (1)    1 :  0.055 0.042 0.903 
 78 OmyAC19ROGR    (1)    1 :  0.491 0.378 0.131 
 79 OmyAC19ROGR    (2)    1 :  0.272 0.552 0.176 
 80 OmyAC19ROGR    (2)    1 :  0.116 0.141 0.743 
 81 OmyAC19ROGR    (2)    1 :  0.230 0.203 0.566 
 82 OmyAC19ROGR    (1)    1 :  0.187 0.747 0.066 
 83 OmyAC19ROGR    (0)    1 :  0.247 0.603 0.150 
 84 OmyAC19ROGR    (1)    1 :  0.376 0.210 0.413 
 85 OmyAC19ROGR    (6)    1 :  0.429 0.458 0.113 
 86 OmyAC19ROGR    (1)    1 :  0.715 0.082 0.203 
 87 OmyAC19ROGR    (2)    1 :  0.321 0.559 0.120 
 88 OmyJC19ROGR    (0)    2 :  0.081 0.053 0.866 
 89 OmyJC19ROGR    (1)    2 :  0.576 0.221 0.203 
 90 OmyJC19ROGR    (1)    2 :  0.057 0.059 0.884 
 91 OmyJC19ROGR    (2)    2 :  0.451 0.500 0.049 
 92 OmyJC19ROGR    (1)    2 :  0.167 0.696 0.137 
 93 OmyJC19ROGR    (1)    2 :  0.113 0.841 0.046 
 94 OmyJC19ROGR    (1)    2 :  0.515 0.123 0.363 
 95 OmyJC19ROGR    (0)    2 :  0.423 0.166 0.412 
 96 OmyJC19ROGR    (2)    2 :  0.491 0.269 0.239 
 97 OmyJC19ROGR    (1)    2 :  0.072 0.674 0.254 
 98 OmyJC19ROGR    (0)    2 :  0.561 0.312 0.127 
 99 OmyJC19ROGR    (0)    2 :  0.170 0.596 0.234 
100 OmyJC19ROGR    (1)    2 :  0.425 0.434 0.141 
101 OmyJC19ROGR    (1)    2 :  0.130 0.278 0.592 
102 OmyJC19ROGR    (1)    2 :  0.652 0.148 0.200 
103 OmyJC19ROGR    (2)    2 :  0.243 0.385 0.372 
104 OmyJC19ROGR    (1)    2 :  0.168 0.731 0.101 
105 OmyJC19ROGR    (1)    2 :  0.125 0.550 0.325 
106 OmyJC19ROGR    (1)    2 :  0.035 0.072 0.893 
107 OmyJC19ROGR    (2)    2 :  0.515 0.245 0.240 
108 OmyJC19ROGR    (0)    2 :  0.318 0.527 0.155 
109 OmyJC19ROGR    (1)    2 :  0.449 0.111 0.439 
110 OmyJC19ROGR    (1)    2 :  0.139 0.547 0.314 
111 OmyJC19ROGR    (1)    2 :  0.149 0.668 0.183 
112 OmyJC19ROGR    (2)    2 :  0.619 0.157 0.224 
113 OmyJC19ROGR    (1)    2 :  0.240 0.117 0.643 
114 OmyJC19ROGR    (3)    2 :  0.415 0.410 0.174 
115 OmyJC19ROGR    (2)    2 :  0.172 0.683 0.145 
116 OmyJC19ROGR    (0)    2 :  0.459 0.267 0.274 
117 OmyJC19ROGR    (1)    2 :  0.376 0.199 0.425 
118 OmyJC19ROGR    (1)    2 :  0.463 0.437 0.100 
119 OmyJC19ROGR    (3)    2 :  0.571 0.252 0.177 
120 OmyJC19ROGR    (1)    2 :  0.145 0.809 0.046 
121 OmyJC19ROGR    (0)    2 :  0.669 0.172 0.159 
122 OmyJC19ROGR    (1)    2 :  0.389 0.439 0.172 
123 OmyJC19ROGR    (1)    2 :  0.413 0.522 0.065 
124 OmyJC19ROGR    (0)    2 :  0.494 0.225 0.281 
125 OmyJC19ROGR    (1)    2 :  0.178 0.593 0.228 
126 OmyJC19ROGR    (1)    2 :  0.162 0.133 0.705 
127 OmyJC19ROGR    (1)    2 :  0.624 0.200 0.176 
128 OmyJC19ROGR    (1)    2 :  0.105 0.792 0.103 
129 OmyJC19ROGR    (1)    2 :  0.244 0.321 0.435 
130 OmyJC19ROGR    (1)    2 :  0.711 0.121 0.168 
131 OmyJC19ROGR    (1)    2 :  0.244 0.524 0.232 
132 OmyJC19ROGR    (1)    2 :  0.165 0.698 0.138 
133 OmyJC19ROGR    (1)    2 :  0.503 0.383 0.115 
134 OmyJC19ROGR    (1)    2 :  0.504 0.273 0.223 
135 OmyJC19ROGR    (1)    2 :  0.068 0.872 0.060 
136 OmyJC19ROGR    (3)    2 :  0.572 0.317 0.111 
137 OmyJC19ROGR    (1)    2 :  0.485 0.137 0.378 
138 OmyJC19ROGR    (1)    2 :  0.193 0.078 0.729 
139 OmyJC19ROGR    (2)    2 :  0.598 0.316 0.086 
140 OmyJC19ROGR    (3)    2 :  0.540 0.196 0.264 
141 OmyJC19ROGR    (0)    2 :  0.185 0.289 0.527 
142 OmyJC19ROGR    (1)    2 :  0.225 0.319 0.456 
143 OmyJC19ROGR    (0)    2 :  0.135 0.702 0.162 
144 OmyJC19ROGR    (1)    2 :  0.601 0.343 0.057 
145 OmyJC19ROGR    (1)    2 :  0.724 0.176 0.100 
146 OmyJC19ROGR    (2)    2 :  0.200 0.654 0.146 
147 OmyJC19ROGR    (1)    2 :  0.522 0.307 0.171 
148 OmyJC19ROGR    (1)    2 :  0.545 0.391 0.065 
149 OmyJC19ROGR    (2)    2 :  0.243 0.544 0.213 
150 OmyJC19ROGR    (2)    2 :  0.184 0.650 0.165 
151 OmyJC19ROGR    (1)    2 :  0.340 0.408 0.252 
152 OmyJC19ROGR    (0)    2 :  0.475 0.348 0.177 
153 OmyJC19ROGR    (1)    2 :  0.090 0.806 0.104 
154 OmyJC19ROGR    (2)    2 :  0.663 0.146 0.190 
155 OmyJC19ROGR    (1)    2 :  0.428 0.365 0.207 
156 OmyJC19ROGR    (1)    2 :  0.409 0.329 0.261 
157 OmyJC19ROGR    (0)    2 :  0.322 0.488 0.190 
158 OmyJC19ROGR    (2)    2 :  0.489 0.434 0.077 
159 OmyJC19ROGR    (1)    2 :  0.745 0.114 0.141 
160 OmyJC19ROGR    (0)    2 :  0.387 0.442 0.171 
161 OmyJC19ROGR    (1)    2 :  0.281 0.614 0.105 
162 OmyJC19ROGR    (1)    2 :  0.382 0.418 0.199 
163 OmyJC19ROGR    (1)    2 :  0.175 0.698 0.127 
164 OmyJC19ROGR    (1)    2 :  0.703 0.210 0.088 
165 OmyJC19ROGR    (0)    2 :  0.490 0.443 0.066 
166 OmyJC19ROGR    (0)    2 :  0.660 0.177 0.164 
167 OmyJC19ROGR    (2)    2 :  0.346 0.430 0.225 
168 OmyJC19ROGR    (0)    2 :  0.554 0.250 0.196 
169 OmyJC19ROGR    (1)    2 :  0.047 0.037 0.916 
170 OmyJC19ROGR    (1)    2 :  0.116 0.732 0.152 
171 OmyJC19ROGR    (1)    2 :  0.704 0.202 0.094 
172 OmyJC19ROGR    (0)    2 :  0.134 0.337 0.529 
173 OmyJC19ROGR    (1)    2 :  0.050 0.050 0.900 
174 OmyJC19ROGR    (0)    2 :  0.529 0.333 0.138 
175 OmyJC19ROGR    (1)    2 :  0.611 0.289 0.100 
176 OmyJC19ROGR    (1)    2 :  0.206 0.655 0.139 
177 OmyJC19ROGR    (1)    2 :  0.126 0.830 0.044 
178 OmyJC19ROGR    (0)    2 :  0.791 0.081 0.128 
179 OmyJC19ROGR    (1)    2 :  0.223 0.712 0.065 
180 OmyJC19ROGR    (1)    2 :  0.077 0.109 0.813 
181 OmyJC19ROGR    (1)    2 :  0.631 0.231 0.138 
182 OmyJC19ROGR    (1)    2 :  0.424 0.216 0.360 
183 OmyJC19ROGR    (1)    2 :  0.573 0.311 0.115 
184 OmyJC19ROGR    (1)    2 :  0.187 0.176 0.637 
185 OmyJC19ROGR    (2)    2 :  0.687 0.267 0.047 
186 OmyJC19ROGR    (1)    2 :  0.139 0.632 0.229 
187 OmyJC19ROGR    (0)    2 :  0.754 0.160 0.086 
188 OmyJC19ROGR    (1)    2 :  0.455 0.380 0.166 
189 OmyJC19ROGR    (0)    2 :  0.193 0.505 0.302 
190 OmyJC19ROGR    (0)    2 :  0.162 0.689 0.149 
191 OmyJC19ROGR    (2)    2 :  0.174 0.721 0.106 
192 OmyJC19ROGR    (1)    2 :  0.804 0.080 0.116 
193 OmyJC19ROGR    (1)    2 :  0.435 0.271 0.295 
194 OmyJC19ROGR    (0)    2 :  0.778 0.157 0.065 
195 OmyJC19ROGR    (1)    2 :  0.115 0.068 0.817 
196 OmyJC19ROGR    (1)    2 :  0.749 0.134 0.117 
197 OmyJC19ROGR    (1)    2 :  0.244 0.588 0.168 
198 OmyJC19ROGR    (1)    2 :  0.111 0.099 0.790 
199 OmyJC19ROGR    (0)    2 :  0.661 0.228 0.111 
200 OmyJC19ROGR    (0)    2 :  0.188 0.668 0.144 
201 OmyJC19ROGR    (1)    2 :  0.655 0.257 0.087 
202 OmyJC19ROGR    (0)    2 :  0.148 0.813 0.040 
203 OmyJC19ROGR    (0)    2 :  0.427 0.444 0.129 
204 OmyJC19ROGR    (1)    2 :  0.541 0.302 0.157 
205 OmyJC19ROGR    (1)    2 :  0.460 0.296 0.244 
206 OmyJC19ROGR    (1)    2 :  0.074 0.082 0.844 
207 OmyJC19ROGR    (1)    2 :  0.435 0.191 0.374 
208 OmyJC19ROGR    (1)    2 :  0.663 0.208 0.129 
209 OmyJC19ROGR    (0)    2 :  0.131 0.260 0.609 
210 OmyJC19ROGR    (1)    2 :  0.067 0.043 0.890 
211 OmyJC19ROGR    (0)    2 :  0.374 0.272 0.354 
212 OmyJC19ROGR    (1)    2 :  0.145 0.499 0.356 
213 OmyJC19ROGR    (1)    2 :  0.414 0.473 0.113 
214 OmyJC19ROGR    (1)    2 :  0.591 0.223 0.186 
215 OmyJC19ROGR    (1)    2 :  0.655 0.246 0.099 
216 OmyJC19ROGR    (1)    2 :  0.105 0.056 0.839 
217 OmyJC19ROGR    (1)    2 :  0.296 0.212 0.492 
218 OmyJC19ROGR    (1)    2 :  0.196 0.708 0.095 
219 OmyJC19ROGR    (1)    2 :  0.656 0.091 0.253 
220 OmyJC19ROGR    (1)    2 :  0.502 0.454 0.043 
221 OmyJC19ROGR    (0)    2 :  0.281 0.247 0.473 
222 OmyJC19ROGR    (1)    2 :  0.407 0.477 0.117 
223 OmyJC19ROGR    (0)    2 :  0.587 0.243 0.170 
224 OmyJC19ROGR    (1)    2 :  0.760 0.162 0.078 
225 OmyJC19ROGR    (1)    2 :  0.038 0.041 0.920 
226 OmyJC19ROGR    (0)    2 :  0.497 0.126 0.378 
227 OmyJC19ROGR    (1)    2 :  0.050 0.077 0.873 
228 OmyJC19ROGR    (1)    2 :  0.764 0.113 0.123 
229 OmyJC19ROGR    (2)    2 :  0.374 0.517 0.109 
230 OmyJC19ROGR    (1)    2 :  0.209 0.414 0.378 
231 OmyJC19ROGR    (1)    2 :  0.657 0.136 0.207 
232 OmyJC19ROGR    (2)    2 :  0.392 0.470 0.138 
233 OmyJC19ROGR    (1)    2 :  0.538 0.202 0.259 
234 OmyJC19ROGR    (1)    2 :  0.050 0.059 0.891 
235 OmyJC19ROGR    (0)    2 :  0.217 0.171 0.612 
236 OmyJC19ROGR    (1)    2 :  0.472 0.435 0.093 
237 OmyJC19ROGR    (1)    2 :  0.456 0.323 0.221 
238 OmyJC19ROGR    (0)    2 :  0.581 0.147 0.272 
239 OmyJC19ROGR    (1)    2 :  0.570 0.172 0.258 
240 OmyJC19ROGR    (1)    2 :  0.546 0.307 0.147 
241 OmyJC19ROGR    (0)    2 :  0.192 0.596 0.213 
242 OmyJC19ROGR    (1)    2 :  0.472 0.449 0.079 
243 OmyJC19ROGR    (1)    2 :  0.279 0.592 0.129 
244 OmyJC19ROGR    (1)    2 :  0.297 0.540 0.163 
245 OmyJC19ROGR    (0)    2 :  0.037 0.038 0.926 
246 OmyJC19ROGR    (1)    2 :  0.150 0.518 0.332 
247 OmyJC19ROGR    (0)    2 :  0.174 0.248 0.578 
248 OmyJC19ROGR    (1)    2 :  0.159 0.209 0.632 
249 OmyJC19ROGR    (1)    2 :  0.611 0.183 0.206 
250 OmyJC19ROGR    (0)    2 :  0.361 0.362 0.276 
251 OmyJC19ROGR    (1)    2 :  0.489 0.303 0.208 
252 OmyJC19ROGR    (0)    2 :  0.082 0.820 0.098 
253 OmyJC19ROGR    (0)    2 :  0.556 0.219 0.225 
254 OmyJC19ROGR    (1)    2 :  0.251 0.581 0.168 
255 OmyJC19ROGR    (1)    2 :  0.171 0.731 0.098 
256 OmyJC19ROGR    (1)    2 :  0.159 0.395 0.446 
257 OmyJC19ROGR    (0)    2 :  0.509 0.250 0.241 
258 OmyAC19ROGR    (1)    1 :  0.287 0.342 0.371 
259 OmyAC19ROGR    (2)    1 :  0.216 0.173 0.611 
260 OmyAC19ROGR    (1)    1 :  0.586 0.316 0.098 
261 OmyAC19ROGR    (0)    1 :  0.687 0.138 0.176 
262 OmyAC19ROGR    (1)    1 :  0.382 0.325 0.293 
263 OmyAC19ROGR    (0)    1 :  0.235 0.657 0.108 
264 OmyAC19ROGR    (1)    1 :  0.554 0.240 0.206 
265 OmyAC19ROGR    (1)    1 :  0.603 0.264 0.133 
266 OmyAC19ROGR    (1)    1 :  0.752 0.185 0.063 
267 OmyAC19ROGR    (1)    1 :  0.391 0.267 0.342 
268 OmyAC19ROGR    (2)    1 :  0.178 0.551 0.271 
269 OmyAC19ROGR    (1)    1 :  0.385 0.240 0.375 
270 OmyAC19ROGR    (1)    1 :  0.232 0.664 0.104 
271 OmyAC19ROGR    (1)    1 :  0.266 0.206 0.528 
272 OmyAC19ROGR    (0)    1 :  0.495 0.123 0.383 
273 OmyAC19ROGR    (0)    1 :  0.404 0.471 0.125 
274 OmyAC19ROGR    (1)    1 :  0.116 0.080 0.803 
275 OmyAC19ROGR    (1)    1 :  0.283 0.430 0.287 
276 OmyAC19ROGR    (1)    1 :  0.627 0.187 0.186 
277 OmyAC19ROGR    (1)    1 :  0.606 0.163 0.231 
278 OmyAC19ROGR    (1)    1 :  0.386 0.142 0.472 
279 OmyAC19ROGR    (0)    1 :  0.511 0.127 0.362 
280 OmyAC19ROGR    (1)    1 :  0.249 0.478 0.273 
281 OmyAC19ROGR    (1)    1 :  0.628 0.214 0.159 
282 OmyAC19ROGR    (1)    1 :  0.309 0.338 0.353 
283 OmyAC19ROGR    (1)    1 :  0.635 0.186 0.179 
284 OmyAC19ROGR    (0)    1 :  0.506 0.399 0.095 
285 OmyAC19ROGR    (1)    1 :  0.350 0.512 0.138 
286 OmyAC19ROGR    (1)    1 :  0.599 0.328 0.073 
287 OmyAC19ROGR    (1)    1 :  0.033 0.027 0.940 
288 OmyAC19ROGR    (1)    1 :  0.121 0.087 0.792 
289 OmyAC19ROGR    (1)    1 :  0.551 0.163 0.286 
290 OmyAC19ROGR    (1)    1 :  0.044 0.045 0.912 
291 OmyAC19ROGR    (1)    1 :  0.139 0.347 0.514 
292 OmyAC19ROGR    (1)    1 :  0.414 0.191 0.394 
293 OmyAC19ROGR    (1)    1 :  0.174 0.711 0.115 
294 OmyAC19ROGR    (1)    1 :  0.515 0.120 0.365 
295 OmyAC19ROGR    (0)    1 :  0.458 0.461 0.081 
296 OmyAC19ROGR    (0)    1 :  0.686 0.212 0.102 
297 OmyAC19ROGR    (1)    1 :  0.105 0.067 0.828 
298 OmyAC19ROGR    (0)    1 :  0.814 0.107 0.079 
299 OmyAC19ROGR    (1)    1 :  0.195 0.416 0.389 
300 OmyAC19ROGR    (1)    1 :  0.609 0.264 0.127 
301 OmyAC19ROGR    (0)    1 :  0.071 0.052 0.878 
302 OmyAC19ROGR    (1)    1 :  0.338 0.109 0.552 
303 OmyAC19ROGR    (1)    1 :  0.518 0.171 0.311 
304 OmyAC19ROGR    (1)    1 :  0.431 0.218 0.351 
305 OmyAC19ROGR    (1)    1 :  0.554 0.337 0.109 
306 OmyAC19ROGR    (1)    1 :  0.221 0.052 0.727 
307 OmyAC19ROGR    (2)    1 :  0.415 0.508 0.077 
308 OmyAC19ROGR    (0)    1 :  0.560 0.153 0.287 
309 OmyAC19ROGR    (2)    1 :  0.046 0.057 0.897 
310 OmyAC19ROGR    (0)    1 :  0.292 0.161 0.547 
311 OmyAC19ROGR    (0)    1 :  0.246 0.126 0.628 
312 OmyAC19ROGR    (0)    1 :  0.235 0.652 0.113 
313 OmyAC19ROGR    (1)    1 :  0.593 0.340 0.068 
314 OmyAC19ROGR    (0)    1 :  0.156 0.716 0.128 
315 OmyAC19ROGR    (1)    1 :  0.398 0.390 0.212 
316 OmyAC19ROGR    (1)    1 :  0.650 0.240 0.110 
317 OmyAC19ROGR    (1)    1 :  0.249 0.602 0.149 
318 OmyAC19ROGR    (1)    1 :  0.238 0.667 0.095 
319 OmyAC19ROGR    (1)    1 :  0.473 0.458 0.069 
320 OmyAC19ROGR    (0)    1 :  0.677 0.273 0.050 
321 OmyAC19ROGR    (1)    1 :  0.710 0.201 0.089 
322 OmyAC19ROGR    (0)    1 :  0.351 0.154 0.495 
323 OmyAC19ROGR    (1)    1 :  0.820 0.091 0.089 
324 OmyAC19ROGR    (1)    1 :  0.532 0.373 0.094 
325 OmyAC19ROGR    (1)    1 :  0.275 0.154 0.571 
326 OmyAC19ROGR    (1)    1 :  0.680 0.152 0.168 
327 OmyAC19ROGR    (1)    1 :  0.591 0.291 0.118 
328 OmyJC18ROGR    (1)    2 :  0.291 0.599 0.110 
329 OmyJC18ROGR    (0)    2 :  0.563 0.228 0.209 
330 OmyJC18ROGR    (0)    2 :  0.739 0.084 0.177 
331 OmyJC18ROGR    (1)    2 :  0.171 0.143 0.685 
332 OmyJC18ROGR    (1)    2 :  0.100 0.122 0.778 
333 OmyJC18ROGR    (1)    2 :  0.088 0.075 0.838 
334 OmyJC18ROGR    (1)    2 :  0.315 0.352 0.333 
335 OmyJC18ROGR    (0)    2 :  0.252 0.664 0.084 
336 OmyJC18ROGR    (1)    2 :  0.073 0.058 0.869 
337 OmyJC18ROGR    (1)    2 :  0.709 0.166 0.125 
338 OmyJC18ROGR    (1)    2 :  0.098 0.044 0.858 
339 OmyJC18ROGR    (1)    2 :  0.642 0.186 0.173 
340 OmyJC18ROGR    (0)    2 :  0.224 0.516 0.261 
341 OmyJC18ROGR    (1)    2 :  0.404 0.533 0.064 
342 OmyJC18ROGR    (2)    2 :  0.316 0.177 0.507 
343 OmyJC18ROGR    (2)    2 :  0.148 0.420 0.432 
344 OmyJC18ROGR    (3)    2 :  0.175 0.243 0.582 
345 OmyJC18ROGR    (2)    2 :  0.116 0.153 0.731 
346 OmyJC18ROGR    (4)    2 :  0.810 0.109 0.081 
347 OmyJC18ROGR    (3)    2 :  0.698 0.141 0.161 
348 OmyJC18ROGR    (1)    2 :  0.418 0.217 0.365 
349 OmyJC18ROGR    (1)    2 :  0.694 0.180 0.125 
350 OmyJC18ROGR    (1)    2 :  0.739 0.126 0.135 
351 OmyJC18ROGR    (0)    2 :  0.152 0.073 0.775 
352 OmyJC18ROGR    (4)    2 :  0.229 0.195 0.577 
353 OmyJC18ROGR    (2)    2 :  0.253 0.375 0.373 
354 OmyJC18ROGR    (1)    2 :  0.501 0.227 0.272 
355 OmyJC18ROGR    (2)    2 :  0.575 0.292 0.133 
356 OmyJC18ROGR    (1)    2 :  0.328 0.569 0.103 
357 OmyJC18ROGR    (2)    2 :  0.074 0.246 0.681 
358 OmyJC18ROGR    (2)    2 :  0.361 0.577 0.061 
359 OmyJC18ROGR    (3)    2 :  0.493 0.264 0.243 
360 OmyJC18ROGR    (0)    2 :  0.267 0.589 0.145 
361 OmyJC18ROGR    (1)    2 :  0.745 0.191 0.064 
362 OmyJC18ROGR    (1)    2 :  0.443 0.200 0.357 
363 OmyJC18ROGR    (2)    2 :  0.246 0.363 0.390 
364 OmyJC18ROGR    (3)    2 :  0.738 0.199 0.064 
365 OmyJC18ROGR    (4)    2 :  0.730 0.142 0.128 
366 OmyJC18ROGR    (4)    2 :  0.325 0.561 0.114 
367 OmyJC18ROGR    (3)    2 :  0.098 0.089 0.813 
368 OmyJC18ROGR    (3)    2 :  0.355 0.159 0.486 
369 OmyJC18ROGR    (2)    2 :  0.221 0.557 0.221 
370 OmyJC18ROGR    (3)    2 :  0.486 0.330 0.183 
371 OmyJC18ROGR    (1)    2 :  0.469 0.405 0.126 
372 OmyJC18ROGR    (3)    2 :  0.475 0.293 0.232 
373 OmyJC18ROGR    (5)    2 :  0.175 0.604 0.221 
374 OmyJC18ROGR    (5)    2 :  0.133 0.804 0.063 
375 OmyJC18ROGR    (3)    2 :  0.602 0.153 0.245 
376 OmyJC18ROGR    (3)    2 :  0.075 0.050 0.875 
377 OmyJC18ROGR    (4)    2 :  0.149 0.519 0.332 
378 OmyJC18ROGR    (0)    2 :  0.419 0.373 0.207 
379 OmyJC18ROGR    (5)    2 :  0.387 0.340 0.273 
380 OmyJC18ROGR    (4)    2 :  0.190 0.476 0.335 
381 OmyJC18ROGR    (1)    2 :  0.530 0.325 0.145 
382 OmyJC18ROGR    (1)    2 :  0.425 0.453 0.121 
383 OmyJC18ROGR    (3)    2 :  0.243 0.170 0.587 
384 OmyJC18ROGR    (2)    2 :  0.580 0.083 0.337 
385 OmyJC18ROGR    (4)    2 :  0.758 0.093 0.148 
386 OmyJC18ROGR    (2)    2 :  0.451 0.096 0.453 
387 OmyJC18ROGR    (1)    2 :  0.202 0.385 0.413 
388 OmyJC18ROGR    (6)    2 :  0.227 0.600 0.173 
389 OmyJC18ROGR    (1)    2 :  0.498 0.174 0.328 
390 OmyJC18ROGR    (1)    2 :  0.601 0.216 0.183 
391 OmyJC18ROGR    (3)    2 :  0.065 0.102 0.833 
392 OmyJC18ROGR    (2)    2 :  0.453 0.445 0.102 
393 OmyJC18ROGR    (4)    2 :  0.105 0.720 0.176 
394 OmyJC18ROGR    (3)    2 :  0.150 0.077 0.773 
395 OmyJC18ROGR    (7)    2 :  0.129 0.528 0.342 
396 OmyJC18ROGR    (4)    2 :  0.140 0.279 0.580 
397 OmyJC18ROGR    (1)    2 :  0.558 0.275 0.167 
398 OmyJC18ROGR    (3)    2 :  0.340 0.309 0.351 
399 OmyJC18ROGR    (2)    2 :  0.192 0.361 0.447 
400 OmyJC18ROGR    (0)    2 :  0.587 0.254 0.159 
401 OmyJC18ROGR    (6)    2 :  0.134 0.709 0.157 
402 OmyJC18ROGR    (5)    2 :  0.116 0.536 0.347 
403 OmyJC18ROGR    (1)    2 :  0.309 0.397 0.294 
404 OmyJC18ROGR    (2)    2 :  0.591 0.114 0.295 
405 OmyJC18ROGR    (3)    2 :  0.670 0.218 0.112 
406 OmyJC18ROGR    (2)    2 :  0.752 0.134 0.113 
407 OmyJC18ROGR    (2)    2 :  0.278 0.428 0.294 
408 OmyJC18ROGR    (2)    2 :  0.304 0.426 0.271 
409 OmyJC18ROGR    (1)    2 :  0.381 0.504 0.115 
410 OmyJC18ROGR    (1)    2 :  0.688 0.211 0.101 
411 OmyJC18ROGR    (1)    2 :  0.477 0.380 0.143 
412 OmyJC18ROGR    (0)    2 :  0.812 0.121 0.067 
413 OmyJC18ROGR    (1)    2 :  0.765 0.118 0.117 
414 OmyJC18ROGR    (2)    2 :  0.758 0.155 0.087 
415 OmyJC18ROGR    (2)    2 :  0.302 0.631 0.067 
416 OmyJC18ROGR    (3)    2 :  0.607 0.175 0.217 
417 OmyJC18ROGR    (1)    2 :  0.361 0.474 0.164 
418 OmyJC18ROGR    (0)    2 :  0.096 0.802 0.102 
419 OmyJC18ROGR    (1)    2 :  0.308 0.605 0.087 
420 OmyJC18ROGR    (0)    2 :  0.768 0.125 0.107 
421 OmyJC18ROGR    (1)    2 :  0.700 0.152 0.149 
422 OmyJC18ROGR    (6)    2 :  0.380 0.449 0.171 
423 OmyJC18ROGR    (2)    2 :  0.549 0.293 0.158 
424 OmyJC18ROGR    (1)    2 :  0.229 0.386 0.385 
425 OmyJC18ROGR    (1)    2 :  0.353 0.183 0.464 
426 OmyJC18ROGR    (3)    2 :  0.516 0.375 0.109 
427 OmyJC18ROGR    (2)    2 :  0.242 0.065 0.693 
428 OmyJC18ROGR    (6)    2 :  0.768 0.165 0.067 
429 OmyJC18ROGR    (1)    2 :  0.555 0.085 0.360 
430 OmyJC18ROGR    (1)    2 :  0.279 0.415 0.305 
431 OmyJC18ROGR    (0)    2 :  0.685 0.148 0.167 
432 OmyJC18ROGR    (2)    2 :  0.091 0.107 0.803 
433 OmyJC18ROGR    (2)    2 :  0.149 0.667 0.184 
434 OmyJC18ROGR    (2)    2 :  0.488 0.206 0.306 
435 OmyJC18ROGR    (8)    2 :  0.527 0.287 0.187 
436 OmyJC18ROGR    (2)    2 :  0.579 0.315 0.106 
437 OmyJC18ROGR    (4)    2 :  0.450 0.453 0.097 
438 OmyJC18ROGR    (1)    2 :  0.089 0.750 0.161 
439 OmyJC18ROGR    (2)    2 :  0.227 0.184 0.589 
440 OmyJC18ROGR    (0)    2 :  0.075 0.687 0.238 
441 OmyJC18ROGR    (1)    2 :  0.786 0.120 0.094 
442 OmyJC18ROGR    (6)    2 :  0.325 0.376 0.299 
443 OmyJC18ROGR    (1)    2 :  0.835 0.106 0.058 
444 OmyJC18ROGR    (6)    2 :  0.334 0.536 0.129 
445 OmyJC18ROGR    (2)    2 :  0.322 0.479 0.199 
446 OmyJC18ROGR    (3)    2 :  0.128 0.475 0.397 
447 OmyJC18ROGR    (2)    2 :  0.520 0.245 0.235 
448 OmyJC18ROGR    (3)    2 :  0.555 0.247 0.198 
449 OmyJC18ROGR    (1)    2 :  0.748 0.150 0.102 
450 OmyJC18ROGR    (4)    2 :  0.196 0.440 0.364 
451 OmyJC18ROGR    (3)    2 :  0.628 0.227 0.146 
452 OmyJC18ROGR    (1)    2 :  0.709 0.110 0.181 
453 OmyJC18ROGR    (1)    2 :  0.824 0.101 0.075 
454 OmyJC18ROGR    (4)    2 :  0.281 0.564 0.155 
455 OmyJC18ROGR    (4)    2 :  0.213 0.235 0.551 
456 OmyJC18ROGR    (5)    2 :  0.483 0.224 0.293 
457 OmyJC18ROGR    (3)    2 :  0.187 0.732 0.080 
458 OmyJC18ROGR    (1)    2 :  0.516 0.336 0.148 
459 OmyJC18ROGR    (1)    2 :  0.091 0.058 0.850 
460 OmyJC18ROGR    (2)    2 :  0.679 0.182 0.139 
461 OmyJC18ROGR    (1)    2 :  0.077 0.151 0.772 
462 OmyJC18ROGR    (1)    2 :  0.386 0.556 0.058 
463 OmyJC18ROGR    (4)    2 :  0.608 0.226 0.166 
464 OmyJC18ROGR    (6)    2 :  0.458 0.460 0.082 
465 OmyJC18ROGR    (3)    2 :  0.200 0.701 0.099 
466 OmyJC18ROGR    (3)    2 :  0.395 0.405 0.200 
467 OmyJC18ROGR    (2)    2 :  0.464 0.285 0.251 
468 OmyJC18ROGR    (2)    2 :  0.674 0.265 0.060 
469 OmyJC18ROGR    (1)    2 :  0.053 0.043 0.904 
470 OmyJC18ROGR    (0)    2 :  0.165 0.483 0.352 
471 OmyJC18ROGR    (2)    2 :  0.375 0.348 0.277 
472 OmyJC18ROGR    (2)    2 :  0.890 0.080 0.031 
473 OmyJC18ROGR    (1)    2 :  0.542 0.227 0.231 
474 OmyJC18ROGR    (3)    2 :  0.554 0.256 0.190 
475 OmyJC18ROGR    (1)    2 :  0.235 0.526 0.239 
476 OmyJC18ROGR    (2)    2 :  0.601 0.269 0.130 
477 OmyJC18ROGR    (0)    2 :  0.228 0.548 0.224 
478 OmyJC18ROGR    (1)    2 :  0.563 0.225 0.212 
479 OmyJC18ROGR    (1)    2 :  0.405 0.455 0.139 
480 OmyJC18ROGR    (1)    2 :  0.493 0.253 0.254 
481 OmyJC18ROGR    (1)    2 :  0.651 0.216 0.133 
482 OmyJC18ROGR    (1)    2 :  0.207 0.668 0.125 
483 OmyJC18ROGR    (0)    2 :  0.417 0.474 0.109 
484 OmyJC18ROGR    (0)    2 :  0.618 0.178 0.204 
485 OmyJC18ROGR    (0)    2 :  0.236 0.679 0.085 
486 OmyJC18ROGR    (0)    2 :  0.484 0.371 0.144 
487 OmyJC18ROGR    (1)    2 :  0.128 0.770 0.102 
488 OmyJC18ROGR    (1)    2 :  0.277 0.527 0.196 
489 OmyJC18ROGR    (1)    2 :  0.681 0.177 0.142 
490 OmyJC18ROGR    (0)    2 :  0.824 0.109 0.068 
491 OmyJC18ROGR    (0)    2 :  0.209 0.635 0.155 
492 OmyJC18ROGR    (5)    2 :  0.077 0.142 0.781 
493 OmyJC18ROGR    (1)    2 :  0.167 0.413 0.420 
494 OmyJC18ROGR    (3)    2 :  0.502 0.367 0.131 
495 OmyJC18ROGR    (1)    2 :  0.239 0.518 0.243 
496 OmyJC18ROGR    (1)    2 :  0.556 0.134 0.311 
497 OmyJC18ROGR    (1)    2 :  0.378 0.560 0.061 
498 OmyJC18ROGR    (1)    2 :  0.367 0.447 0.185 
499 OmyJC18ROGR    (1)    2 :  0.456 0.426 0.118 
500 OmyJC18ROGR    (1)    2 :  0.679 0.099 0.222 
501 OmyJC18ROGR    (2)    2 :  0.217 0.706 0.077 
502 OmyJC18ROGR    (1)    2 :  0.121 0.528 0.351 
503 OmyJC18ROGR    (2)    2 :  0.343 0.400 0.257 
504 OmyJC18ROGR    (2)    2 :  0.210 0.607 0.183 
505 OmyJC18ROGR    (2)    2 :  0.579 0.214 0.207 
506 OmyJC18ROGR    (3)    2 :  0.501 0.314 0.185 
507 OmyJC18ROGR    (1)    2 :  0.579 0.174 0.247 
508 OmyJC18ROGR    (7)    2 :  0.533 0.337 0.130 
509 OmyJC18ROGR    (1)    2 :  0.249 0.455 0.297 
510 OmyJC18ROGR    (1)    2 :  0.041 0.042 0.917 
511 OmyJC18ROGR    (2)    2 :  0.177 0.539 0.284 
512 OmyJC18ROGR    (1)    2 :  0.229 0.687 0.084 
513 OmyJC18ROGR    (3)    2 :  0.672 0.222 0.106 
514 OmyJC18ROGR    (1)    2 :  0.097 0.825 0.078 
515 OmyJC18ROGR    (5)    2 :  0.640 0.255 0.105 
516 OmyJC18ROGR    (3)    2 :  0.091 0.518 0.390 
517 OmyJC18ROGR    (1)    2 :  0.340 0.597 0.063 
518 OmyJC18ROGR    (1)    2 :  0.193 0.213 0.594 
519 OmyJC18ROGR    (0)    2 :  0.264 0.485 0.251 
520 OmyJC18ROGR    (0)    2 :  0.494 0.378 0.128 
521 OmyJC18ROGR    (2)    2 :  0.371 0.363 0.266 
522 OmyJC18ROGR    (2)    2 :  0.262 0.223 0.514 
523 OmyJC18ROGR    (1)    2 :  0.150 0.419 0.430 
524 OmyJC18ROGR    (3)    2 :  0.451 0.252 0.297 
525 OmyJC18ROGR    (1)    2 :  0.302 0.539 0.159 
526 OmyJC18ROGR    (7)    2 :  0.773 0.168 0.059 
527 OmyJC18ROGR    (4)    2 :  0.621 0.166 0.213 
528 OmyJC18ROGR    (1)    2 :  0.598 0.333 0.069 
529 OmyJC18ROGR    (2)    2 :  0.768 0.140 0.092 
530 OmyJC18ROGR    (1)    2 :  0.203 0.625 0.172 
531 OmyJC18ROGR    (2)    2 :  0.674 0.224 0.102 
532 OmyJC18ROGR    (2)    2 :  0.622 0.313 0.065 
533 OmyJC18ROGR    (5)    2 :  0.050 0.078 0.872 
534 OmyJC18ROGR    (2)    2 :  0.376 0.356 0.268 
535 OmyJC18ROGR    (3)    2 :  0.300 0.529 0.171 
536 OmyJC18ROGR    (0)    2 :  0.490 0.228 0.283 
537 OmyJC18ROGR    (3)    2 :  0.294 0.271 0.435 
538 OmyJC18ROGR    (1)    2 :  0.468 0.421 0.111 
539 OmyJC18ROGR    (1)    2 :  0.347 0.503 0.150 
540 OmyJC18ROGR    (1)    2 :  0.624 0.236 0.139 
541 OmyJC18ROGR    (5)    2 :  0.413 0.538 0.049 
542 OmyJC18ROGR    (4)    2 :  0.406 0.329 0.265 
543 OmyJC18ROGR    (2)    2 :  0.304 0.640 0.056 
544 OmyJC18ROGR    (2)    2 :  0.223 0.607 0.170 
545 OmyJC18ROGR    (2)    2 :  0.237 0.314 0.449 
546 OmyJC18ROGR    (1)    2 :  0.333 0.531 0.136 
547 OmyJC18ROGR    (1)    2 :  0.324 0.507 0.169 
548 OmyJC18ROGR    (1)    2 :  0.137 0.083 0.780 
549 OmyJC18ROGR    (1)    2 :  0.231 0.311 0.458 
550 OmyJC18ROGR    (2)    2 :  0.339 0.214 0.447 
551 OmyJC18ROGR    (4)    2 :  0.573 0.152 0.275 
552 OmyJC18ROGR    (6)    2 :  0.834 0.063 0.103 
553 OmyJC18ROGR    (3)    2 :  0.101 0.812 0.087 
554 OmyJC18ROGR    (1)    2 :  0.284 0.653 0.063 
555 OmyJC18ROGR    (4)    2 :  0.249 0.652 0.099 
556 OmyJC18ROGR    (2)    2 :  0.393 0.384 0.224 
557 OmyJC18ROGR    (0)    2 :  0.508 0.375 0.116 
558 OmyJC18ROGR    (2)    2 :  0.283 0.560 0.156 
559 OmyJC18ROGR    (3)    2 :  0.351 0.191 0.459 
560 OmyJC18ROGR    (6)    2 :  0.293 0.616 0.092 
561 OmyJC18ROGR    (1)    2 :  0.557 0.110 0.333 
562 OmyJC18ROGR    (2)    2 :  0.176 0.685 0.138 
563 OmyJC18ROGR    (2)    2 :  0.201 0.351 0.448 
564 OmyJC18ROGR    (1)    2 :  0.285 0.214 0.501 
565 OmyJC18ROGR    (1)    2 :  0.726 0.110 0.164 
566 OmyJC18ROGR    (1)    2 :  0.661 0.263 0.075 
567 OmyJC18ROGR    (1)    2 :  0.775 0.128 0.097 
568 OmyJC18ROGR    (1)    2 :  0.692 0.230 0.077 
569 OmyJC18ROGR    (3)    2 :  0.610 0.268 0.122 
570 OmyJC18ROGR    (1)    2 :  0.191 0.413 0.396 
571 OmyJC18ROGR    (2)    2 :  0.182 0.198 0.620 
572 OmyJC18ROGR    (5)    2 :  0.107 0.624 0.269 
573 OmyJC18ROGR    (5)    2 :  0.374 0.297 0.328 
574 OmyJC18ROGR    (1)    2 :  0.532 0.122 0.345 
575 OmyJC18ROGR    (2)    2 :  0.443 0.460 0.097 
576 OmyJC18ROGR    (0)    2 :  0.176 0.761 0.063 
577 OmyJC18ROGR    (1)    2 :  0.368 0.192 0.440 
578 OmyJC18ROGR    (1)    2 :  0.854 0.071 0.075 
579 OmyJC18ROGR    (2)    2 :  0.229 0.588 0.183 
580 OmyJC18ROGR    (1)    2 :  0.320 0.620 0.059 
581 OmyJC18ROGR    (1)    2 :  0.145 0.617 0.238 
582 OmyJC18ROGR    (0)    2 :  0.627 0.165 0.208 
583 OmyJC18ROGR    (1)    2 :  0.333 0.504 0.163 
584 OmyJC18ROGR    (2)    2 :  0.278 0.278 0.444 
585 OmyJC18ROGR    (1)    2 :  0.563 0.066 0.371 
586 OmyJC18ROGR    (0)    2 :  0.185 0.164 0.651 
587 OmyJC18ROGR    (1)    2 :  0.462 0.433 0.105 
588 OmyJC18ROGR    (0)    2 :  0.198 0.209 0.593 
589 OmyJC18ROGR    (2)    2 :  0.091 0.818 0.091 
590 OmyJC18ROGR    (2)    2 :  0.250 0.430 0.320 
591 OmyJC18ROGR    (1)    2 :  0.242 0.230 0.528 
592 OmyJC18ROGR    (1)    2 :  0.401 0.457 0.141 
593 OmyJC18ROGR    (1)    2 :  0.516 0.118 0.366 
594 OmyJC18ROGR    (3)    2 :  0.614 0.268 0.118 
595 OmyJC18ROGR    (1)    2 :  0.474 0.292 0.234 
596 OmyJC18ROGR    (1)    2 :  0.505 0.255 0.239 
597 OmyJC18ROGR    (1)    2 :  0.661 0.128 0.211 
598 OmyJC18ROGR    (1)    2 :  0.186 0.139 0.675 
599 OmyJC18ROGR    (1)    2 :  0.232 0.577 0.191 
600 OmyJC18ROGR    (2)    2 :  0.211 0.666 0.124 
601 OmyJC18ROGR    (7)    2 :  0.198 0.749 0.054 
602 OmyJC18ROGR    (3)    2 :  0.614 0.161 0.224 
603 OmyJC18ROGR    (1)    2 :  0.357 0.503 0.140 
604 OmyJC18ROGR    (1)    2 :  0.435 0.413 0.152 
605 OmyJC18ROGR    (1)    2 :  0.295 0.600 0.105 
606 OmyJC18ROGR    (1)    2 :  0.313 0.121 0.566 
607 OmyJC18ROGR    (1)    2 :  0.499 0.350 0.151 
608 OmyJC18ROGR    (1)    2 :  0.290 0.574 0.136 
609 OmyJC18ROGR    (1)    2 :  0.083 0.788 0.129 
610 OmyJC18ROGR    (1)    2 :  0.260 0.422 0.318 
611 OmyJC18ROGR    (1)    2 :  0.346 0.494 0.160 
612 OmyJC18ROGR    (1)    2 :  0.527 0.210 0.263 
613 OmyJC18ROGR    (2)    2 :  0.140 0.219 0.641 
614 OmyJC18ROGR    (1)    2 :  0.086 0.525 0.389 
615 OmyJC18ROGR    (1)    2 :  0.655 0.233 0.112 
616 OmyJC18ROGR    (1)    2 :  0.701 0.197 0.102 
617 OmyJC18ROGR    (1)    2 :  0.357 0.548 0.094 
618 OmyJC18ROGR    (0)    2 :  0.603 0.109 0.288 
619 OmyJC18ROGR    (1)    2 :  0.686 0.114 0.200 
620 OmyJC18ROGR    (1)    2 :  0.318 0.262 0.419 
621 OmyJC18ROGR    (1)    2 :  0.224 0.443 0.332 
622 OmyJC18ROGR    (1)    2 :  0.399 0.553 0.048 
623 OmyJC18ROGR    (1)    2 :  0.392 0.163 0.444 
624 OmyJC18ROGR    (0)    2 :  0.437 0.356 0.207 
625 OmyJC18ROGR    (0)    2 :  0.784 0.090 0.126 
626 OmyJC18ROGR    (1)    2 :  0.625 0.296 0.080 
627 OmyJC18ROGR    (1)    2 :  0.690 0.221 0.089 
628 OmyJC18ROGR    (1)    2 :  0.300 0.118 0.583 
629 OmyJC18ROGR    (1)    2 :  0.066 0.039 0.895 
630 OmyJC18ROGR    (2)    2 :  0.685 0.110 0.205 
631 OmyJC18ROGR    (5)    2 :  0.138 0.451 0.411 
632 OmyJC18ROGR    (2)    2 :  0.535 0.289 0.177 
633 OmyJC18ROGR    (1)    2 :  0.510 0.072 0.417 
634 OmyJC18ROGR    (4)    2 :  0.369 0.565 0.066 
635 OmyJC18ROGR    (1)    2 :  0.875 0.064 0.061 
636 OmyJC18ROGR    (0)    2 :  0.570 0.256 0.174 
637 OmyJC18ROGR    (1)    2 :  0.095 0.818 0.087 
638 OmyJC18ROGR    (0)    2 :  0.628 0.093 0.280 
639 OmyJC18ROGR    (0)    2 :  0.230 0.612 0.158 
640 OmyJC18ROGR    (1)    2 :  0.434 0.293 0.272 
641 OmyJC18ROGR    (1)    2 :  0.430 0.347 0.224 
642 OmyJC18ROGR    (1)    2 :  0.235 0.244 0.521 
643 OmyJC18ROGR    (1)    2 :  0.868 0.087 0.045 
644 OmyJC18ROGR    (1)    2 :  0.776 0.136 0.087 
645 OmyJC18ROGR    (0)    2 :  0.444 0.189 0.367 
646 OmyAC19ROGR    (1)    3 :  0.505 0.337 0.159 
647 OmyJC18ROGR    (1)    2 :  0.574 0.211 0.215 
648 OmyAC19ROGR    (0)    3 :  0.685 0.258 0.057 
649 OmyAC19APPR    (1)    3 :  0.894 0.055 0.051 
650 OmyAC19APPR    (1)    3 :  0.732 0.090 0.178 
651 OmyJC18ROGR    (1)    2 :  0.533 0.352 0.115 
652 OmyAC19APPR    (0)    3 :  0.607 0.266 0.127 
653 OmyAC19CORH    (2)    4 :  0.278 0.609 0.112 
654 OmyJC18ROGR    (0)    2 :  0.759 0.155 0.086 
655 OmyAC19CORH    (1)    4 :  0.175 0.537 0.287 
656 OmyAC19CORH    (1)    4 :  0.108 0.796 0.097 
657 OmyAC19CORH    (1)    4 :  0.059 0.885 0.056 
658 OmyAC19CORH    (0)    4 :  0.054 0.840 0.106 
659 OmyAC19CORH    (0)    4 :  0.087 0.845 0.067 
660 OmyAC19ROGR    (3)    3 :  0.636 0.095 0.269 
661 OmyJC18ROGR    (1)    2 :  0.454 0.353 0.193 
662 OmyAC19ROGR    (1)    3 :  0.590 0.252 0.158 
663 OmyAC19ROGR    (1)    3 :  0.748 0.140 0.112 
664 OmyAC19APPR    (1)    3 :  0.458 0.339 0.203 
665 OmyAC19APPR    (1)    3 :  0.659 0.086 0.255 
666 OmyJC18ROGR    (0)    2 :  0.138 0.184 0.678 
667 OmyAC19APPR    (1)    3 :  0.775 0.101 0.124 
668 OmyAC19CORH    (1)    4 :  0.190 0.376 0.434 
669 OmyAC19CORH    (0)    4 :  0.077 0.831 0.092 
670 OmyAC19CORH    (1)    4 :  0.117 0.827 0.055 
671 OmyAC19CORH    (1)    4 :  0.262 0.592 0.146 
672 OmyAC19CORH    (1)    4 :  0.136 0.758 0.106 
673 OmyAC19CORH    (0)    4 :  0.286 0.589 0.125 
674 OmyAC19ROGR    (2)    3 :  0.639 0.269 0.092 
675 OmyAC19ROGR    (5)    3 :  0.589 0.250 0.161 
676 OmyAC19ROGR    (0)    3 :  0.470 0.462 0.068 
677 OmyAC19APPR    (3)    3 :  0.526 0.131 0.343 
678 OmyAC19APPR    (0)    3 :  0.603 0.238 0.159 
679 OmyJC18ROGR    (2)    2 :  0.380 0.249 0.371 
680 OmyAC19APPR    (0)    3 :  0.417 0.253 0.330 
681 OmyAC19CORH    (2)    4 :  0.115 0.655 0.231 
682 OmyJC18ROGR    (0)    2 :  0.177 0.595 0.228 
683 OmyAC19CORH    (2)    4 :  0.275 0.641 0.084 
684 OmyAC19CORH    (1)    4 :  0.063 0.703 0.234 
685 OmyAC19CORH    (1)    4 :  0.062 0.838 0.100 
686 OmyAC19CORH    (0)    4 :  0.062 0.872 0.066 
687 OmyAC19ROGR    (1)    3 :  0.614 0.225 0.161 
688 OmyAC19ROGR    (2)    3 :  0.736 0.189 0.075 
689 OmyAC19APPR    (1)    3 :  0.528 0.306 0.166 
690 OmyAC19APPR    (1)    3 :  0.728 0.116 0.156 
691 OmyJC18ROGR    (1)    2 :  0.163 0.670 0.167 
692 OmyAC19APPR    (0)    3 :  0.594 0.256 0.150 
693 OmyJC18ROGR    (0)    2 :  0.455 0.358 0.187 
694 OmyAC19CORH    (1)    4 :  0.389 0.501 0.110 
695 OmyAC19CORH    (0)    4 :  0.115 0.853 0.032 
696 OmyAC19CORH    (1)    4 :  0.116 0.626 0.258 
697 OmyAC19CORH    (0)    4 :  0.064 0.838 0.098 
698 OmyAC19CORH    (1)    4 :  0.113 0.778 0.109 
699 OmyAC19ROGR    (6)    3 :  0.463 0.325 0.212 
700 OmyJC18ROGR    (1)    2 :  0.315 0.169 0.516 
701 OmyAC19ROGR    (3)    3 :  0.536 0.331 0.133 
702 OmyAC19ROGR    (1)    3 :  0.662 0.236 0.102 
703 OmyAC19APPR    (3)    3 :  0.671 0.117 0.212 
704 OmyAC19APPR    (1)    3 :  0.729 0.138 0.132 
705 OmyJC18ROGR    (1)    2 :  0.595 0.133 0.272 
706 OmyAC19APPR    (0)    3 :  0.752 0.139 0.109 
707 OmyJC18ROGR    (1)    2 :  0.131 0.049 0.821 
708 OmyAC19CORH    (2)    4 :  0.072 0.884 0.044 
709 OmyJC18ROGR    (1)    2 :  0.064 0.131 0.805 
710 OmyAC19CORH    (1)    4 :  0.194 0.690 0.116 
711 OmyAC19CORH    (2)    4 :  0.129 0.750 0.121 
712 OmyAC19CORH    (1)    4 :  0.104 0.735 0.161 
713 OmyAC19CORH    (0)    4 :  0.070 0.873 0.057 
714 OmyAC19ROGR    (1)    3 :  0.207 0.597 0.197 
715 OmyJC18ROGR    (1)    2 :  0.520 0.400 0.080 
716 OmyAC19ROGR    (3)    3 :  0.787 0.118 0.094 
717 OmyAC19ROGR    (0)    3 :  0.506 0.324 0.169 
718 OmyAC19APPR    (4)    3 :  0.757 0.140 0.103 
719 OmyAC19APPR    (1)    3 :  0.438 0.339 0.223 
720 OmyJC18ROGR    (1)    2 :  0.483 0.245 0.271 
721 OmyJC18ROGR    (1)    2 :  0.428 0.344 0.228 
722 OmyAC19CORH    (1)    4 :  0.151 0.690 0.159 
723 OmyAC19CORH    (0)    4 :  0.072 0.785 0.143 
724 OmyAC19CORH    (0)    4 :  0.084 0.885 0.031 
725 OmyAC19CORH    (2)    4 :  0.083 0.866 0.051 
726 OmyAC19CORH    (1)    4 :  0.057 0.889 0.054 
727 OmyJC18ROGR    (2)    2 :  0.684 0.235 0.081 
728 OmyAC19ROGR    (3)    3 :  0.750 0.142 0.108 
729 OmyAC19ROGR    (1)    3 :  0.596 0.209 0.195 
730 OmyAC19APPR    (2)    3 :  0.371 0.455 0.174 
731 OmyAC19APPR    (1)    3 :  0.670 0.147 0.183 
732 OmyAC19CORH    (1)    4 :  0.137 0.564 0.300 
733 OmyAC19CORH    (1)    4 :  0.099 0.808 0.092 
734 OmyAC19CORH    (1)    4 :  0.102 0.845 0.053 
735 OmyAC19CORH    (2)    4 :  0.110 0.790 0.099 
736 OmyAC19CORH    (1)    4 :  0.070 0.898 0.032 
737 OmyJC18ROGR    (0)    2 :  0.119 0.314 0.567 
738 OmyAC19APPR    (0)    3 :  0.774 0.123 0.104 
739 OmyAC19APPR    (1)    3 :  0.463 0.439 0.098 
740 OmyAC19APPR    (1)    3 :  0.573 0.268 0.159 
741 OmyJC18ROGR    (1)    2 :  0.349 0.331 0.319 
742 OmyJC18ROGR    (1)    2 :  0.675 0.220 0.104 
743 OmyAC19CORH    (0)    4 :  0.175 0.735 0.090 
744 OmyAC19CORH    (0)    4 :  0.069 0.830 0.101 
745 OmyAC19CORH    (0)    4 :  0.062 0.910 0.028 
746 OmyAC19CORH    (0)    4 :  0.279 0.664 0.057 
747 OmyAC19CORH    (1)    4 :  0.098 0.829 0.073 
748 OmyJC19ROGR    (1)    2 :  0.181 0.168 0.651 
749 OmyJC19ROGR    (1)    2 :  0.268 0.154 0.577 
750 OmyJC19ROGR    (0)    2 :  0.112 0.739 0.149 
751 OmyJC19ROGR    (1)    2 :  0.056 0.094 0.849 
752 OmyJC19ROGR    (1)    2 :  0.153 0.750 0.097 
753 OmyJC19ROGR    (1)    2 :  0.653 0.124 0.223 
754 OmyJC19ROGR    (0)    2 :  0.159 0.659 0.182 
755 OmyJC19ROGR    (1)    2 :  0.683 0.089 0.228 
756 OmyJC19ROGR    (0)    2 :  0.057 0.068 0.875 
757 OmyJC19ROGR    (1)    2 :  0.077 0.216 0.707 
758 OmyJC19ROGR    (2)    2 :  0.095 0.060 0.845 
759 OmyJC19ROGR    (0)    2 :  0.725 0.128 0.147 
