

----------------------------------------------------
STRUCTURE by Pritchard, Stephens and Donnelly (2000)
     and Falush, Stephens and Pritchard (2003)
       Code by Pritchard, Falush and Hubisz
             Version 2.3.4 (Jul 2012)
----------------------------------------------------



Command line arguments:   bin/structure -m "/Users/ddayan/FRA/premature_migration/Rogue_Half-Pounder/rogue_half_pounder_repo/structure/halfpounder/10k_20k_adm_corr_rep2/mainparams" -e "/Users/ddayan/FRA/premature_migration/Rogue_Half-Pounder/rogue_half_pounder_repo/structure/halfpounder/10k_20k_adm_corr_rep2/extraparams" 
Input File:    /Users/ddayan/FRA/premature_migration/Rogue_Half-Pounder/rogue_half_pounder_repo/structure/halfpounder/project_data

Run parameters:
   882 individuals
   330 loci
   6 populations assumed
   10000 Burn-in period
   20000 Reps


--------------------------------------------
Proportion of membership of each pre-defined
 population in each of the 6 clusters

Given    Inferred Clusters                            Number of
 Pop       1      2      3      4      5      6      Individuals

  1:     0.165  0.175  0.170  0.163  0.176  0.152      157
  2:     0.173  0.161  0.175  0.160  0.177  0.155      643
  3:     0.273  0.228  0.239  0.154  0.045  0.062       40
  4:     0.058  0.082  0.056  0.173  0.037  0.594       42
--------------------------------------------

Allele-freq. divergence among pops (Net nucleotide distance),
computed using point estimates of P.

      1       2       3       4       5       6      
 1      -    0.0017  0.0016  0.0018  0.0088  0.0044  
 2   0.0017     -    0.0012  0.0014  0.0087  0.0035  
 3   0.0016  0.0012     -    0.0010  0.0086  0.0039  
 4   0.0018  0.0014  0.0010     -    0.0089  0.0028  
 5   0.0088  0.0087  0.0086  0.0089     -    0.0112  
 6   0.0044  0.0035  0.0039  0.0028  0.0112     -    

Average distances (expected heterozygosity) between individuals in same cluster:
cluster  1  : 0.2856 
cluster  2  : 0.2860 
cluster  3  : 0.2848 
cluster  4  : 0.2840 
cluster  5  : 0.2523 
cluster  6  : 0.2793 

--------------------------------------------
Estimated Ln Prob of Data   = -248275.3
Mean value of ln likelihood = -245864.8
Variance of ln likelihood   = 4820.9
Mean value of alpha         = 0.1642

Mean value of Fst_1         = 0.0175
Mean value of Fst_2         = 0.0147
Mean value of Fst_3         = 0.0136
Mean value of Fst_4         = 0.0153
Mean value of Fst_5         = 0.0765
Mean value of Fst_6         = 0.0279


Inferred ancestry of individuals:
        Label (%Miss) Pop:  Inferred clusters
  1 OmyAC19ROGR    (0)    1 :  0.114 0.138 0.243 0.203 0.014 0.288 
  2 OmyAC19ROGR    (1)    1 :  0.054 0.275 0.198 0.311 0.061 0.102 
  3 OmyAC19ROGR    (1)    1 :  0.030 0.282 0.376 0.118 0.049 0.145 
  4 OmyAC19ROGR    (1)    1 :  0.182 0.307 0.183 0.240 0.022 0.066 
  5 OmyAC19ROGR    (2)    1 :  0.013 0.018 0.015 0.011 0.928 0.014 
  6 OmyAC19ROGR    (1)    1 :  0.066 0.184 0.376 0.135 0.201 0.038 
  7 OmyAC19ROGR    (1)    1 :  0.311 0.075 0.173 0.065 0.177 0.200 
  8 OmyAC19ROGR    (0)    1 :  0.142 0.374 0.122 0.284 0.010 0.067 
  9 OmyAC19ROGR    (1)    1 :  0.035 0.101 0.348 0.241 0.152 0.122 
 10 OmyAC19ROGR    (1)    1 :  0.082 0.123 0.084 0.176 0.453 0.081 
 11 OmyAC19ROGR    (0)    1 :  0.168 0.082 0.329 0.173 0.103 0.145 
 12 OmyAC19ROGR    (0)    1 :  0.097 0.053 0.553 0.154 0.101 0.042 
 13 OmyAC19ROGR    (1)    1 :  0.405 0.270 0.059 0.139 0.021 0.105 
 14 OmyAC19ROGR    (1)    1 :  0.316 0.044 0.081 0.139 0.402 0.017 
 15 OmyAC19ROGR    (2)    1 :  0.396 0.045 0.063 0.073 0.395 0.027 
 16 OmyAC19ROGR    (1)    1 :  0.204 0.073 0.171 0.356 0.078 0.118 
 17 OmyAC19ROGR    (1)    1 :  0.151 0.438 0.118 0.203 0.076 0.014 
 18 OmyAC19ROGR    (2)    1 :  0.200 0.290 0.099 0.124 0.024 0.263 
 19 OmyAC19ROGR    (1)    1 :  0.422 0.288 0.056 0.074 0.044 0.115 
 20 OmyAC19ROGR    (1)    1 :  0.187 0.050 0.195 0.379 0.176 0.014 
 21 OmyAC19ROGR    (1)    1 :  0.107 0.293 0.074 0.300 0.160 0.065 
 22 OmyAC19ROGR    (1)    1 :  0.091 0.161 0.149 0.102 0.054 0.443 
 23 OmyAC19ROGR    (1)    1 :  0.049 0.305 0.211 0.201 0.132 0.103 
 24 OmyAC19ROGR    (1)    1 :  0.021 0.059 0.047 0.055 0.015 0.802 
 25 OmyAC19ROGR    (1)    1 :  0.314 0.232 0.114 0.061 0.193 0.086 
 26 OmyAC19ROGR    (1)    1 :  0.043 0.534 0.081 0.059 0.093 0.190 
 27 OmyAC19ROGR    (1)    1 :  0.607 0.066 0.182 0.059 0.040 0.045 
 28 OmyAC19ROGR    (1)    1 :  0.019 0.020 0.041 0.059 0.018 0.843 
 29 OmyAC19ROGR    (1)    1 :  0.118 0.106 0.328 0.289 0.049 0.110 
 30 OmyAC19ROGR    (1)    1 :  0.047 0.151 0.075 0.055 0.600 0.073 
 31 OmyAC19ROGR    (1)    1 :  0.162 0.242 0.239 0.198 0.029 0.130 
 32 OmyAC19ROGR    (1)    1 :  0.129 0.168 0.097 0.451 0.075 0.081 
 33 OmyAC19ROGR    (1)    1 :  0.089 0.146 0.189 0.243 0.110 0.222 
 34 OmyAC19ROGR    (1)    1 :  0.245 0.071 0.042 0.069 0.539 0.035 
 35 OmyAC19ROGR    (0)    1 :  0.114 0.207 0.139 0.339 0.079 0.122 
 36 OmyAC19ROGR    (1)    1 :  0.078 0.355 0.169 0.202 0.143 0.053 
 37 OmyAC19ROGR    (1)    1 :  0.124 0.095 0.079 0.063 0.077 0.562 
 38 OmyAC19ROGR    (1)    1 :  0.041 0.067 0.059 0.051 0.489 0.293 
 39 OmyAC19ROGR    (1)    1 :  0.077 0.625 0.097 0.064 0.095 0.041 
 40 OmyAC19ROGR    (0)    1 :  0.162 0.119 0.360 0.062 0.265 0.032 
 41 OmyAC19ROGR    (1)    1 :  0.441 0.082 0.221 0.084 0.027 0.144 
 42 OmyAC19ROGR    (1)    1 :  0.041 0.063 0.050 0.021 0.801 0.025 
 43 OmyAC19ROGR    (1)    1 :  0.045 0.202 0.466 0.132 0.035 0.120 
 44 OmyAC19ROGR    (7)    1 :  0.041 0.225 0.409 0.212 0.040 0.073 
 45 OmyAC19ROGR    (2)    1 :  0.063 0.070 0.136 0.191 0.304 0.235 
 46 OmyAC19ROGR    (1)    1 :  0.076 0.234 0.102 0.150 0.051 0.386 
 47 OmyAC19ROGR    (0)    1 :  0.048 0.047 0.052 0.059 0.058 0.737 
 48 OmyAC19ROGR    (1)    1 :  0.082 0.251 0.391 0.129 0.044 0.102 
 49 OmyAC19ROGR    (0)    1 :  0.127 0.226 0.161 0.300 0.033 0.154 
 50 OmyAC19ROGR    (1)    1 :  0.536 0.123 0.138 0.160 0.020 0.023 
 51 OmyAC19ROGR    (2)    1 :  0.091 0.052 0.050 0.065 0.682 0.060 
 52 OmyAC19ROGR    (1)    1 :  0.035 0.044 0.026 0.026 0.828 0.041 
 53 OmyAC19ROGR    (2)    1 :  0.037 0.071 0.114 0.074 0.028 0.675 
 54 OmyAC19ROGR    (1)    1 :  0.073 0.151 0.121 0.226 0.058 0.372 
 55 OmyAC19ROGR    (3)    1 :  0.167 0.464 0.144 0.077 0.082 0.066 
 56 OmyAC19ROGR    (1)    1 :  0.147 0.081 0.055 0.123 0.066 0.528 
 57 OmyAC19ROGR    (0)    1 :  0.080 0.173 0.073 0.155 0.020 0.500 
 58 OmyAC19ROGR    (1)    1 :  0.064 0.059 0.060 0.073 0.712 0.032 
 59 OmyAC19ROGR    (0)    1 :  0.072 0.076 0.134 0.085 0.023 0.610 
 60 OmyAC19ROGR    (2)    1 :  0.340 0.100 0.263 0.121 0.094 0.082 
 61 OmyAC19ROGR    (1)    1 :  0.130 0.075 0.080 0.280 0.045 0.390 
 62 OmyAC19ROGR    (1)    1 :  0.057 0.209 0.505 0.114 0.035 0.081 
 63 OmyAC19ROGR    (0)    1 :  0.067 0.059 0.108 0.392 0.179 0.195 
 64 OmyAC19ROGR    (3)    1 :  0.155 0.171 0.333 0.215 0.053 0.073 
 65 OmyAC19ROGR    (1)    1 :  0.289 0.255 0.096 0.227 0.060 0.073 
 66 OmyAC19ROGR    (4)    1 :  0.456 0.174 0.060 0.060 0.211 0.039 
 67 OmyAC19ROGR    (0)    1 :  0.327 0.103 0.058 0.223 0.031 0.257 
 68 OmyAC19ROGR    (2)    1 :  0.055 0.181 0.177 0.109 0.037 0.441 
 69 OmyAC19ROGR    (2)    1 :  0.062 0.051 0.046 0.073 0.158 0.610 
 70 OmyAC19ROGR    (1)    1 :  0.061 0.430 0.210 0.126 0.029 0.145 
 71 OmyAC19ROGR    (0)    1 :  0.234 0.198 0.169 0.296 0.030 0.073 
 72 OmyAC19ROGR    (5)    1 :  0.123 0.099 0.410 0.221 0.020 0.127 
 73 OmyAC19ROGR    (1)    1 :  0.033 0.191 0.114 0.297 0.208 0.157 
 74 OmyAC19ROGR    (1)    1 :  0.173 0.193 0.493 0.074 0.037 0.029 
 75 OmyAC19ROGR    (1)    1 :  0.189 0.262 0.053 0.212 0.094 0.190 
 76 OmyAC19ROGR    (1)    1 :  0.056 0.152 0.080 0.124 0.037 0.551 
 77 OmyAC19ROGR    (1)    1 :  0.016 0.015 0.024 0.019 0.909 0.018 
 78 OmyAC19ROGR    (1)    1 :  0.106 0.266 0.230 0.289 0.034 0.075 
 79 OmyAC19ROGR    (2)    1 :  0.072 0.249 0.134 0.431 0.036 0.078 
 80 OmyAC19ROGR    (2)    1 :  0.076 0.034 0.062 0.055 0.723 0.050 
 81 OmyAC19ROGR    (2)    1 :  0.102 0.072 0.169 0.166 0.392 0.098 
 82 OmyAC19ROGR    (1)    1 :  0.060 0.118 0.180 0.207 0.019 0.415 
 83 OmyAC19ROGR    (0)    1 :  0.172 0.248 0.131 0.182 0.040 0.227 
 84 OmyAC19ROGR    (1)    1 :  0.157 0.289 0.196 0.128 0.168 0.062 
 85 OmyAC19ROGR    (6)    1 :  0.188 0.340 0.111 0.260 0.027 0.074 
 86 OmyAC19ROGR    (1)    1 :  0.522 0.096 0.230 0.067 0.064 0.021 
 87 OmyAC19ROGR    (2)    1 :  0.082 0.144 0.226 0.232 0.030 0.286 
 88 OmyJC19ROGR    (0)    2 :  0.043 0.060 0.028 0.028 0.813 0.028 
 89 OmyJC19ROGR    (1)    2 :  0.110 0.582 0.159 0.047 0.040 0.062 
 90 OmyJC19ROGR    (1)    2 :  0.025 0.026 0.030 0.029 0.873 0.017 
 91 OmyJC19ROGR    (2)    2 :  0.202 0.162 0.202 0.169 0.014 0.251 
 92 OmyJC19ROGR    (1)    2 :  0.063 0.155 0.077 0.293 0.033 0.378 
 93 OmyJC19ROGR    (1)    2 :  0.047 0.181 0.045 0.067 0.012 0.648 
 94 OmyJC19ROGR    (1)    2 :  0.150 0.279 0.229 0.157 0.155 0.031 
 95 OmyJC19ROGR    (0)    2 :  0.079 0.373 0.241 0.125 0.161 0.021 
 96 OmyJC19ROGR    (2)    2 :  0.426 0.119 0.078 0.249 0.074 0.054 
 97 OmyJC19ROGR    (1)    2 :  0.020 0.048 0.040 0.049 0.106 0.738 
 98 OmyJC19ROGR    (0)    2 :  0.212 0.140 0.182 0.332 0.038 0.096 
 99 OmyJC19ROGR    (0)    2 :  0.109 0.049 0.107 0.378 0.070 0.286 
100 OmyJC19ROGR    (1)    2 :  0.053 0.768 0.069 0.041 0.029 0.041 
101 OmyJC19ROGR    (1)    2 :  0.050 0.191 0.067 0.090 0.481 0.122 
102 OmyJC19ROGR    (1)    2 :  0.325 0.259 0.136 0.190 0.055 0.034 
103 OmyJC19ROGR    (2)    2 :  0.094 0.272 0.178 0.132 0.163 0.161 
104 OmyJC19ROGR    (1)    2 :  0.081 0.185 0.086 0.103 0.029 0.516 
105 OmyJC19ROGR    (1)    2 :  0.055 0.024 0.116 0.160 0.169 0.476 
106 OmyJC19ROGR    (1)    2 :  0.013 0.016 0.020 0.016 0.907 0.028 
107 OmyJC19ROGR    (2)    2 :  0.532 0.064 0.102 0.102 0.068 0.132 
108 OmyJC19ROGR    (0)    2 :  0.157 0.124 0.137 0.350 0.047 0.184 
109 OmyJC19ROGR    (1)    2 :  0.385 0.155 0.174 0.049 0.208 0.029 
110 OmyJC19ROGR    (1)    2 :  0.045 0.094 0.151 0.158 0.144 0.408 
111 OmyJC19ROGR    (1)    2 :  0.085 0.083 0.101 0.374 0.044 0.314 
112 OmyJC19ROGR    (2)    2 :  0.255 0.176 0.241 0.204 0.087 0.037 
113 OmyJC19ROGR    (1)    2 :  0.159 0.155 0.090 0.065 0.494 0.037 
114 OmyJC19ROGR    (3)    2 :  0.087 0.482 0.192 0.125 0.036 0.079 
115 OmyJC19ROGR    (2)    2 :  0.020 0.091 0.420 0.265 0.035 0.169 
116 OmyJC19ROGR    (0)    2 :  0.052 0.684 0.097 0.053 0.064 0.049 
117 OmyJC19ROGR    (1)    2 :  0.105 0.175 0.115 0.409 0.163 0.032 
118 OmyJC19ROGR    (1)    2 :  0.171 0.483 0.070 0.163 0.024 0.090 
119 OmyJC19ROGR    (3)    2 :  0.391 0.111 0.146 0.250 0.060 0.042 
120 OmyJC19ROGR    (1)    2 :  0.040 0.052 0.031 0.043 0.012 0.823 
121 OmyJC19ROGR    (0)    2 :  0.220 0.315 0.248 0.138 0.048 0.031 
122 OmyJC19ROGR    (1)    2 :  0.159 0.348 0.139 0.206 0.046 0.101 
123 OmyJC19ROGR    (1)    2 :  0.292 0.185 0.122 0.247 0.020 0.135 
124 OmyJC19ROGR    (0)    2 :  0.068 0.140 0.559 0.105 0.092 0.036 
125 OmyJC19ROGR    (1)    2 :  0.041 0.086 0.154 0.076 0.074 0.570 
126 OmyJC19ROGR    (1)    2 :  0.056 0.058 0.079 0.159 0.621 0.026 
127 OmyJC19ROGR    (1)    2 :  0.735 0.041 0.048 0.076 0.044 0.056 
128 OmyJC19ROGR    (1)    2 :  0.064 0.086 0.052 0.207 0.035 0.555 
129 OmyJC19ROGR    (1)    2 :  0.056 0.402 0.061 0.226 0.208 0.046 
130 OmyJC19ROGR    (1)    2 :  0.046 0.250 0.588 0.045 0.049 0.023 
131 OmyJC19ROGR    (1)    2 :  0.057 0.314 0.191 0.272 0.063 0.103 
132 OmyJC19ROGR    (1)    2 :  0.105 0.090 0.142 0.097 0.053 0.513 
133 OmyJC19ROGR    (1)    2 :  0.070 0.330 0.233 0.282 0.025 0.060 
134 OmyJC19ROGR    (1)    2 :  0.440 0.067 0.095 0.290 0.052 0.056 
135 OmyJC19ROGR    (1)    2 :  0.025 0.021 0.028 0.043 0.017 0.865 
136 OmyJC19ROGR    (3)    2 :  0.121 0.493 0.120 0.129 0.035 0.102 
137 OmyJC19ROGR    (1)    2 :  0.287 0.063 0.293 0.105 0.207 0.045 
138 OmyJC19ROGR    (1)    2 :  0.056 0.155 0.075 0.040 0.647 0.027 
139 OmyJC19ROGR    (2)    2 :  0.069 0.311 0.377 0.178 0.017 0.047 
140 OmyJC19ROGR    (3)    2 :  0.347 0.298 0.120 0.100 0.089 0.046 
141 OmyJC19ROGR    (0)    2 :  0.163 0.157 0.109 0.090 0.337 0.143 
142 OmyJC19ROGR    (1)    2 :  0.161 0.098 0.122 0.064 0.299 0.256 
143 OmyJC19ROGR    (0)    2 :  0.032 0.082 0.166 0.227 0.052 0.441 
144 OmyJC19ROGR    (1)    2 :  0.106 0.403 0.345 0.069 0.014 0.062 
145 OmyJC19ROGR    (1)    2 :  0.120 0.153 0.410 0.264 0.026 0.027 
146 OmyJC19ROGR    (2)    2 :  0.075 0.110 0.093 0.334 0.040 0.349 
147 OmyJC19ROGR    (1)    2 :  0.512 0.081 0.072 0.234 0.034 0.067 
148 OmyJC19ROGR    (1)    2 :  0.323 0.079 0.232 0.106 0.017 0.243 
149 OmyJC19ROGR    (2)    2 :  0.134 0.100 0.091 0.424 0.048 0.203 
150 OmyJC19ROGR    (2)    2 :  0.126 0.173 0.071 0.185 0.047 0.398 
151 OmyJC19ROGR    (1)    2 :  0.203 0.338 0.107 0.071 0.092 0.191 
152 OmyJC19ROGR    (0)    2 :  0.165 0.073 0.244 0.416 0.047 0.054 
153 OmyJC19ROGR    (1)    2 :  0.042 0.020 0.032 0.045 0.022 0.839 
154 OmyJC19ROGR    (2)    2 :  0.255 0.104 0.375 0.193 0.041 0.032 
155 OmyJC19ROGR    (1)    2 :  0.174 0.158 0.198 0.286 0.077 0.108 
156 OmyJC19ROGR    (1)    2 :  0.304 0.070 0.211 0.146 0.111 0.157 
157 OmyJC19ROGR    (0)    2 :  0.089 0.207 0.302 0.164 0.054 0.184 
158 OmyJC19ROGR    (2)    2 :  0.182 0.476 0.082 0.171 0.017 0.071 
159 OmyJC19ROGR    (1)    2 :  0.353 0.190 0.258 0.119 0.040 0.041 
160 OmyJC19ROGR    (0)    2 :  0.315 0.055 0.174 0.251 0.049 0.157 
161 OmyJC19ROGR    (1)    2 :  0.112 0.215 0.181 0.051 0.032 0.409 
162 OmyJC19ROGR    (1)    2 :  0.302 0.135 0.178 0.128 0.055 0.202 
163 OmyJC19ROGR    (1)    2 :  0.071 0.053 0.087 0.051 0.042 0.694 
164 OmyJC19ROGR    (1)    2 :  0.277 0.271 0.139 0.254 0.019 0.039 
165 OmyJC19ROGR    (0)    2 :  0.116 0.079 0.285 0.407 0.017 0.096 
166 OmyJC19ROGR    (0)    2 :  0.135 0.090 0.527 0.150 0.044 0.054 
167 OmyJC19ROGR    (2)    2 :  0.147 0.079 0.145 0.037 0.081 0.511 
168 OmyJC19ROGR    (0)    2 :  0.107 0.652 0.065 0.072 0.057 0.047 
169 OmyJC19ROGR    (1)    2 :  0.027 0.016 0.017 0.015 0.914 0.012 
170 OmyJC19ROGR    (1)    2 :  0.077 0.080 0.135 0.176 0.051 0.482 
171 OmyJC19ROGR    (1)    2 :  0.184 0.164 0.260 0.270 0.027 0.095 
172 OmyJC19ROGR    (0)    2 :  0.088 0.110 0.040 0.059 0.351 0.351 
173 OmyJC19ROGR    (1)    2 :  0.020 0.021 0.026 0.031 0.884 0.018 
174 OmyJC19ROGR    (0)    2 :  0.051 0.128 0.620 0.117 0.024 0.061 
175 OmyJC19ROGR    (1)    2 :  0.122 0.627 0.083 0.100 0.021 0.047 
176 OmyJC19ROGR    (1)    2 :  0.129 0.068 0.034 0.235 0.034 0.499 
177 OmyJC19ROGR    (1)    2 :  0.057 0.039 0.084 0.091 0.009 0.719 
178 OmyJC19ROGR    (0)    2 :  0.558 0.095 0.242 0.036 0.036 0.033 
179 OmyJC19ROGR    (1)    2 :  0.097 0.131 0.165 0.156 0.017 0.435 
180 OmyJC19ROGR    (1)    2 :  0.029 0.051 0.036 0.034 0.786 0.065 
181 OmyJC19ROGR    (1)    2 :  0.202 0.124 0.415 0.151 0.027 0.082 
182 OmyJC19ROGR    (1)    2 :  0.137 0.296 0.112 0.302 0.115 0.038 
183 OmyJC19ROGR    (1)    2 :  0.269 0.111 0.281 0.253 0.028 0.058 
184 OmyJC19ROGR    (1)    2 :  0.118 0.086 0.024 0.313 0.429 0.030 
185 OmyJC19ROGR    (2)    2 :  0.030 0.881 0.040 0.024 0.009 0.017 
186 OmyJC19ROGR    (1)    2 :  0.042 0.258 0.090 0.251 0.080 0.280 
187 OmyJC19ROGR    (0)    2 :  0.051 0.069 0.690 0.135 0.020 0.036 
188 OmyJC19ROGR    (1)    2 :  0.088 0.389 0.158 0.235 0.052 0.077 
189 OmyJC19ROGR    (0)    2 :  0.090 0.222 0.111 0.128 0.114 0.334 
190 OmyJC19ROGR    (0)    2 :  0.083 0.071 0.073 0.091 0.035 0.647 
191 OmyJC19ROGR    (2)    2 :  0.045 0.094 0.237 0.163 0.031 0.430 
192 OmyJC19ROGR    (1)    2 :  0.716 0.064 0.040 0.138 0.025 0.017 
193 OmyJC19ROGR    (1)    2 :  0.217 0.278 0.183 0.083 0.098 0.141 
194 OmyJC19ROGR    (0)    2 :  0.791 0.052 0.032 0.081 0.012 0.031 
195 OmyJC19ROGR    (1)    2 :  0.046 0.048 0.051 0.058 0.781 0.016 
196 OmyJC19ROGR    (1)    2 :  0.035 0.076 0.790 0.043 0.027 0.029 
197 OmyJC19ROGR    (1)    2 :  0.110 0.080 0.143 0.239 0.044 0.383 
198 OmyJC19ROGR    (1)    2 :  0.076 0.050 0.040 0.051 0.740 0.042 
199 OmyJC19ROGR    (0)    2 :  0.164 0.418 0.211 0.122 0.023 0.061 
200 OmyJC19ROGR    (0)    2 :  0.036 0.133 0.048 0.039 0.036 0.707 
201 OmyJC19ROGR    (1)    2 :  0.327 0.080 0.314 0.212 0.019 0.047 
202 OmyJC19ROGR    (0)    2 :  0.083 0.061 0.037 0.098 0.010 0.711 
203 OmyJC19ROGR    (0)    2 :  0.095 0.051 0.319 0.444 0.030 0.061 
204 OmyJC19ROGR    (1)    2 :  0.181 0.089 0.241 0.341 0.046 0.103 
205 OmyJC19ROGR    (1)    2 :  0.052 0.091 0.560 0.134 0.076 0.088 
206 OmyJC19ROGR    (1)    2 :  0.030 0.065 0.036 0.058 0.780 0.031 
207 OmyJC19ROGR    (1)    2 :  0.170 0.173 0.299 0.055 0.212 0.091 
208 OmyJC19ROGR    (1)    2 :  0.345 0.191 0.183 0.205 0.030 0.045 
209 OmyJC19ROGR    (0)    2 :  0.053 0.157 0.063 0.137 0.479 0.111 
210 OmyJC19ROGR    (1)    2 :  0.012 0.018 0.029 0.017 0.912 0.012 
211 OmyJC19ROGR    (0)    2 :  0.152 0.472 0.112 0.082 0.120 0.061 
212 OmyJC19ROGR    (1)    2 :  0.166 0.043 0.112 0.090 0.171 0.419 
213 OmyJC19ROGR    (1)    2 :  0.047 0.119 0.620 0.127 0.023 0.063 
214 OmyJC19ROGR    (1)    2 :  0.121 0.070 0.501 0.235 0.039 0.034 
215 OmyJC19ROGR    (1)    2 :  0.734 0.082 0.045 0.067 0.024 0.048 
216 OmyJC19ROGR    (1)    2 :  0.036 0.039 0.058 0.039 0.808 0.019 
217 OmyJC19ROGR    (1)    2 :  0.255 0.067 0.144 0.126 0.351 0.057 
218 OmyJC19ROGR    (1)    2 :  0.059 0.072 0.200 0.396 0.021 0.253 
219 OmyJC19ROGR    (1)    2 :  0.492 0.081 0.239 0.062 0.090 0.036 
220 OmyJC19ROGR    (1)    2 :  0.186 0.399 0.188 0.115 0.011 0.100 
221 OmyJC19ROGR    (0)    2 :  0.025 0.129 0.426 0.160 0.224 0.036 
222 OmyJC19ROGR    (1)    2 :  0.157 0.117 0.245 0.198 0.025 0.259 
223 OmyJC19ROGR    (0)    2 :  0.288 0.109 0.359 0.133 0.044 0.068 
224 OmyJC19ROGR    (1)    2 :  0.530 0.188 0.143 0.061 0.024 0.055 
225 OmyJC19ROGR    (1)    2 :  0.017 0.021 0.016 0.017 0.913 0.016 
226 OmyJC19ROGR    (0)    2 :  0.084 0.526 0.107 0.079 0.171 0.032 
227 OmyJC19ROGR    (1)    2 :  0.015 0.017 0.028 0.033 0.879 0.029 
228 OmyJC19ROGR    (1)    2 :  0.228 0.119 0.527 0.054 0.039 0.032 
229 OmyJC19ROGR    (2)    2 :  0.031 0.128 0.104 0.692 0.018 0.027 
230 OmyJC19ROGR    (1)    2 :  0.076 0.086 0.234 0.325 0.161 0.117 
231 OmyJC19ROGR    (1)    2 :  0.153 0.203 0.429 0.114 0.057 0.044 
232 OmyJC19ROGR    (2)    2 :  0.073 0.450 0.240 0.083 0.031 0.122 
233 OmyJC19ROGR    (1)    2 :  0.255 0.102 0.323 0.118 0.082 0.121 
234 OmyJC19ROGR    (1)    2 :  0.018 0.035 0.022 0.022 0.886 0.017 
235 OmyJC19ROGR    (0)    2 :  0.263 0.061 0.042 0.104 0.461 0.069 
236 OmyJC19ROGR    (1)    2 :  0.461 0.056 0.110 0.087 0.024 0.261 
237 OmyJC19ROGR    (1)    2 :  0.295 0.179 0.158 0.186 0.067 0.114 
238 OmyJC19ROGR    (0)    2 :  0.380 0.071 0.240 0.140 0.119 0.050 
239 OmyJC19ROGR    (1)    2 :  0.544 0.200 0.049 0.097 0.057 0.052 
240 OmyJC19ROGR    (1)    2 :  0.090 0.422 0.231 0.169 0.041 0.047 
241 OmyJC19ROGR    (0)    2 :  0.098 0.072 0.096 0.051 0.072 0.611 
242 OmyJC19ROGR    (1)    2 :  0.662 0.052 0.049 0.077 0.015 0.144 
243 OmyJC19ROGR    (1)    2 :  0.124 0.110 0.256 0.293 0.041 0.176 
244 OmyJC19ROGR    (1)    2 :  0.065 0.065 0.212 0.491 0.037 0.130 
245 OmyJC19ROGR    (0)    2 :  0.011 0.022 0.010 0.014 0.924 0.018 
246 OmyJC19ROGR    (1)    2 :  0.061 0.048 0.064 0.079 0.129 0.619 
247 OmyJC19ROGR    (0)    2 :  0.048 0.041 0.112 0.346 0.409 0.043 
248 OmyJC19ROGR    (1)    2 :  0.039 0.237 0.084 0.121 0.465 0.053 
249 OmyJC19ROGR    (1)    2 :  0.061 0.320 0.419 0.119 0.044 0.037 
250 OmyJC19ROGR    (0)    2 :  0.205 0.172 0.179 0.270 0.092 0.081 
251 OmyJC19ROGR    (1)    2 :  0.121 0.105 0.390 0.257 0.050 0.077 
252 OmyJC19ROGR    (0)    2 :  0.027 0.045 0.071 0.050 0.030 0.776 
253 OmyJC19ROGR    (0)    2 :  0.250 0.424 0.107 0.135 0.049 0.035 
254 OmyJC19ROGR    (1)    2 :  0.032 0.062 0.064 0.739 0.039 0.064 
255 OmyJC19ROGR    (1)    2 :  0.038 0.136 0.236 0.123 0.023 0.444 
256 OmyJC19ROGR    (1)    2 :  0.056 0.061 0.154 0.086 0.262 0.381 
257 OmyJC19ROGR    (0)    2 :  0.041 0.256 0.482 0.117 0.049 0.056 
258 OmyAC19ROGR    (1)    1 :  0.163 0.230 0.177 0.155 0.175 0.099 
259 OmyAC19ROGR    (2)    1 :  0.187 0.175 0.061 0.061 0.406 0.110 
260 OmyAC19ROGR    (1)    1 :  0.549 0.127 0.063 0.183 0.020 0.057 
261 OmyAC19ROGR    (0)    1 :  0.128 0.401 0.166 0.248 0.034 0.024 
262 OmyAC19ROGR    (1)    1 :  0.187 0.220 0.149 0.176 0.094 0.174 
263 OmyAC19ROGR    (0)    1 :  0.097 0.034 0.210 0.268 0.025 0.365 
264 OmyAC19ROGR    (1)    1 :  0.167 0.099 0.428 0.191 0.051 0.065 
265 OmyAC19ROGR    (1)    1 :  0.138 0.109 0.119 0.550 0.041 0.044 
266 OmyAC19ROGR    (1)    1 :  0.071 0.179 0.591 0.097 0.018 0.044 
267 OmyAC19ROGR    (1)    1 :  0.118 0.284 0.140 0.260 0.132 0.065 
268 OmyAC19ROGR    (2)    1 :  0.095 0.170 0.156 0.148 0.110 0.320 
269 OmyAC19ROGR    (1)    1 :  0.165 0.374 0.143 0.123 0.133 0.062 
270 OmyAC19ROGR    (1)    1 :  0.039 0.155 0.254 0.141 0.033 0.379 
271 OmyAC19ROGR    (1)    1 :  0.149 0.262 0.110 0.122 0.304 0.053 
272 OmyAC19ROGR    (0)    1 :  0.105 0.093 0.436 0.176 0.159 0.032 
273 OmyAC19ROGR    (0)    1 :  0.214 0.182 0.097 0.413 0.029 0.065 
274 OmyAC19ROGR    (1)    1 :  0.036 0.133 0.045 0.022 0.735 0.029 
275 OmyAC19ROGR    (1)    1 :  0.245 0.108 0.140 0.065 0.108 0.333 
276 OmyAC19ROGR    (1)    1 :  0.318 0.170 0.159 0.239 0.049 0.065 
277 OmyAC19ROGR    (1)    1 :  0.215 0.247 0.209 0.227 0.071 0.031 
278 OmyAC19ROGR    (1)    1 :  0.203 0.144 0.211 0.086 0.300 0.056 
279 OmyAC19ROGR    (0)    1 :  0.597 0.087 0.053 0.072 0.152 0.040 
280 OmyAC19ROGR    (1)    1 :  0.049 0.397 0.137 0.077 0.108 0.232 
281 OmyAC19ROGR    (1)    1 :  0.130 0.524 0.080 0.183 0.039 0.044 
282 OmyAC19ROGR    (1)    1 :  0.086 0.373 0.141 0.118 0.162 0.121 
283 OmyAC19ROGR    (1)    1 :  0.323 0.191 0.167 0.223 0.044 0.051 
284 OmyAC19ROGR    (0)    1 :  0.077 0.057 0.489 0.268 0.022 0.086 
285 OmyAC19ROGR    (1)    1 :  0.265 0.096 0.122 0.211 0.043 0.262 
286 OmyAC19ROGR    (1)    1 :  0.250 0.127 0.188 0.321 0.025 0.089 
287 OmyAC19ROGR    (1)    1 :  0.012 0.015 0.009 0.008 0.949 0.008 
288 OmyAC19ROGR    (1)    1 :  0.072 0.068 0.030 0.070 0.723 0.035 
289 OmyAC19ROGR    (1)    1 :  0.434 0.198 0.102 0.108 0.104 0.054 
290 OmyAC19ROGR    (1)    1 :  0.017 0.019 0.016 0.016 0.912 0.021 
291 OmyAC19ROGR    (1)    1 :  0.058 0.066 0.153 0.166 0.409 0.149 
292 OmyAC19ROGR    (1)    1 :  0.133 0.420 0.093 0.064 0.219 0.070 
293 OmyAC19ROGR    (1)    1 :  0.049 0.080 0.059 0.056 0.027 0.729 
294 OmyAC19ROGR    (1)    1 :  0.450 0.089 0.175 0.088 0.167 0.031 
295 OmyAC19ROGR    (0)    1 :  0.123 0.083 0.159 0.572 0.018 0.045 
296 OmyAC19ROGR    (0)    1 :  0.417 0.119 0.194 0.133 0.027 0.111 
297 OmyAC19ROGR    (1)    1 :  0.054 0.059 0.059 0.047 0.755 0.025 
298 OmyAC19ROGR    (0)    1 :  0.535 0.093 0.221 0.097 0.020 0.035 
299 OmyAC19ROGR    (1)    1 :  0.211 0.051 0.073 0.344 0.178 0.144 
300 OmyAC19ROGR    (1)    1 :  0.175 0.570 0.078 0.066 0.031 0.080 
301 OmyAC19ROGR    (0)    1 :  0.023 0.040 0.038 0.036 0.848 0.015 
302 OmyAC19ROGR    (1)    1 :  0.282 0.065 0.127 0.056 0.428 0.043 
303 OmyAC19ROGR    (1)    1 :  0.223 0.443 0.118 0.054 0.111 0.051 
304 OmyAC19ROGR    (1)    1 :  0.491 0.164 0.077 0.068 0.118 0.081 
305 OmyAC19ROGR    (1)    1 :  0.343 0.162 0.183 0.222 0.024 0.066 
306 OmyAC19ROGR    (1)    1 :  0.071 0.090 0.204 0.057 0.560 0.018 
307 OmyAC19ROGR    (2)    1 :  0.151 0.337 0.160 0.200 0.022 0.131 
308 OmyAC19ROGR    (0)    1 :  0.187 0.241 0.331 0.083 0.097 0.061 
309 OmyAC19ROGR    (2)    1 :  0.026 0.017 0.026 0.026 0.882 0.023 
310 OmyAC19ROGR    (0)    1 :  0.117 0.227 0.116 0.065 0.417 0.059 
311 OmyAC19ROGR    (0)    1 :  0.300 0.074 0.067 0.043 0.470 0.045 
312 OmyAC19ROGR    (0)    1 :  0.165 0.086 0.068 0.124 0.031 0.527 
313 OmyAC19ROGR    (1)    1 :  0.304 0.136 0.280 0.145 0.017 0.118 
314 OmyAC19ROGR    (0)    1 :  0.081 0.097 0.079 0.320 0.038 0.384 
315 OmyAC19ROGR    (1)    1 :  0.091 0.206 0.382 0.196 0.047 0.079 
316 OmyAC19ROGR    (1)    1 :  0.134 0.114 0.207 0.476 0.025 0.044 
317 OmyAC19ROGR    (1)    1 :  0.109 0.455 0.059 0.086 0.032 0.260 
318 OmyAC19ROGR    (1)    1 :  0.082 0.179 0.183 0.277 0.024 0.255 
319 OmyAC19ROGR    (1)    1 :  0.292 0.102 0.223 0.267 0.016 0.100 
320 OmyAC19ROGR    (0)    1 :  0.261 0.075 0.366 0.227 0.012 0.059 
321 OmyAC19ROGR    (1)    1 :  0.259 0.431 0.179 0.063 0.020 0.048 
322 OmyAC19ROGR    (0)    1 :  0.108 0.350 0.143 0.086 0.250 0.064 
323 OmyAC19ROGR    (1)    1 :  0.427 0.081 0.387 0.056 0.023 0.026 
324 OmyAC19ROGR    (1)    1 :  0.063 0.072 0.551 0.217 0.019 0.078 
325 OmyAC19ROGR    (1)    1 :  0.061 0.256 0.163 0.098 0.380 0.043 
326 OmyAC19ROGR    (1)    1 :  0.166 0.219 0.245 0.293 0.047 0.031 
327 OmyAC19ROGR    (1)    1 :  0.137 0.038 0.417 0.300 0.028 0.081 
328 OmyJC18ROGR    (1)    2 :  0.090 0.056 0.136 0.119 0.033 0.565 
329 OmyJC18ROGR    (0)    2 :  0.120 0.224 0.368 0.173 0.054 0.061 
330 OmyJC18ROGR    (0)    2 :  0.108 0.219 0.554 0.037 0.055 0.026 
331 OmyJC18ROGR    (1)    2 :  0.126 0.045 0.064 0.069 0.621 0.076 
332 OmyJC18ROGR    (1)    2 :  0.063 0.069 0.061 0.074 0.681 0.052 
333 OmyJC18ROGR    (1)    2 :  0.050 0.080 0.023 0.039 0.786 0.021 
334 OmyJC18ROGR    (1)    2 :  0.038 0.124 0.270 0.317 0.147 0.104 
335 OmyJC18ROGR    (0)    2 :  0.148 0.188 0.156 0.079 0.022 0.407 
336 OmyJC18ROGR    (1)    2 :  0.031 0.031 0.032 0.033 0.855 0.019 
337 OmyJC18ROGR    (1)    2 :  0.397 0.218 0.213 0.095 0.035 0.042 
338 OmyJC18ROGR    (1)    2 :  0.054 0.045 0.034 0.035 0.814 0.018 
339 OmyJC18ROGR    (1)    2 :  0.131 0.217 0.341 0.227 0.045 0.039 
340 OmyJC18ROGR    (0)    2 :  0.116 0.074 0.102 0.075 0.134 0.498 
341 OmyJC18ROGR    (1)    2 :  0.217 0.036 0.088 0.538 0.012 0.109 
342 OmyJC18ROGR    (2)    2 :  0.197 0.195 0.108 0.055 0.331 0.113 
343 OmyJC18ROGR    (2)    2 :  0.055 0.141 0.154 0.169 0.296 0.186 
344 OmyJC18ROGR    (3)    2 :  0.117 0.212 0.074 0.102 0.403 0.092 
345 OmyJC18ROGR    (2)    2 :  0.066 0.080 0.119 0.032 0.601 0.101 
346 OmyJC18ROGR    (4)    2 :  0.035 0.166 0.606 0.155 0.018 0.020 
347 OmyJC18ROGR    (3)    2 :  0.532 0.171 0.121 0.097 0.042 0.037 
348 OmyJC18ROGR    (1)    2 :  0.064 0.582 0.115 0.043 0.135 0.062 
349 OmyJC18ROGR    (1)    2 :  0.435 0.260 0.129 0.091 0.033 0.052 
350 OmyJC18ROGR    (1)    2 :  0.686 0.086 0.114 0.048 0.035 0.030 
351 OmyJC18ROGR    (0)    2 :  0.128 0.072 0.033 0.066 0.684 0.017 
352 OmyJC18ROGR    (4)    2 :  0.183 0.049 0.177 0.177 0.358 0.057 
353 OmyJC18ROGR    (2)    2 :  0.067 0.096 0.299 0.357 0.116 0.064 
354 OmyJC18ROGR    (1)    2 :  0.057 0.168 0.501 0.170 0.070 0.034 
355 OmyJC18ROGR    (2)    2 :  0.062 0.235 0.445 0.178 0.034 0.045 
356 OmyJC18ROGR    (1)    2 :  0.112 0.096 0.167 0.343 0.032 0.249 
357 OmyJC18ROGR    (2)    2 :  0.028 0.038 0.045 0.041 0.601 0.246 
358 OmyJC18ROGR    (2)    2 :  0.138 0.108 0.226 0.116 0.014 0.398 
359 OmyJC18ROGR    (3)    2 :  0.317 0.330 0.108 0.077 0.064 0.104 
360 OmyJC18ROGR    (0)    2 :  0.057 0.348 0.127 0.152 0.030 0.285 
361 OmyJC18ROGR    (1)    2 :  0.105 0.069 0.647 0.129 0.017 0.034 
362 OmyJC18ROGR    (1)    2 :  0.091 0.090 0.274 0.353 0.148 0.045 
363 OmyJC18ROGR    (2)    2 :  0.069 0.125 0.162 0.383 0.144 0.118 
364 OmyJC18ROGR    (3)    2 :  0.550 0.202 0.085 0.096 0.015 0.051 
365 OmyJC18ROGR    (4)    2 :  0.212 0.242 0.290 0.196 0.033 0.028 
366 OmyJC18ROGR    (4)    2 :  0.142 0.128 0.165 0.395 0.026 0.144 
367 OmyJC18ROGR    (3)    2 :  0.034 0.057 0.072 0.087 0.730 0.019 
368 OmyJC18ROGR    (3)    2 :  0.220 0.148 0.128 0.085 0.338 0.081 
369 OmyJC18ROGR    (2)    2 :  0.046 0.491 0.094 0.120 0.056 0.194 
370 OmyJC18ROGR    (3)    2 :  0.088 0.377 0.270 0.175 0.036 0.055 
371 OmyJC18ROGR    (1)    2 :  0.138 0.193 0.152 0.419 0.028 0.070 
372 OmyJC18ROGR    (3)    2 :  0.292 0.229 0.203 0.103 0.077 0.095 
373 OmyJC18ROGR    (5)    2 :  0.057 0.074 0.090 0.081 0.055 0.643 
374 OmyJC18ROGR    (5)    2 :  0.066 0.080 0.039 0.058 0.013 0.744 
375 OmyJC18ROGR    (3)    2 :  0.131 0.385 0.238 0.117 0.087 0.042 
376 OmyJC18ROGR    (3)    2 :  0.036 0.028 0.035 0.018 0.855 0.028 
377 OmyJC18ROGR    (4)    2 :  0.058 0.158 0.114 0.154 0.195 0.321 
378 OmyJC18ROGR    (0)    2 :  0.371 0.124 0.088 0.139 0.072 0.205 
379 OmyJC18ROGR    (5)    2 :  0.316 0.065 0.245 0.122 0.075 0.178 
380 OmyJC18ROGR    (4)    2 :  0.069 0.270 0.232 0.206 0.091 0.131 
381 OmyJC18ROGR    (1)    2 :  0.212 0.419 0.118 0.087 0.034 0.130 
382 OmyJC18ROGR    (1)    2 :  0.285 0.139 0.258 0.163 0.034 0.121 
383 OmyJC18ROGR    (3)    2 :  0.067 0.225 0.139 0.102 0.420 0.047 
384 OmyJC18ROGR    (2)    2 :  0.581 0.035 0.122 0.090 0.149 0.023 
385 OmyJC18ROGR    (4)    2 :  0.192 0.091 0.561 0.090 0.039 0.026 
386 OmyJC18ROGR    (2)    2 :  0.482 0.089 0.086 0.032 0.281 0.029 
387 OmyJC18ROGR    (1)    2 :  0.158 0.117 0.093 0.079 0.251 0.302 
388 OmyJC18ROGR    (6)    2 :  0.089 0.411 0.078 0.142 0.046 0.233 
389 OmyJC18ROGR    (1)    2 :  0.311 0.111 0.256 0.173 0.111 0.038 
390 OmyJC18ROGR    (1)    2 :  0.464 0.136 0.194 0.062 0.060 0.084 
391 OmyJC18ROGR    (3)    2 :  0.026 0.039 0.024 0.029 0.834 0.047 
392 OmyJC18ROGR    (2)    2 :  0.126 0.284 0.239 0.174 0.028 0.149 
393 OmyJC18ROGR    (4)    2 :  0.031 0.054 0.074 0.105 0.057 0.678 
394 OmyJC18ROGR    (3)    2 :  0.085 0.052 0.048 0.038 0.754 0.022 
395 OmyJC18ROGR    (7)    2 :  0.056 0.192 0.090 0.141 0.164 0.357 
396 OmyJC18ROGR    (4)    2 :  0.068 0.047 0.087 0.086 0.542 0.170 
397 OmyJC18ROGR    (1)    2 :  0.173 0.250 0.213 0.242 0.043 0.079 
398 OmyJC18ROGR    (3)    2 :  0.101 0.153 0.339 0.164 0.156 0.087 
399 OmyJC18ROGR    (2)    2 :  0.054 0.248 0.115 0.199 0.256 0.129 
400 OmyJC18ROGR    (0)    2 :  0.217 0.111 0.461 0.085 0.046 0.080 
401 OmyJC18ROGR    (6)    2 :  0.038 0.082 0.114 0.179 0.052 0.534 
402 OmyJC18ROGR    (5)    2 :  0.034 0.157 0.130 0.145 0.168 0.366 
403 OmyJC18ROGR    (1)    2 :  0.084 0.418 0.136 0.041 0.105 0.216 
404 OmyJC18ROGR    (2)    2 :  0.227 0.381 0.183 0.063 0.111 0.034 
405 OmyJC18ROGR    (3)    2 :  0.439 0.173 0.106 0.192 0.031 0.058 
406 OmyJC18ROGR    (2)    2 :  0.303 0.346 0.215 0.076 0.030 0.031 
407 OmyJC18ROGR    (2)    2 :  0.349 0.057 0.082 0.114 0.101 0.296 
408 OmyJC18ROGR    (2)    2 :  0.244 0.083 0.101 0.115 0.094 0.363 
409 OmyJC18ROGR    (1)    2 :  0.090 0.213 0.277 0.175 0.028 0.217 
410 OmyJC18ROGR    (1)    2 :  0.104 0.062 0.382 0.395 0.022 0.036 
411 OmyJC18ROGR    (1)    2 :  0.025 0.111 0.309 0.496 0.026 0.033 
412 OmyJC18ROGR    (0)    2 :  0.575 0.180 0.137 0.052 0.016 0.040 
413 OmyJC18ROGR    (1)    2 :  0.092 0.130 0.623 0.100 0.030 0.025 
414 OmyJC18ROGR    (2)    2 :  0.448 0.237 0.134 0.108 0.024 0.050 
415 OmyJC18ROGR    (2)    2 :  0.038 0.206 0.276 0.390 0.017 0.073 
416 OmyJC18ROGR    (3)    2 :  0.167 0.347 0.293 0.094 0.053 0.046 
417 OmyJC18ROGR    (1)    2 :  0.135 0.062 0.252 0.080 0.032 0.439 
418 OmyJC18ROGR    (0)    2 :  0.025 0.061 0.102 0.331 0.035 0.445 
419 OmyJC18ROGR    (1)    2 :  0.071 0.190 0.181 0.393 0.020 0.144 
420 OmyJC18ROGR    (0)    2 :  0.049 0.180 0.636 0.079 0.026 0.030 
421 OmyJC18ROGR    (1)    2 :  0.378 0.157 0.207 0.163 0.047 0.049 
422 OmyJC18ROGR    (6)    2 :  0.033 0.727 0.058 0.121 0.026 0.035 
423 OmyJC18ROGR    (2)    2 :  0.038 0.091 0.372 0.411 0.044 0.044 
424 OmyJC18ROGR    (1)    2 :  0.050 0.063 0.392 0.171 0.190 0.134 
425 OmyJC18ROGR    (1)    2 :  0.113 0.161 0.231 0.222 0.228 0.045 
426 OmyJC18ROGR    (3)    2 :  0.123 0.186 0.363 0.127 0.034 0.166 
427 OmyJC18ROGR    (2)    2 :  0.220 0.105 0.049 0.055 0.554 0.017 
428 OmyJC18ROGR    (6)    2 :  0.079 0.053 0.779 0.042 0.015 0.033 
429 OmyJC18ROGR    (1)    2 :  0.260 0.210 0.263 0.068 0.174 0.026 
430 OmyJC18ROGR    (1)    2 :  0.051 0.579 0.048 0.154 0.099 0.069 
431 OmyJC18ROGR    (0)    2 :  0.143 0.102 0.609 0.056 0.038 0.052 
432 OmyJC18ROGR    (2)    2 :  0.055 0.047 0.045 0.055 0.748 0.049 
433 OmyJC18ROGR    (2)    2 :  0.065 0.181 0.060 0.150 0.049 0.495 
434 OmyJC18ROGR    (2)    2 :  0.089 0.131 0.341 0.306 0.089 0.044 
435 OmyJC18ROGR    (8)    2 :  0.204 0.102 0.378 0.130 0.057 0.130 
436 OmyJC18ROGR    (2)    2 :  0.109 0.228 0.383 0.165 0.032 0.083 
437 OmyJC18ROGR    (4)    2 :  0.125 0.243 0.266 0.125 0.026 0.215 
438 OmyJC18ROGR    (1)    2 :  0.020 0.064 0.059 0.057 0.060 0.740 
439 OmyJC18ROGR    (2)    2 :  0.109 0.231 0.064 0.100 0.457 0.039 
440 OmyJC18ROGR    (0)    2 :  0.025 0.047 0.042 0.084 0.095 0.707 
441 OmyJC18ROGR    (1)    2 :  0.724 0.125 0.042 0.057 0.020 0.032 
442 OmyJC18ROGR    (6)    2 :  0.198 0.474 0.066 0.078 0.073 0.111 
443 OmyJC18ROGR    (1)    2 :  0.628 0.117 0.122 0.076 0.015 0.042 
444 OmyJC18ROGR    (6)    2 :  0.085 0.118 0.312 0.089 0.036 0.360 
445 OmyJC18ROGR    (2)    2 :  0.113 0.228 0.251 0.186 0.055 0.166 
446 OmyJC18ROGR    (3)    2 :  0.035 0.036 0.094 0.543 0.176 0.116 
447 OmyJC18ROGR    (2)    2 :  0.244 0.336 0.088 0.184 0.079 0.069 
448 OmyJC18ROGR    (3)    2 :  0.255 0.249 0.105 0.313 0.043 0.036 
449 OmyJC18ROGR    (1)    2 :  0.457 0.212 0.128 0.070 0.025 0.109 
450 OmyJC18ROGR    (4)    2 :  0.043 0.054 0.424 0.177 0.164 0.137 
451 OmyJC18ROGR    (3)    2 :  0.266 0.135 0.128 0.406 0.027 0.037 
452 OmyJC18ROGR    (1)    2 :  0.473 0.176 0.204 0.041 0.073 0.034 
453 OmyJC18ROGR    (1)    2 :  0.412 0.069 0.350 0.121 0.020 0.029 
454 OmyJC18ROGR    (4)    2 :  0.224 0.116 0.093 0.131 0.044 0.391 
455 OmyJC18ROGR    (4)    2 :  0.165 0.047 0.086 0.205 0.386 0.111 
456 OmyJC18ROGR    (5)    2 :  0.063 0.107 0.453 0.204 0.118 0.055 
457 OmyJC18ROGR    (3)    2 :  0.035 0.206 0.132 0.380 0.021 0.225 
458 OmyJC18ROGR    (1)    2 :  0.142 0.069 0.358 0.273 0.046 0.112 
459 OmyJC18ROGR    (1)    2 :  0.034 0.034 0.030 0.027 0.857 0.017 
460 OmyJC18ROGR    (2)    2 :  0.227 0.075 0.452 0.168 0.031 0.047 
461 OmyJC18ROGR    (1)    2 :  0.045 0.073 0.034 0.096 0.693 0.059 
462 OmyJC18ROGR    (1)    2 :  0.140 0.435 0.138 0.067 0.012 0.208 
463 OmyJC18ROGR    (4)    2 :  0.302 0.186 0.101 0.327 0.042 0.043 
464 OmyJC18ROGR    (6)    2 :  0.101 0.307 0.284 0.150 0.022 0.137 
465 OmyJC18ROGR    (3)    2 :  0.053 0.057 0.231 0.288 0.031 0.339 
466 OmyJC18ROGR    (3)    2 :  0.237 0.113 0.160 0.122 0.068 0.300 
467 OmyJC18ROGR    (2)    2 :  0.050 0.685 0.123 0.056 0.050 0.037 
468 OmyJC18ROGR    (2)    2 :  0.125 0.149 0.419 0.211 0.016 0.081 
469 OmyJC18ROGR    (1)    2 :  0.016 0.015 0.021 0.021 0.914 0.014 
470 OmyJC18ROGR    (0)    2 :  0.117 0.065 0.058 0.099 0.177 0.484 
471 OmyJC18ROGR    (2)    2 :  0.042 0.145 0.312 0.404 0.060 0.036 
472 OmyJC18ROGR    (2)    2 :  0.114 0.109 0.639 0.112 0.007 0.019 
473 OmyJC18ROGR    (1)    2 :  0.212 0.282 0.270 0.086 0.064 0.086 
474 OmyJC18ROGR    (3)    2 :  0.097 0.114 0.575 0.123 0.044 0.046 
475 OmyJC18ROGR    (1)    2 :  0.092 0.167 0.119 0.126 0.077 0.419 
476 OmyJC18ROGR    (2)    2 :  0.254 0.315 0.212 0.118 0.028 0.073 
477 OmyJC18ROGR    (0)    2 :  0.044 0.401 0.083 0.294 0.056 0.122 
478 OmyJC18ROGR    (1)    2 :  0.283 0.091 0.323 0.176 0.054 0.073 
479 OmyJC18ROGR    (1)    2 :  0.075 0.417 0.236 0.100 0.036 0.137 
480 OmyJC18ROGR    (1)    2 :  0.098 0.084 0.223 0.515 0.053 0.027 
481 OmyJC18ROGR    (1)    2 :  0.195 0.173 0.146 0.423 0.029 0.034 
482 OmyJC18ROGR    (1)    2 :  0.069 0.283 0.127 0.150 0.027 0.343 
483 OmyJC18ROGR    (0)    2 :  0.206 0.130 0.095 0.468 0.026 0.074 
484 OmyJC18ROGR    (0)    2 :  0.619 0.153 0.038 0.097 0.053 0.041 
485 OmyJC18ROGR    (0)    2 :  0.086 0.226 0.083 0.483 0.019 0.103 
486 OmyJC18ROGR    (0)    2 :  0.170 0.076 0.290 0.329 0.033 0.102 
487 OmyJC18ROGR    (1)    2 :  0.052 0.256 0.044 0.076 0.024 0.548 
488 OmyJC18ROGR    (1)    2 :  0.088 0.142 0.247 0.150 0.063 0.310 
489 OmyJC18ROGR    (1)    2 :  0.603 0.164 0.082 0.085 0.032 0.033 
490 OmyJC18ROGR    (0)    2 :  0.341 0.101 0.268 0.248 0.020 0.023 
491 OmyJC18ROGR    (0)    2 :  0.110 0.090 0.077 0.344 0.048 0.331 
492 OmyJC18ROGR    (5)    2 :  0.030 0.049 0.036 0.055 0.756 0.074 
493 OmyJC18ROGR    (1)    2 :  0.072 0.424 0.069 0.076 0.179 0.180 
494 OmyJC18ROGR    (3)    2 :  0.062 0.054 0.497 0.304 0.024 0.059 
495 OmyJC18ROGR    (1)    2 :  0.061 0.196 0.229 0.333 0.067 0.113 
496 OmyJC18ROGR    (1)    2 :  0.068 0.074 0.553 0.188 0.085 0.032 
497 OmyJC18ROGR    (1)    2 :  0.070 0.238 0.287 0.223 0.015 0.168 
498 OmyJC18ROGR    (1)    2 :  0.415 0.129 0.075 0.188 0.046 0.147 
499 OmyJC18ROGR    (1)    2 :  0.105 0.064 0.107 0.624 0.027 0.073 
500 OmyJC18ROGR    (1)    2 :  0.134 0.218 0.366 0.165 0.089 0.028 
501 OmyJC18ROGR    (2)    2 :  0.031 0.146 0.151 0.499 0.024 0.148 
502 OmyJC18ROGR    (1)    2 :  0.088 0.090 0.047 0.151 0.176 0.448 
503 OmyJC18ROGR    (2)    2 :  0.300 0.124 0.129 0.093 0.091 0.263 
504 OmyJC18ROGR    (2)    2 :  0.082 0.247 0.119 0.094 0.050 0.407 
505 OmyJC18ROGR    (2)    2 :  0.161 0.026 0.456 0.238 0.051 0.067 
506 OmyJC18ROGR    (3)    2 :  0.063 0.057 0.584 0.171 0.047 0.078 
507 OmyJC18ROGR    (1)    2 :  0.092 0.412 0.317 0.068 0.072 0.040 
508 OmyJC18ROGR    (7)    2 :  0.081 0.181 0.480 0.147 0.028 0.083 
509 OmyJC18ROGR    (1)    2 :  0.047 0.127 0.095 0.563 0.106 0.062 
510 OmyJC18ROGR    (1)    2 :  0.018 0.016 0.012 0.014 0.929 0.011 
511 OmyJC18ROGR    (2)    2 :  0.062 0.059 0.099 0.093 0.102 0.585 
512 OmyJC18ROGR    (1)    2 :  0.097 0.067 0.196 0.281 0.021 0.338 
513 OmyJC18ROGR    (3)    2 :  0.046 0.622 0.147 0.146 0.018 0.022 
514 OmyJC18ROGR    (1)    2 :  0.046 0.023 0.044 0.092 0.021 0.774 
515 OmyJC18ROGR    (5)    2 :  0.132 0.462 0.245 0.072 0.028 0.060 
516 OmyJC18ROGR    (3)    2 :  0.035 0.064 0.096 0.321 0.220 0.264 
517 OmyJC18ROGR    (1)    2 :  0.280 0.094 0.090 0.101 0.016 0.419 
518 OmyJC18ROGR    (1)    2 :  0.105 0.110 0.065 0.099 0.443 0.177 
519 OmyJC18ROGR    (0)    2 :  0.053 0.137 0.334 0.076 0.080 0.319 
520 OmyJC18ROGR    (0)    2 :  0.598 0.135 0.049 0.046 0.024 0.147 
521 OmyJC18ROGR    (2)    2 :  0.075 0.454 0.232 0.106 0.059 0.074 
522 OmyJC18ROGR    (2)    2 :  0.046 0.063 0.247 0.336 0.271 0.037 
523 OmyJC18ROGR    (1)    2 :  0.143 0.152 0.105 0.155 0.216 0.230 
524 OmyJC18ROGR    (3)    2 :  0.130 0.074 0.382 0.213 0.108 0.094 
525 OmyJC18ROGR    (1)    2 :  0.159 0.522 0.059 0.066 0.037 0.157 
526 OmyJC18ROGR    (7)    2 :  0.297 0.176 0.315 0.155 0.015 0.042 
527 OmyJC18ROGR    (4)    2 :  0.274 0.087 0.338 0.161 0.071 0.069 
528 OmyJC18ROGR    (1)    2 :  0.140 0.130 0.095 0.533 0.015 0.086 
529 OmyJC18ROGR    (2)    2 :  0.257 0.169 0.319 0.186 0.031 0.038 
530 OmyJC18ROGR    (1)    2 :  0.043 0.260 0.188 0.107 0.045 0.357 
531 OmyJC18ROGR    (2)    2 :  0.563 0.103 0.184 0.077 0.020 0.052 
532 OmyJC18ROGR    (2)    2 :  0.102 0.434 0.279 0.096 0.016 0.073 
533 OmyJC18ROGR    (5)    2 :  0.021 0.042 0.023 0.020 0.852 0.042 
534 OmyJC18ROGR    (2)    2 :  0.111 0.054 0.380 0.308 0.077 0.069 
535 OmyJC18ROGR    (3)    2 :  0.152 0.120 0.152 0.080 0.052 0.445 
536 OmyJC18ROGR    (0)    2 :  0.191 0.220 0.283 0.190 0.087 0.029 
537 OmyJC18ROGR    (3)    2 :  0.271 0.108 0.157 0.213 0.192 0.059 
538 OmyJC18ROGR    (1)    2 :  0.067 0.372 0.242 0.223 0.019 0.077 
539 OmyJC18ROGR    (1)    2 :  0.102 0.109 0.267 0.284 0.040 0.198 
540 OmyJC18ROGR    (1)    2 :  0.189 0.307 0.159 0.232 0.042 0.072 
541 OmyJC18ROGR    (5)    2 :  0.129 0.069 0.265 0.375 0.009 0.153 
542 OmyJC18ROGR    (4)    2 :  0.249 0.196 0.152 0.267 0.084 0.051 
543 OmyJC18ROGR    (2)    2 :  0.052 0.109 0.136 0.603 0.014 0.088 
544 OmyJC18ROGR    (2)    2 :  0.029 0.390 0.153 0.137 0.036 0.255 
545 OmyJC18ROGR    (2)    2 :  0.191 0.180 0.085 0.079 0.235 0.230 
546 OmyJC18ROGR    (1)    2 :  0.147 0.084 0.137 0.419 0.032 0.181 
547 OmyJC18ROGR    (1)    2 :  0.129 0.190 0.232 0.143 0.050 0.256 
548 OmyJC18ROGR    (1)    2 :  0.081 0.047 0.084 0.049 0.689 0.050 
549 OmyJC18ROGR    (1)    2 :  0.275 0.097 0.035 0.314 0.197 0.082 
550 OmyJC18ROGR    (2)    2 :  0.214 0.122 0.196 0.177 0.231 0.061 
