

----------------------------------------------------
STRUCTURE by Pritchard, Stephens and Donnelly (2000)
     and Falush, Stephens and Pritchard (2003)
       Code by Pritchard, Falush and Hubisz
             Version 2.3.4 (Jul 2012)
----------------------------------------------------



Command line arguments:   bin/structure -m "/Users/ddayan/FRA/premature_migration/Rogue_Half-Pounder/rogue_half_pounder_repo/structure/halfpounder/10k_20k_adm_corr_rep2/mainparams" -e "/Users/ddayan/FRA/premature_migration/Rogue_Half-Pounder/rogue_half_pounder_repo/structure/halfpounder/10k_20k_adm_corr_rep2/extraparams" 
Input File:    /Users/ddayan/FRA/premature_migration/Rogue_Half-Pounder/rogue_half_pounder_repo/structure/halfpounder/project_data

Run parameters:
   882 individuals
   330 loci
   4 populations assumed
   10000 Burn-in period
   20000 Reps


--------------------------------------------
Proportion of membership of each pre-defined
 population in each of the 4 clusters

Given    Inferred Clusters              Number of
 Pop       1      2      3      4      Individuals

  1:     0.267  0.270  0.228  0.235      157
  2:     0.265  0.271  0.227  0.237      643
  3:     0.403  0.398  0.081  0.118       40
  4:     0.097  0.097  0.064  0.742       42
--------------------------------------------

Allele-freq. divergence among pops (Net nucleotide distance),
computed using point estimates of P.

      1       2       3       4      
 1      -    0.0005  0.0081  0.0036  
 2   0.0005     -    0.0079  0.0032  
 3   0.0081  0.0079     -    0.0105  
 4   0.0036  0.0032  0.0105     -    

Average distances (expected heterozygosity) between individuals in same cluster:
cluster  1  : 0.2870 
cluster  2  : 0.2871 
cluster  3  : 0.2552 
cluster  4  : 0.2806 

--------------------------------------------
Estimated Ln Prob of Data   = -247811.6
Mean value of ln likelihood = -246464.7
Variance of ln likelihood   = 2693.9
Mean value of alpha         = 0.2883

Mean value of Fst_1         = 0.0106
Mean value of Fst_2         = 0.0071
Mean value of Fst_3         = 0.0714
Mean value of Fst_4         = 0.0265


Inferred ancestry of individuals:
        Label (%Miss) Pop:  Inferred clusters
  1 OmyAC19ROGR    (0)    1 :  0.222 0.346 0.028 0.404 
  2 OmyAC19ROGR    (1)    1 :  0.139 0.371 0.135 0.355 
  3 OmyAC19ROGR    (1)    1 :  0.094 0.523 0.087 0.296 
  4 OmyAC19ROGR    (1)    1 :  0.406 0.347 0.037 0.211 
  5 OmyAC19ROGR    (2)    1 :  0.027 0.028 0.927 0.017 
  6 OmyAC19ROGR    (1)    1 :  0.217 0.429 0.272 0.082 
  7 OmyAC19ROGR    (1)    1 :  0.300 0.223 0.276 0.201 
  8 OmyAC19ROGR    (0)    1 :  0.396 0.338 0.026 0.241 
  9 OmyAC19ROGR    (1)    1 :  0.094 0.400 0.247 0.258 
 10 OmyAC19ROGR    (1)    1 :  0.158 0.118 0.546 0.178 
 11 OmyAC19ROGR    (0)    1 :  0.284 0.315 0.153 0.247 
 12 OmyAC19ROGR    (0)    1 :  0.213 0.488 0.202 0.097 
 13 OmyAC19ROGR    (1)    1 :  0.463 0.227 0.052 0.258 
 14 OmyAC19ROGR    (1)    1 :  0.316 0.159 0.486 0.039 
 15 OmyAC19ROGR    (2)    1 :  0.346 0.128 0.468 0.058 
 16 OmyAC19ROGR    (1)    1 :  0.403 0.238 0.155 0.204 
 17 OmyAC19ROGR    (1)    1 :  0.430 0.402 0.136 0.032 
 18 OmyAC19ROGR    (2)    1 :  0.298 0.218 0.043 0.440 
 19 OmyAC19ROGR    (1)    1 :  0.515 0.202 0.080 0.203 
 20 OmyAC19ROGR    (1)    1 :  0.437 0.259 0.259 0.045 
 21 OmyAC19ROGR    (1)    1 :  0.292 0.243 0.284 0.181 
 22 OmyAC19ROGR    (1)    1 :  0.170 0.287 0.111 0.431 
 23 OmyAC19ROGR    (1)    1 :  0.133 0.434 0.244 0.189 
 24 OmyAC19ROGR    (1)    1 :  0.055 0.069 0.023 0.853 
 25 OmyAC19ROGR    (1)    1 :  0.377 0.235 0.264 0.124 
 26 OmyAC19ROGR    (1)    1 :  0.173 0.235 0.165 0.426 
 27 OmyAC19ROGR    (1)    1 :  0.535 0.293 0.082 0.090 
 28 OmyAC19ROGR    (1)    1 :  0.038 0.054 0.046 0.862 
 29 OmyAC19ROGR    (1)    1 :  0.272 0.387 0.103 0.238 
 30 OmyAC19ROGR    (1)    1 :  0.095 0.135 0.687 0.082 
 31 OmyAC19ROGR    (1)    1 :  0.330 0.369 0.056 0.245 
 32 OmyAC19ROGR    (1)    1 :  0.305 0.251 0.160 0.284 
 33 OmyAC19ROGR    (1)    1 :  0.171 0.213 0.174 0.442 
 34 OmyAC19ROGR    (1)    1 :  0.236 0.109 0.580 0.074 
 35 OmyAC19ROGR    (0)    1 :  0.271 0.239 0.137 0.353 
 36 OmyAC19ROGR    (1)    1 :  0.162 0.448 0.257 0.133 
 37 OmyAC19ROGR    (1)    1 :  0.168 0.136 0.146 0.550 
 38 OmyAC19ROGR    (1)    1 :  0.050 0.075 0.520 0.355 
 39 OmyAC19ROGR    (1)    1 :  0.295 0.397 0.226 0.082 
 40 OmyAC19ROGR    (0)    1 :  0.290 0.332 0.319 0.059 
 41 OmyAC19ROGR    (1)    1 :  0.484 0.327 0.055 0.135 
 42 OmyAC19ROGR    (1)    1 :  0.072 0.063 0.833 0.033 
 43 OmyAC19ROGR    (1)    1 :  0.171 0.508 0.070 0.251 
 44 OmyAC19ROGR    (7)    1 :  0.144 0.628 0.076 0.152 
 45 OmyAC19ROGR    (2)    1 :  0.118 0.134 0.400 0.348 
 46 OmyAC19ROGR    (1)    1 :  0.245 0.204 0.095 0.456 
 47 OmyAC19ROGR    (0)    1 :  0.078 0.094 0.093 0.735 
 48 OmyAC19ROGR    (1)    1 :  0.208 0.522 0.078 0.191 
 49 OmyAC19ROGR    (0)    1 :  0.290 0.234 0.072 0.404 
 50 OmyAC19ROGR    (1)    1 :  0.685 0.238 0.040 0.037 
 51 OmyAC19ROGR    (2)    1 :  0.104 0.078 0.740 0.078 
 52 OmyAC19ROGR    (1)    1 :  0.043 0.039 0.866 0.051 
 53 OmyAC19ROGR    (2)    1 :  0.087 0.169 0.053 0.691 
 54 OmyAC19ROGR    (1)    1 :  0.136 0.187 0.103 0.574 
 55 OmyAC19ROGR    (3)    1 :  0.453 0.312 0.138 0.097 
 56 OmyAC19ROGR    (1)    1 :  0.187 0.109 0.128 0.577 
 57 OmyAC19ROGR    (0)    1 :  0.159 0.136 0.035 0.670 
 58 OmyAC19ROGR    (1)    1 :  0.081 0.112 0.741 0.065 
 59 OmyAC19ROGR    (0)    1 :  0.197 0.228 0.045 0.530 
 60 OmyAC19ROGR    (2)    1 :  0.332 0.371 0.184 0.113 
 61 OmyAC19ROGR    (1)    1 :  0.252 0.125 0.092 0.531 
 62 OmyAC19ROGR    (1)    1 :  0.182 0.586 0.068 0.165 
 63 OmyAC19ROGR    (0)    1 :  0.145 0.145 0.245 0.465 
 64 OmyAC19ROGR    (3)    1 :  0.348 0.409 0.093 0.149 
 65 OmyAC19ROGR    (1)    1 :  0.507 0.237 0.097 0.160 
 66 OmyAC19ROGR    (4)    1 :  0.419 0.179 0.340 0.062 
 67 OmyAC19ROGR    (0)    1 :  0.338 0.182 0.062 0.418 
 68 OmyAC19ROGR    (2)    1 :  0.109 0.248 0.072 0.571 
 69 OmyAC19ROGR    (2)    1 :  0.092 0.082 0.272 0.554 
 70 OmyAC19ROGR    (1)    1 :  0.228 0.394 0.064 0.315 
 71 OmyAC19ROGR    (0)    1 :  0.396 0.397 0.052 0.155 
 72 OmyAC19ROGR    (5)    1 :  0.267 0.476 0.037 0.220 
 73 OmyAC19ROGR    (1)    1 :  0.094 0.163 0.344 0.399 
 74 OmyAC19ROGR    (1)    1 :  0.326 0.574 0.047 0.053 
 75 OmyAC19ROGR    (1)    1 :  0.301 0.150 0.160 0.389 
 76 OmyAC19ROGR    (1)    1 :  0.089 0.128 0.074 0.710 
 77 OmyAC19ROGR    (1)    1 :  0.034 0.029 0.915 0.023 
 78 OmyAC19ROGR    (1)    1 :  0.259 0.508 0.064 0.169 
 79 OmyAC19ROGR    (2)    1 :  0.245 0.358 0.099 0.299 
 80 OmyAC19ROGR    (2)    1 :  0.072 0.079 0.747 0.102 
 81 OmyAC19ROGR    (2)    1 :  0.193 0.219 0.471 0.117 
 82 OmyAC19ROGR    (1)    1 :  0.117 0.233 0.036 0.614 
 83 OmyAC19ROGR    (0)    1 :  0.307 0.182 0.073 0.438 
 84 OmyAC19ROGR    (1)    1 :  0.224 0.429 0.257 0.089 
 85 OmyAC19ROGR    (6)    1 :  0.348 0.361 0.054 0.238 
 86 OmyAC19ROGR    (1)    1 :  0.458 0.383 0.120 0.040 
 87 OmyAC19ROGR    (2)    1 :  0.164 0.387 0.057 0.392 
 88 OmyJC19ROGR    (0)    2 :  0.059 0.051 0.855 0.034 
 89 OmyJC19ROGR    (1)    2 :  0.481 0.294 0.104 0.121 
 90 OmyJC19ROGR    (1)    2 :  0.039 0.043 0.884 0.033 
 91 OmyJC19ROGR    (2)    2 :  0.258 0.342 0.023 0.376 
 92 OmyJC19ROGR    (1)    2 :  0.114 0.129 0.071 0.686 
 93 OmyJC19ROGR    (1)    2 :  0.066 0.098 0.029 0.806 
 94 OmyJC19ROGR    (1)    2 :  0.343 0.361 0.242 0.053 
 95 OmyJC19ROGR    (0)    2 :  0.196 0.458 0.283 0.064 
 96 OmyJC19ROGR    (2)    2 :  0.474 0.262 0.138 0.126 
 97 OmyJC19ROGR    (1)    2 :  0.036 0.058 0.151 0.755 
 98 OmyJC19ROGR    (0)    2 :  0.419 0.349 0.070 0.162 
 99 OmyJC19ROGR    (0)    2 :  0.208 0.144 0.128 0.520 
100 OmyJC19ROGR    (1)    2 :  0.219 0.582 0.058 0.142 
101 OmyJC19ROGR    (1)    2 :  0.111 0.128 0.541 0.220 
102 OmyJC19ROGR    (1)    2 :  0.646 0.194 0.096 0.064 
103 OmyJC19ROGR    (2)    2 :  0.162 0.286 0.275 0.277 
104 OmyJC19ROGR    (1)    2 :  0.136 0.153 0.055 0.655 
105 OmyJC19ROGR    (1)    2 :  0.078 0.085 0.238 0.599 
106 OmyJC19ROGR    (1)    2 :  0.018 0.026 0.914 0.041 
107 OmyJC19ROGR    (2)    2 :  0.508 0.182 0.145 0.164 
108 OmyJC19ROGR    (0)    2 :  0.314 0.201 0.087 0.398 
109 OmyJC19ROGR    (1)    2 :  0.352 0.300 0.302 0.046 
110 OmyJC19ROGR    (1)    2 :  0.101 0.126 0.218 0.555 
111 OmyJC19ROGR    (1)    2 :  0.157 0.189 0.107 0.546 
112 OmyJC19ROGR    (2)    2 :  0.336 0.453 0.133 0.079 
113 OmyJC19ROGR    (1)    2 :  0.213 0.157 0.565 0.066 
114 OmyJC19ROGR    (3)    2 :  0.253 0.515 0.074 0.158 
115 OmyJC19ROGR    (2)    2 :  0.075 0.313 0.087 0.526 
116 OmyJC19ROGR    (0)    2 :  0.278 0.452 0.141 0.129 
117 OmyJC19ROGR    (1)    2 :  0.300 0.300 0.303 0.097 
118 OmyJC19ROGR    (1)    2 :  0.396 0.267 0.054 0.284 
119 OmyJC19ROGR    (3)    2 :  0.584 0.253 0.087 0.077 
120 OmyJC19ROGR    (1)    2 :  0.076 0.092 0.024 0.808 
121 OmyJC19ROGR    (0)    2 :  0.367 0.478 0.079 0.076 
122 OmyJC19ROGR    (1)    2 :  0.250 0.378 0.091 0.281 
123 OmyJC19ROGR    (1)    2 :  0.365 0.279 0.035 0.321 
124 OmyJC19ROGR    (0)    2 :  0.190 0.580 0.154 0.076 
125 OmyJC19ROGR    (1)    2 :  0.089 0.219 0.135 0.556 
126 OmyJC19ROGR    (1)    2 :  0.111 0.137 0.678 0.074 
127 OmyJC19ROGR    (1)    2 :  0.742 0.103 0.075 0.079 
128 OmyJC19ROGR    (1)    2 :  0.078 0.081 0.054 0.787 
129 OmyJC19ROGR    (1)    2 :  0.225 0.255 0.332 0.187 
130 OmyJC19ROGR    (1)    2 :  0.191 0.655 0.093 0.062 
131 OmyJC19ROGR    (1)    2 :  0.188 0.356 0.131 0.324 
132 OmyJC19ROGR    (1)    2 :  0.152 0.166 0.072 0.610 
133 OmyJC19ROGR    (1)    2 :  0.281 0.545 0.051 0.122 
134 OmyJC19ROGR    (1)    2 :  0.548 0.230 0.108 0.115 
135 OmyJC19ROGR    (1)    2 :  0.045 0.041 0.032 0.882 
136 OmyJC19ROGR    (3)    2 :  0.461 0.334 0.054 0.151 
137 OmyJC19ROGR    (1)    2 :  0.317 0.311 0.296 0.077 
138 OmyJC19ROGR    (1)    2 :  0.104 0.156 0.702 0.038 
139 OmyJC19ROGR    (2)    2 :  0.261 0.598 0.035 0.107 
140 OmyJC19ROGR    (3)    2 :  0.434 0.306 0.154 0.105 
141 OmyJC19ROGR    (0)    2 :  0.183 0.169 0.441 0.206 
142 OmyJC19ROGR    (1)    2 :  0.178 0.187 0.374 0.261 
143 OmyJC19ROGR    (0)    2 :  0.065 0.134 0.093 0.708 
144 OmyJC19ROGR    (1)    2 :  0.218 0.669 0.020 0.092 
145 OmyJC19ROGR    (1)    2 :  0.261 0.621 0.044 0.074 
146 OmyJC19ROGR    (2)    2 :  0.128 0.159 0.077 0.636 
147 OmyJC19ROGR    (1)    2 :  0.548 0.188 0.082 0.182 
148 OmyJC19ROGR    (1)    2 :  0.470 0.277 0.034 0.219 
149 OmyJC19ROGR    (2)    2 :  0.289 0.163 0.116 0.432 
150 OmyJC19ROGR    (2)    2 :  0.184 0.133 0.087 0.595 
151 OmyJC19ROGR    (1)    2 :  0.270 0.313 0.154 0.264 
152 OmyJC19ROGR    (0)    2 :  0.317 0.387 0.087 0.209 
153 OmyJC19ROGR    (1)    2 :  0.049 0.052 0.044 0.855 
154 OmyJC19ROGR    (2)    2 :  0.402 0.439 0.091 0.068 
155 OmyJC19ROGR    (1)    2 :  0.259 0.349 0.120 0.273 
156 OmyJC19ROGR    (1)    2 :  0.372 0.253 0.165 0.210 
157 OmyJC19ROGR    (0)    2 :  0.169 0.412 0.100 0.319 
158 OmyJC19ROGR    (2)    2 :  0.386 0.383 0.034 0.198 
159 OmyJC19ROGR    (1)    2 :  0.456 0.414 0.062 0.068 
160 OmyJC19ROGR    (0)    2 :  0.446 0.150 0.083 0.322 
161 OmyJC19ROGR    (1)    2 :  0.225 0.228 0.055 0.492 
162 OmyJC19ROGR    (1)    2 :  0.365 0.236 0.105 0.293 
163 OmyJC19ROGR    (1)    2 :  0.135 0.164 0.068 0.633 
164 OmyJC19ROGR    (1)    2 :  0.512 0.347 0.037 0.104 
165 OmyJC19ROGR    (0)    2 :  0.275 0.453 0.034 0.238 
166 OmyJC19ROGR    (0)    2 :  0.302 0.535 0.077 0.087 
167 OmyJC19ROGR    (2)    2 :  0.184 0.305 0.140 0.370 
168 OmyJC19ROGR    (0)    2 :  0.333 0.433 0.106 0.129 
169 OmyJC19ROGR    (1)    2 :  0.033 0.028 0.920 0.019 
170 OmyJC19ROGR    (1)    2 :  0.091 0.145 0.075 0.689 
171 OmyJC19ROGR    (1)    2 :  0.424 0.408 0.040 0.127 
172 OmyJC19ROGR    (0)    2 :  0.123 0.087 0.443 0.346 
173 OmyJC19ROGR    (1)    2 :  0.034 0.030 0.903 0.034 
174 OmyJC19ROGR    (0)    2 :  0.182 0.604 0.062 0.152 
175 OmyJC19ROGR    (1)    2 :  0.416 0.408 0.046 0.130 
176 OmyJC19ROGR    (1)    2 :  0.209 0.081 0.064 0.646 
177 OmyJC19ROGR    (1)    2 :  0.072 0.104 0.023 0.802 
178 OmyJC19ROGR    (0)    2 :  0.489 0.408 0.063 0.040 
179 OmyJC19ROGR    (1)    2 :  0.171 0.266 0.029 0.535 
180 OmyJC19ROGR    (1)    2 :  0.050 0.044 0.824 0.082 
181 OmyJC19ROGR    (1)    2 :  0.406 0.433 0.061 0.101 
182 OmyJC19ROGR    (1)    2 :  0.310 0.405 0.190 0.094 
183 OmyJC19ROGR    (1)    2 :  0.313 0.491 0.056 0.140 
184 OmyJC19ROGR    (1)    2 :  0.202 0.118 0.589 0.091 
185 OmyJC19ROGR    (2)    2 :  0.253 0.625 0.020 0.103 
186 OmyJC19ROGR    (1)    2 :  0.102 0.181 0.136 0.581 
187 OmyJC19ROGR    (0)    2 :  0.227 0.652 0.033 0.088 
188 OmyJC19ROGR    (1)    2 :  0.275 0.443 0.094 0.187 
189 OmyJC19ROGR    (0)    2 :  0.175 0.238 0.204 0.383 
190 OmyJC19ROGR    (0)    2 :  0.149 0.100 0.086 0.666 
191 OmyJC19ROGR    (2)    2 :  0.100 0.161 0.056 0.683 
192 OmyJC19ROGR    (1)    2 :  0.751 0.149 0.059 0.041 
193 OmyJC19ROGR    (1)    2 :  0.370 0.287 0.168 0.175 
194 OmyJC19ROGR    (0)    2 :  0.783 0.121 0.029 0.068 
195 OmyJC19ROGR    (1)    2 :  0.085 0.077 0.803 0.035 
196 OmyJC19ROGR    (1)    2 :  0.133 0.771 0.046 0.049 
197 OmyJC19ROGR    (1)    2 :  0.186 0.215 0.082 0.517 
198 OmyJC19ROGR    (1)    2 :  0.098 0.061 0.768 0.074 
199 OmyJC19ROGR    (0)    2 :  0.300 0.556 0.045 0.099 
200 OmyJC19ROGR    (0)    2 :  0.094 0.128 0.077 0.701 
201 OmyJC19ROGR    (1)    2 :  0.515 0.349 0.038 0.099 
202 OmyJC19ROGR    (0)    2 :  0.105 0.065 0.018 0.812 
203 OmyJC19ROGR    (0)    2 :  0.312 0.422 0.065 0.200 
204 OmyJC19ROGR    (1)    2 :  0.423 0.276 0.083 0.218 
205 OmyJC19ROGR    (1)    2 :  0.198 0.504 0.141 0.156 
206 OmyJC19ROGR    (1)    2 :  0.052 0.059 0.837 0.052 
207 OmyJC19ROGR    (1)    2 :  0.253 0.350 0.285 0.111 
208 OmyJC19ROGR    (1)    2 :  0.506 0.341 0.055 0.097 
209 OmyJC19ROGR    (0)    2 :  0.100 0.136 0.565 0.198 
210 OmyJC19ROGR    (1)    2 :  0.038 0.036 0.907 0.019 
211 OmyJC19ROGR    (0)    2 :  0.288 0.382 0.211 0.119 
212 OmyJC19ROGR    (1)    2 :  0.189 0.121 0.277 0.413 
213 OmyJC19ROGR    (1)    2 :  0.144 0.661 0.041 0.153 
214 OmyJC19ROGR    (1)    2 :  0.342 0.498 0.076 0.083 
215 OmyJC19ROGR    (1)    2 :  0.728 0.121 0.041 0.111 
216 OmyJC19ROGR    (1)    2 :  0.062 0.064 0.835 0.039 
217 OmyJC19ROGR    (1)    2 :  0.235 0.226 0.416 0.123 
218 OmyJC19ROGR    (1)    2 :  0.121 0.264 0.049 0.566 
219 OmyJC19ROGR    (1)    2 :  0.454 0.327 0.162 0.057 
220 OmyJC19ROGR    (1)    2 :  0.457 0.337 0.022 0.184 
221 OmyJC19ROGR    (0)    2 :  0.102 0.456 0.340 0.102 
222 OmyJC19ROGR    (1)    2 :  0.379 0.255 0.062 0.304 
223 OmyJC19ROGR    (0)    2 :  0.332 0.444 0.093 0.131 
224 OmyJC19ROGR    (1)    2 :  0.567 0.307 0.036 0.090 
225 OmyJC19ROGR    (1)    2 :  0.030 0.027 0.918 0.025 
226 OmyJC19ROGR    (0)    2 :  0.309 0.377 0.249 0.065 
227 OmyJC19ROGR    (1)    2 :  0.032 0.039 0.872 0.056 
228 OmyJC19ROGR    (1)    2 :  0.392 0.497 0.063 0.048 
229 OmyJC19ROGR    (2)    2 :  0.190 0.563 0.052 0.195 
230 OmyJC19ROGR    (1)    2 :  0.183 0.277 0.272 0.268 
231 OmyJC19ROGR    (1)    2 :  0.281 0.558 0.091 0.070 
232 OmyJC19ROGR    (2)    2 :  0.198 0.486 0.075 0.242 
233 OmyJC19ROGR    (1)    2 :  0.409 0.331 0.127 0.133 
234 OmyJC19ROGR    (1)    2 :  0.036 0.028 0.908 0.028 
235 OmyJC19ROGR    (0)    2 :  0.219 0.109 0.558 0.114 
236 OmyJC19ROGR    (1)    2 :  0.411 0.233 0.042 0.315 
237 OmyJC19ROGR    (1)    2 :  0.399 0.252 0.140 0.210 
238 OmyJC19ROGR    (0)    2 :  0.437 0.310 0.179 0.074 
239 OmyJC19ROGR    (1)    2 :  0.639 0.148 0.133 0.080 
240 OmyJC19ROGR    (1)    2 :  0.160 0.647 0.068 0.125 
241 OmyJC19ROGR    (0)    2 :  0.182 0.139 0.133 0.545 
242 OmyJC19ROGR    (1)    2 :  0.616 0.138 0.034 0.213 
243 OmyJC19ROGR    (1)    2 :  0.207 0.258 0.074 0.461 
244 OmyJC19ROGR    (1)    2 :  0.179 0.315 0.096 0.410 
245 OmyJC19ROGR    (0)    2 :  0.023 0.024 0.928 0.026 
246 OmyJC19ROGR    (1)    2 :  0.095 0.109 0.224 0.571 
247 OmyJC19ROGR    (0)    2 :  0.124 0.182 0.532 0.162 
248 OmyJC19ROGR    (1)    2 :  0.100 0.174 0.597 0.128 
249 OmyJC19ROGR    (1)    2 :  0.246 0.565 0.089 0.100 
250 OmyJC19ROGR    (0)    2 :  0.314 0.322 0.151 0.213 
251 OmyJC19ROGR    (1)    2 :  0.256 0.523 0.100 0.121 
252 OmyJC19ROGR    (0)    2 :  0.051 0.092 0.058 0.799 
253 OmyJC19ROGR    (0)    2 :  0.476 0.338 0.098 0.088 
254 OmyJC19ROGR    (1)    2 :  0.199 0.207 0.090 0.504 
255 OmyJC19ROGR    (1)    2 :  0.090 0.223 0.048 0.639 
256 OmyJC19ROGR    (1)    2 :  0.109 0.131 0.364 0.396 
257 OmyJC19ROGR    (0)    2 :  0.188 0.586 0.117 0.109 
258 OmyAC19ROGR    (1)    1 :  0.198 0.266 0.297 0.239 
259 OmyAC19ROGR    (2)    1 :  0.224 0.139 0.527 0.111 
260 OmyAC19ROGR    (1)    1 :  0.626 0.196 0.048 0.129 
261 OmyAC19ROGR    (0)    1 :  0.416 0.446 0.078 0.061 
262 OmyAC19ROGR    (1)    1 :  0.258 0.329 0.173 0.239 
263 OmyAC19ROGR    (0)    1 :  0.199 0.192 0.062 0.547 
264 OmyAC19ROGR    (1)    1 :  0.335 0.438 0.107 0.120 
265 OmyAC19ROGR    (1)    1 :  0.442 0.333 0.071 0.155 
266 OmyAC19ROGR    (1)    1 :  0.230 0.666 0.029 0.076 
267 OmyAC19ROGR    (1)    1 :  0.284 0.358 0.206 0.152 
268 OmyAC19ROGR    (2)    1 :  0.128 0.175 0.198 0.499 
269 OmyAC19ROGR    (1)    1 :  0.286 0.366 0.233 0.115 
270 OmyAC19ROGR    (1)    1 :  0.079 0.306 0.053 0.562 
271 OmyAC19ROGR    (1)    1 :  0.198 0.260 0.430 0.113 
272 OmyAC19ROGR    (0)    1 :  0.303 0.381 0.261 0.054 
273 OmyAC19ROGR    (0)    1 :  0.404 0.317 0.064 0.216 
274 OmyAC19ROGR    (1)    1 :  0.063 0.119 0.767 0.051 
275 OmyAC19ROGR    (1)    1 :  0.321 0.184 0.180 0.316 
276 OmyAC19ROGR    (1)    1 :  0.615 0.198 0.088 0.099 
277 OmyAC19ROGR    (1)    1 :  0.358 0.439 0.132 0.072 
278 OmyAC19ROGR    (1)    1 :  0.320 0.231 0.382 0.068 
279 OmyAC19ROGR    (0)    1 :  0.485 0.196 0.248 0.070 
280 OmyAC19ROGR    (1)    1 :  0.137 0.270 0.159 0.433 
281 OmyAC19ROGR    (1)    1 :  0.376 0.446 0.084 0.095 
282 OmyAC19ROGR    (1)    1 :  0.186 0.342 0.257 0.215 
283 OmyAC19ROGR    (1)    1 :  0.471 0.359 0.077 0.093 
284 OmyAC19ROGR    (0)    1 :  0.237 0.492 0.044 0.226 
285 OmyAC19ROGR    (1)    1 :  0.409 0.167 0.073 0.351 
286 OmyAC19ROGR    (1)    1 :  0.492 0.265 0.039 0.204 
287 OmyAC19ROGR    (1)    1 :  0.018 0.016 0.949 0.017 
288 OmyAC19ROGR    (1)    1 :  0.105 0.072 0.768 0.055 
289 OmyAC19ROGR    (1)    1 :  0.425 0.333 0.163 0.078 
290 OmyAC19ROGR    (1)    1 :  0.027 0.028 0.915 0.029 
291 OmyAC19ROGR    (1)    1 :  0.137 0.181 0.452 0.230 
292 OmyAC19ROGR    (1)    1 :  0.274 0.326 0.303 0.097 
293 OmyAC19ROGR    (1)    1 :  0.108 0.122 0.060 0.711 
294 OmyAC19ROGR    (1)    1 :  0.372 0.303 0.259 0.066 
295 OmyAC19ROGR    (0)    1 :  0.371 0.316 0.042 0.270 
296 OmyAC19ROGR    (0)    1 :  0.584 0.218 0.058 0.141 
297 OmyAC19ROGR    (1)    1 :  0.067 0.090 0.800 0.044 
298 OmyAC19ROGR    (0)    1 :  0.561 0.327 0.036 0.077 
299 OmyAC19ROGR    (1)    1 :  0.244 0.112 0.285 0.359 
300 OmyAC19ROGR    (1)    1 :  0.405 0.391 0.065 0.139 
301 OmyAC19ROGR    (0)    1 :  0.042 0.045 0.888 0.025 
302 OmyAC19ROGR    (1)    1 :  0.256 0.163 0.493 0.087 
303 OmyAC19ROGR    (1)    1 :  0.439 0.299 0.186 0.076 
304 OmyAC19ROGR    (1)    1 :  0.506 0.167 0.209 0.119 
305 OmyAC19ROGR    (1)    1 :  0.474 0.329 0.047 0.151 
306 OmyAC19ROGR    (1)    1 :  0.091 0.215 0.668 0.027 
307 OmyAC19ROGR    (2)    1 :  0.270 0.372 0.039 0.318 
308 OmyAC19ROGR    (0)    1 :  0.383 0.374 0.162 0.081 
309 OmyAC19ROGR    (2)    1 :  0.029 0.034 0.901 0.036 
310 OmyAC19ROGR    (0)    1 :  0.198 0.200 0.501 0.101 
311 OmyAC19ROGR    (0)    1 :  0.252 0.113 0.551 0.084 
312 OmyAC19ROGR    (0)    1 :  0.171 0.167 0.050 0.613 
313 OmyAC19ROGR    (1)    1 :  0.457 0.349 0.031 0.163 
314 OmyAC19ROGR    (0)    1 :  0.138 0.140 0.070 0.653 
315 OmyAC19ROGR    (1)    1 :  0.234 0.512 0.100 0.154 
316 OmyAC19ROGR    (1)    1 :  0.433 0.389 0.056 0.122 
317 OmyAC19ROGR    (1)    1 :  0.255 0.218 0.070 0.456 
318 OmyAC19ROGR    (1)    1 :  0.167 0.241 0.042 0.550 
319 OmyAC19ROGR    (1)    1 :  0.442 0.332 0.027 0.198 
320 OmyAC19ROGR    (0)    1 :  0.487 0.341 0.026 0.146 
321 OmyAC19ROGR    (1)    1 :  0.420 0.425 0.049 0.106 
322 OmyAC19ROGR    (0)    1 :  0.271 0.255 0.374 0.101 
323 OmyAC19ROGR    (1)    1 :  0.549 0.368 0.046 0.037 
324 OmyAC19ROGR    (1)    1 :  0.236 0.528 0.040 0.196 
325 OmyAC19ROGR    (1)    1 :  0.146 0.311 0.465 0.078 
326 OmyAC19ROGR    (1)    1 :  0.337 0.513 0.079 0.071 
327 OmyAC19ROGR    (1)    1 :  0.429 0.290 0.064 0.217 
328 OmyJC18ROGR    (1)    2 :  0.165 0.168 0.053 0.614 
329 OmyJC18ROGR    (0)    2 :  0.268 0.515 0.106 0.111 
330 OmyJC18ROGR    (0)    2 :  0.199 0.667 0.092 0.042 
331 OmyJC18ROGR    (1)    2 :  0.143 0.102 0.652 0.102 
332 OmyJC18ROGR    (1)    2 :  0.116 0.057 0.743 0.085 
333 OmyJC18ROGR    (1)    2 :  0.067 0.060 0.837 0.036 
334 OmyJC18ROGR    (1)    2 :  0.164 0.366 0.236 0.234 
335 OmyJC18ROGR    (0)    2 :  0.180 0.238 0.037 0.545 
336 OmyJC18ROGR    (1)    2 :  0.042 0.050 0.874 0.033 
337 OmyJC18ROGR    (1)    2 :  0.430 0.450 0.042 0.078 
338 OmyJC18ROGR    (1)    2 :  0.063 0.056 0.857 0.024 
339 OmyJC18ROGR    (1)    2 :  0.333 0.508 0.080 0.079 
340 OmyJC18ROGR    (0)    2 :  0.153 0.153 0.173 0.522 
341 OmyJC18ROGR    (1)    2 :  0.519 0.188 0.023 0.270 
342 OmyJC18ROGR    (2)    2 :  0.259 0.189 0.443 0.108 
343 OmyJC18ROGR    (2)    2 :  0.147 0.146 0.367 0.340 
344 OmyJC18ROGR    (3)    2 :  0.185 0.143 0.502 0.170 
345 OmyJC18ROGR    (2)    2 :  0.078 0.121 0.681 0.120 
346 OmyJC18ROGR    (4)    2 :  0.212 0.708 0.035 0.044 
347 OmyJC18ROGR    (3)    2 :  0.540 0.323 0.071 0.066 
348 OmyJC18ROGR    (1)    2 :  0.217 0.430 0.244 0.108 
349 OmyJC18ROGR    (1)    2 :  0.595 0.274 0.051 0.080 
350 OmyJC18ROGR    (1)    2 :  0.568 0.302 0.072 0.058 
351 OmyJC18ROGR    (0)    2 :  0.147 0.072 0.734 0.048 
352 OmyJC18ROGR    (4)    2 :  0.196 0.183 0.503 0.118 
353 OmyJC18ROGR    (2)    2 :  0.162 0.353 0.239 0.246 
354 OmyJC18ROGR    (1)    2 :  0.237 0.533 0.130 0.100 
355 OmyJC18ROGR    (2)    2 :  0.198 0.648 0.051 0.104 
356 OmyJC18ROGR    (1)    2 :  0.232 0.230 0.057 0.482 
357 OmyJC18ROGR    (2)    2 :  0.054 0.044 0.678 0.224 
358 OmyJC18ROGR    (2)    2 :  0.225 0.262 0.034 0.479 
359 OmyJC18ROGR    (3)    2 :  0.476 0.236 0.135 0.152 
360 OmyJC18ROGR    (0)    2 :  0.187 0.263 0.085 0.465 
361 OmyJC18ROGR    (1)    2 :  0.379 0.504 0.025 0.091 
362 OmyJC18ROGR    (1)    2 :  0.321 0.314 0.265 0.100 
363 OmyJC18ROGR    (2)    2 :  0.223 0.265 0.289 0.223 
364 OmyJC18ROGR    (3)    2 :  0.671 0.209 0.031 0.088 
365 OmyJC18ROGR    (4)    2 :  0.402 0.491 0.055 0.052 
366 OmyJC18ROGR    (4)    2 :  0.260 0.241 0.059 0.440 
367 OmyJC18ROGR    (3)    2 :  0.071 0.090 0.792 0.047 
368 OmyJC18ROGR    (3)    2 :  0.276 0.223 0.406 0.095 
369 OmyJC18ROGR    (2)    2 :  0.133 0.356 0.112 0.399 
370 OmyJC18ROGR    (3)    2 :  0.282 0.492 0.091 0.135 
371 OmyJC18ROGR    (1)    2 :  0.299 0.422 0.063 0.216 
372 OmyJC18ROGR    (3)    2 :  0.475 0.209 0.140 0.177 
373 OmyJC18ROGR    (5)    2 :  0.148 0.137 0.118 0.596 
374 OmyJC18ROGR    (5)    2 :  0.112 0.085 0.032 0.771 
375 OmyJC18ROGR    (3)    2 :  0.308 0.468 0.145 0.078 
376 OmyJC18ROGR    (3)    2 :  0.042 0.041 0.892 0.026 
377 OmyJC18ROGR    (4)    2 :  0.113 0.135 0.245 0.506 
378 OmyJC18ROGR    (0)    2 :  0.450 0.232 0.111 0.207 
379 OmyJC18ROGR    (5)    2 :  0.387 0.235 0.174 0.204 
380 OmyJC18ROGR    (4)    2 :  0.158 0.352 0.211 0.280 
381 OmyJC18ROGR    (1)    2 :  0.481 0.273 0.074 0.172 
382 OmyJC18ROGR    (1)    2 :  0.415 0.324 0.059 0.202 
383 OmyJC18ROGR    (3)    2 :  0.129 0.270 0.490 0.112 
384 OmyJC18ROGR    (2)    2 :  0.558 0.164 0.233 0.045 
385 OmyJC18ROGR    (4)    2 :  0.263 0.629 0.064 0.044 
386 OmyJC18ROGR    (2)    2 :  0.346 0.206 0.394 0.054 
387 OmyJC18ROGR    (1)    2 :  0.193 0.135 0.340 0.332 
388 OmyJC18ROGR    (6)    2 :  0.184 0.264 0.085 0.466 
389 OmyJC18ROGR    (1)    2 :  0.345 0.419 0.166 0.070 
390 OmyJC18ROGR    (1)    2 :  0.439 0.340 0.103 0.118 
391 OmyJC18ROGR    (3)    2 :  0.042 0.045 0.854 0.059 
392 OmyJC18ROGR    (2)    2 :  0.229 0.410 0.055 0.306 
393 OmyJC18ROGR    (4)    2 :  0.064 0.104 0.096 0.736 
394 OmyJC18ROGR    (3)    2 :  0.096 0.103 0.758 0.043 
395 OmyJC18ROGR    (7)    2 :  0.092 0.148 0.269 0.492 
396 OmyJC18ROGR    (4)    2 :  0.111 0.087 0.553 0.250 
397 OmyJC18ROGR    (1)    2 :  0.392 0.348 0.096 0.164 
398 OmyJC18ROGR    (3)    2 :  0.166 0.344 0.267 0.223 
399 OmyJC18ROGR    (2)    2 :  0.128 0.191 0.375 0.306 
400 OmyJC18ROGR    (0)    2 :  0.361 0.425 0.083 0.132 
401 OmyJC18ROGR    (6)    2 :  0.083 0.124 0.096 0.697 
402 OmyJC18ROGR    (5)    2 :  0.071 0.148 0.270 0.512 
403 OmyJC18ROGR    (1)    2 :  0.215 0.314 0.195 0.276 
404 OmyJC18ROGR    (2)    2 :  0.396 0.355 0.189 0.060 
405 OmyJC18ROGR    (3)    2 :  0.492 0.346 0.053 0.110 
406 OmyJC18ROGR    (2)    2 :  0.343 0.535 0.062 0.061 
407 OmyJC18ROGR    (2)    2 :  0.389 0.113 0.169 0.329 
408 OmyJC18ROGR    (2)    2 :  0.347 0.178 0.157 0.318 
409 OmyJC18ROGR    (1)    2 :  0.220 0.399 0.058 0.323 
410 OmyJC18ROGR    (1)    2 :  0.368 0.494 0.043 0.095 
411 OmyJC18ROGR    (1)    2 :  0.196 0.627 0.056 0.121 
412 OmyJC18ROGR    (0)    2 :  0.706 0.206 0.029 0.058 
413 OmyJC18ROGR    (1)    2 :  0.242 0.638 0.065 0.055 
414 OmyJC18ROGR    (2)    2 :  0.559 0.339 0.038 0.064 
415 OmyJC18ROGR    (2)    2 :  0.112 0.635 0.027 0.227 
416 OmyJC18ROGR    (3)    2 :  0.339 0.483 0.094 0.085 
417 OmyJC18ROGR    (1)    2 :  0.254 0.267 0.067 0.412 
418 OmyJC18ROGR    (0)    2 :  0.062 0.105 0.060 0.773 
419 OmyJC18ROGR    (1)    2 :  0.185 0.342 0.041 0.432 
420 OmyJC18ROGR    (0)    2 :  0.167 0.727 0.056 0.050 
421 OmyJC18ROGR    (1)    2 :  0.556 0.266 0.080 0.099 
422 OmyJC18ROGR    (6)    2 :  0.185 0.567 0.083 0.166 
423 OmyJC18ROGR    (2)    2 :  0.203 0.583 0.078 0.136 
424 OmyJC18ROGR    (1)    2 :  0.168 0.280 0.287 0.265 
425 OmyJC18ROGR    (1)    2 :  0.218 0.363 0.329 0.090 
426 OmyJC18ROGR    (3)    2 :  0.294 0.454 0.047 0.204 
427 OmyJC18ROGR    (2)    2 :  0.236 0.117 0.614 0.033 
428 OmyJC18ROGR    (6)    2 :  0.272 0.635 0.031 0.061 
429 OmyJC18ROGR    (1)    2 :  0.270 0.473 0.217 0.040 
430 OmyJC18ROGR    (1)    2 :  0.247 0.320 0.199 0.235 
431 OmyJC18ROGR    (0)    2 :  0.271 0.584 0.073 0.072 
432 OmyJC18ROGR    (2)    2 :  0.083 0.068 0.782 0.067 
433 OmyJC18ROGR    (2)    2 :  0.098 0.120 0.112 0.669 
434 OmyJC18ROGR    (2)    2 :  0.230 0.490 0.177 0.102 
435 OmyJC18ROGR    (8)    2 :  0.383 0.324 0.124 0.170 
436 OmyJC18ROGR    (2)    2 :  0.225 0.529 0.055 0.191 
437 OmyJC18ROGR    (4)    2 :  0.252 0.430 0.052 0.266 
438 OmyJC18ROGR    (1)    2 :  0.049 0.086 0.088 0.776 
439 OmyJC18ROGR    (2)    2 :  0.150 0.181 0.559 0.110 
440 OmyJC18ROGR    (0)    2 :  0.045 0.057 0.147 0.751 
441 OmyJC18ROGR    (1)    2 :  0.747 0.162 0.035 0.056 
442 OmyJC18ROGR    (6)    2 :  0.334 0.282 0.168 0.217 
443 OmyJC18ROGR    (1)    2 :  0.625 0.296 0.030 0.049 
444 OmyJC18ROGR    (6)    2 :  0.173 0.346 0.068 0.413 
445 OmyJC18ROGR    (2)    2 :  0.168 0.393 0.118 0.321 
446 OmyJC18ROGR    (3)    2 :  0.145 0.163 0.325 0.367 
447 OmyJC18ROGR    (2)    2 :  0.466 0.264 0.138 0.132 
448 OmyJC18ROGR    (3)    2 :  0.495 0.314 0.084 0.107 
449 OmyJC18ROGR    (1)    2 :  0.545 0.309 0.047 0.100 
450 OmyJC18ROGR    (4)    2 :  0.114 0.331 0.255 0.300 
451 OmyJC18ROGR    (3)    2 :  0.376 0.452 0.064 0.108 
452 OmyJC18ROGR    (1)    2 :  0.427 0.419 0.098 0.055 
453 OmyJC18ROGR    (1)    2 :  0.563 0.362 0.035 0.040 
454 OmyJC18ROGR    (4)    2 :  0.269 0.173 0.076 0.481 
455 OmyJC18ROGR    (4)    2 :  0.198 0.116 0.487 0.199 
456 OmyJC18ROGR    (5)    2 :  0.221 0.489 0.178 0.112 
457 OmyJC18ROGR    (3)    2 :  0.153 0.270 0.038 0.539 
458 OmyJC18ROGR    (1)    2 :  0.359 0.346 0.081 0.215 
459 OmyJC18ROGR    (1)    2 :  0.057 0.053 0.860 0.029 
460 OmyJC18ROGR    (2)    2 :  0.480 0.381 0.064 0.075 
461 OmyJC18ROGR    (1)    2 :  0.070 0.081 0.746 0.103 
462 OmyJC18ROGR    (1)    2 :  0.300 0.328 0.026 0.346 
463 OmyJC18ROGR    (4)    2 :  0.588 0.233 0.074 0.105 
464 OmyJC18ROGR    (6)    2 :  0.285 0.361 0.040 0.314 
465 OmyJC18ROGR    (3)    2 :  0.151 0.190 0.052 0.607 
466 OmyJC18ROGR    (3)    2 :  0.310 0.258 0.123 0.309 
467 OmyJC18ROGR    (2)    2 :  0.283 0.487 0.122 0.107 
468 OmyJC18ROGR    (2)    2 :  0.352 0.488 0.029 0.131 
469 OmyJC18ROGR    (1)    2 :  0.027 0.031 0.919 0.022 
470 OmyJC18ROGR    (0)    2 :  0.155 0.102 0.275 0.468 
471 OmyJC18ROGR    (2)    2 :  0.182 0.563 0.122 0.133 
472 OmyJC18ROGR    (2)    2 :  0.267 0.677 0.015 0.041 
473 OmyJC18ROGR    (1)    2 :  0.279 0.487 0.121 0.114 
474 OmyJC18ROGR    (3)    2 :  0.201 0.601 0.096 0.102 
475 OmyJC18ROGR    (1)    2 :  0.254 0.164 0.141 0.440 
476 OmyJC18ROGR    (2)    2 :  0.375 0.418 0.057 0.150 
477 OmyJC18ROGR    (0)    2 :  0.154 0.341 0.128 0.377 
478 OmyJC18ROGR    (1)    2 :  0.511 0.256 0.119 0.115 
479 OmyJC18ROGR    (1)    2 :  0.182 0.470 0.075 0.273 
480 OmyJC18ROGR    (1)    2 :  0.383 0.392 0.129 0.096 
481 OmyJC18ROGR    (1)    2 :  0.472 0.344 0.064 0.120 
482 OmyJC18ROGR    (1)    2 :  0.152 0.265 0.059 0.524 
483 OmyJC18ROGR    (0)    2 :  0.429 0.292 0.052 0.227 
484 OmyJC18ROGR    (0)    2 :  0.658 0.171 0.097 0.074 
485 OmyJC18ROGR    (0)    2 :  0.202 0.209 0.048 0.541 
486 OmyJC18ROGR    (0)    2 :  0.334 0.377 0.077 0.212 
487 OmyJC18ROGR    (1)    2 :  0.097 0.106 0.055 0.742 
488 OmyJC18ROGR    (1)    2 :  0.194 0.283 0.097 0.426 
489 OmyJC18ROGR    (1)    2 :  0.567 0.288 0.079 0.065 
490 OmyJC18ROGR    (0)    2 :  0.518 0.412 0.027 0.043 
491 OmyJC18ROGR    (0)    2 :  0.197 0.113 0.082 0.608 
492 OmyJC18ROGR    (5)    2 :  0.058 0.056 0.771 0.115 
493 OmyJC18ROGR    (1)    2 :  0.142 0.266 0.318 0.274 
494 OmyJC18ROGR    (3)    2 :  0.325 0.401 0.064 0.209 
495 OmyJC18ROGR    (1)    2 :  0.208 0.363 0.142 0.287 
496 OmyJC18ROGR    (1)    2 :  0.222 0.578 0.151 0.050 
497 OmyJC18ROGR    (1)    2 :  0.173 0.472 0.031 0.325 
498 OmyJC18ROGR    (1)    2 :  0.378 0.198 0.099 0.325 
499 OmyJC18ROGR    (1)    2 :  0.401 0.268 0.058 0.274 
500 OmyJC18ROGR    (1)    2 :  0.324 0.496 0.130 0.050 
501 OmyJC18ROGR    (2)    2 :  0.146 0.258 0.040 0.556 
502 OmyJC18ROGR    (1)    2 :  0.130 0.099 0.275 0.496 
503 OmyJC18ROGR    (2)    2 :  0.357 0.239 0.135 0.268 
504 OmyJC18ROGR    (2)    2 :  0.135 0.192 0.094 0.578 
505 OmyJC18ROGR    (2)    2 :  0.357 0.388 0.111 0.144 
506 OmyJC18ROGR    (3)    2 :  0.205 0.543 0.098 0.154 
507 OmyJC18ROGR    (1)    2 :  0.182 0.616 0.137 0.065 
508 OmyJC18ROGR    (7)    2 :  0.152 0.676 0.049 0.122 
509 OmyJC18ROGR    (1)    2 :  0.191 0.259 0.207 0.342 
510 OmyJC18ROGR    (1)    2 :  0.027 0.017 0.933 0.022 
511 OmyJC18ROGR    (2)    2 :  0.110 0.140 0.193 0.557 
512 OmyJC18ROGR    (1)    2 :  0.206 0.167 0.042 0.584 
513 OmyJC18ROGR    (3)    2 :  0.377 0.504 0.044 0.074 
514 OmyJC18ROGR    (1)    2 :  0.048 0.053 0.030 0.869 
515 OmyJC18ROGR    (5)    2 :  0.304 0.543 0.046 0.106 
516 OmyJC18ROGR    (3)    2 :  0.081 0.087 0.340 0.493 
517 OmyJC18ROGR    (1)    2 :  0.369 0.169 0.029 0.432 
518 OmyJC18ROGR    (1)    2 :  0.161 0.123 0.539 0.177 
519 OmyJC18ROGR    (0)    2 :  0.122 0.406 0.153 0.319 
520 OmyJC18ROGR    (0)    2 :  0.558 0.166 0.060 0.216 
521 OmyJC18ROGR    (2)    2 :  0.204 0.511 0.129 0.156 
522 OmyJC18ROGR    (2)    2 :  0.173 0.297 0.410 0.120 
523 OmyJC18ROGR    (1)    2 :  0.116 0.136 0.370 0.378 
524 OmyJC18ROGR    (3)    2 :  0.237 0.412 0.189 0.162 
525 OmyJC18ROGR    (1)    2 :  0.330 0.285 0.076 0.309 
526 OmyJC18ROGR    (7)    2 :  0.420 0.471 0.027 0.082 
527 OmyJC18ROGR    (4)    2 :  0.411 0.360 0.127 0.102 
528 OmyJC18ROGR    (1)    2 :  0.556 0.165 0.029 0.249 
529 OmyJC18ROGR    (2)    2 :  0.461 0.431 0.039 0.068 
530 OmyJC18ROGR    (1)    2 :  0.117 0.225 0.102 0.556 
531 OmyJC18ROGR    (2)    2 :  0.622 0.204 0.051 0.123 
532 OmyJC18ROGR    (2)    2 :  0.247 0.543 0.030 0.179 
533 OmyJC18ROGR    (5)    2 :  0.033 0.032 0.887 0.048 
534 OmyJC18ROGR    (2)    2 :  0.294 0.327 0.167 0.212 
535 OmyJC18ROGR    (3)    2 :  0.281 0.224 0.087 0.408 
536 OmyJC18ROGR    (0)    2 :  0.275 0.463 0.171 0.091 
537 OmyJC18ROGR    (3)    2 :  0.342 0.242 0.286 0.131 
538 OmyJC18ROGR    (1)    2 :  0.289 0.461 0.053 0.197 
539 OmyJC18ROGR    (1)    2 :  0.189 0.307 0.080 0.424 
540 OmyJC18ROGR    (1)    2 :  0.447 0.340 0.072 0.141 
541 OmyJC18ROGR    (5)    2 :  0.423 0.187 0.024 0.366 
542 OmyJC18ROGR    (4)    2 :  0.414 0.313 0.139 0.134 
543 OmyJC18ROGR    (2)    2 :  0.236 0.326 0.029 0.409 
544 OmyJC18ROGR    (2)    2 :  0.116 0.430 0.083 0.371 
545 OmyJC18ROGR    (2)    2 :  0.248 0.187 0.344 0.220 
546 OmyJC18ROGR    (1)    2 :  0.291 0.294 0.062 0.353 
547 OmyJC18ROGR    (1)    2 :  0.257 0.285 0.094 0.364 
548 OmyJC18ROGR    (1)    2 :  0.098 0.109 0.746 0.047 
549 OmyJC18ROGR    (1)    2 :  0.378 0.106 0.314 0.202 
550 OmyJC18ROGR    (2)    2 :  0.370 0.212 0.314 0.104 
551 OmyJC18ROGR    (4)    2 :  0.497 0.268 0.162 0.073 
552 OmyJC18ROGR    (6)    2 :  0.559 0.362 0.052 0.027 
553 OmyJC18ROGR    (3)    2 :  0.051 0.074 0.042 0.833 
554 OmyJC18ROGR    (1)    2 :  0.178 0.232 0.033 0.557 
555 OmyJC18ROGR    (4)    2 :  0.255 0.222 0.044 0.480 
556 OmyJC18ROGR    (2)    2 :  0.290 0.341 0.122 0.247 
557 OmyJC18ROGR    (0)    2 :  0.319 0.450 0.057 0.174 
558 OmyJC18ROGR    (2)    2 :  0.221 0.290 0.088 0.401 
559 OmyJC18ROGR    (3)    2 :  0.345 0.201 0.349 0.104 
560 OmyJC18ROGR    (6)    2 :  0.295 0.139 0.044 0.521 
561 OmyJC18ROGR    (1)    2 :  0.363 0.386 0.206 0.046 
562 OmyJC18ROGR    (2)    2 :  0.108 0.170 0.077 0.645 
563 OmyJC18ROGR    (2)    2 :  0.235 0.117 0.367 0.282 
564 OmyJC18ROGR    (1)    2 :  0.174 0.261 0.416 0.149 
565 OmyJC18ROGR    (1)    2 :  0.307 0.579 0.068 0.045 
566 OmyJC18ROGR    (1)    2 :  0.192 0.626 0.039 0.143 
567 OmyJC18ROGR    (1)    2 :  0.629 0.246 0.059 0.065 
568 OmyJC18ROGR    (1)    2 :  0.645 0.221 0.036 0.097 
569 OmyJC18ROGR    (3)    2 :  0.412 0.359 0.061 0.168 
570 OmyJC18ROGR    (1)    2 :  0.169 0.183 0.337 0.310 
571 OmyJC18ROGR    (2)    2 :  0.127 0.161 0.593 0.119 
572 OmyJC18ROGR    (5)    2 :  0.086 0.154 0.190 0.570 
573 OmyJC18ROGR    (5)    2 :  0.487 0.105 0.218 0.190 
574 OmyJC18ROGR    (1)    2 :  0.596 0.134 0.207 0.063 
575 OmyJC18ROGR    (2)    2 :  0.359 0.283 0.044 0.315 
576 OmyJC18ROGR    (0)    2 :  0.211 0.102 0.030 0.656 
577 OmyJC18ROGR    (1)    2 :  0.378 0.202 0.336 0.084 
578 OmyJC18ROGR    (1)    2 :  0.818 0.123 0.030 0.029 
579 OmyJC18ROGR    (2)    2 :  0.249 0.234 0.096 0.421 
580 OmyJC18ROGR    (1)    2 :  0.230 0.329 0.025 0.416 
581 OmyJC18ROGR    (1)    2 :  0.113 0.146 0.167 0.575 
582 OmyJC18ROGR    (0)    2 :  0.232 0.604 0.103 0.061 
583 OmyJC18ROGR    (1)    2 :  0.396 0.191 0.079 0.334 
584 OmyJC18ROGR    (2)    2 :  0.324 0.095 0.341 0.240 
585 OmyJC18ROGR    (1)    2 :  0.485 0.213 0.269 0.032 
586 OmyJC18ROGR    (0)    2 :  0.151 0.120 0.609 0.120 
587 OmyJC18ROGR    (1)    2 :  0.187 0.555 0.039 0.219 
588 OmyJC18ROGR    (0)    2 :  0.263 0.124 0.479 0.134 
589 OmyJC18ROGR    (2)    2 :  0.044 0.057 0.052 0.847 
590 OmyJC18ROGR    (2)    2 :  0.118 0.423 0.197 0.262 
591 OmyJC18ROGR    (1)    2 :  0.243 0.138 0.436 0.183 
592 OmyJC18ROGR    (1)    2 :  0.244 0.429 0.062 0.265 
593 OmyJC18ROGR    (1)    2 :  0.330 0.299 0.302 0.070 
594 OmyJC18ROGR    (3)    2 :  0.335 0.463 0.061 0.141 
595 OmyJC18ROGR    (1)    2 :  0.633 0.112 0.125 0.130 
596 OmyJC18ROGR    (1)    2 :  0.254 0.533 0.116 0.097 
597 OmyJC18ROGR    (1)    2 :  0.440 0.380 0.109 0.071 
598 OmyJC18ROGR    (1)    2 :  0.144 0.153 0.617 0.086 
599 OmyJC18ROGR    (1)    2 :  0.298 0.184 0.101 0.417 
600 OmyJC18ROGR    (2)    2 :  0.233 0.186 0.060 0.521 
601 OmyJC18ROGR    (7)    2 :  0.156 0.073 0.024 0.747 
602 OmyJC18ROGR    (3)    2 :  0.185 0.644 0.111 0.060 
603 OmyJC18ROGR    (1)    2 :  0.257 0.280 0.071 0.392 
604 OmyJC18ROGR    (1)    2 :  0.466 0.206 0.068 0.261 
605 OmyJC18ROGR    (1)    2 :  0.181 0.207 0.049 0.563 
606 OmyJC18ROGR    (1)    2 :  0.282 0.195 0.465 0.057 
607 OmyJC18ROGR    (1)    2 :  0.285 0.404 0.084 0.228 
608 OmyJC18ROGR    (1)    2 :  0.244 0.290 0.069 0.397 
609 OmyJC18ROGR    (1)    2 :  0.060 0.055 0.071 0.814 
610 OmyJC18ROGR    (1)    2 :  0.172 0.263 0.233 0.332 
611 OmyJC18ROGR    (1)    2 :  0.222 0.419 0.080 0.280 
612 OmyJC18ROGR    (1)    2 :  0.388 0.341 0.164 0.107 
613 OmyJC18ROGR    (2)    2 :  0.119 0.119 0.611 0.151 
614 OmyJC18ROGR    (1)    2 :  0.056 0.083 0.289 0.572 
615 OmyJC18ROGR    (1)    2 :  0.347 0.506 0.051 0.097 
616 OmyJC18ROGR    (1)    2 :  0.213 0.654 0.054 0.079 
617 OmyJC18ROGR    (1)    2 :  0.199 0.450 0.041 0.311 
618 OmyJC18ROGR    (0)    2 :  0.424 0.352 0.173 0.052 
619 OmyJC18ROGR    (1)    2 :  0.615 0.201 0.127 0.057 
620 OmyJC18ROGR    (1)    2 :  0.295 0.222 0.324 0.159 
621 OmyJC18ROGR    (1)    2 :  0.205 0.181 0.238 0.376 
622 OmyJC18ROGR    (1)    2 :  0.191 0.488 0.023 0.299 
623 OmyJC18ROGR    (1)    2 :  0.429 0.174 0.326 0.070 
624 OmyJC18ROGR    (0)    2 :  0.450 0.216 0.110 0.224 
625 OmyJC18ROGR    (0)    2 :  0.718 0.187 0.058 0.037 
626 OmyJC18ROGR    (1)    2 :  0.202 0.630 0.035 0.133 
627 OmyJC18ROGR    (1)    2 :  0.318 0.551 0.048 0.082 
628 OmyJC18ROGR    (1)    2 :  0.226 0.176 0.522 0.076 
629 OmyJC18ROGR    (1)    2 :  0.043 0.044 0.894 0.019 
630 OmyJC18ROGR    (2)    2 :  0.759 0.087 0.106 0.047 
631 OmyJC18ROGR    (5)    2 :  0.173 0.097 0.322 0.408 
632 OmyJC18ROGR    (2)    2 :  0.320 0.445 0.081 0.154 
633 OmyJC18ROGR    (1)    2 :  0.340 0.289 0.333 0.039 
634 OmyJC18ROGR    (4)    2 :  0.369 0.261 0.029 0.341 
635 OmyJC18ROGR    (1)    2 :  0.792 0.156 0.029 0.023 
636 OmyJC18ROGR    (0)    2 :  0.541 0.259 0.077 0.123 
637 OmyJC18ROGR    (1)    2 :  0.064 0.056 0.043 0.837 
638 OmyJC18ROGR    (0)    2 :  0.578 0.224 0.150 0.048 
639 OmyJC18ROGR    (0)    2 :  0.227 0.222 0.079 0.471 
640 OmyJC18ROGR    (1)    2 :  0.183 0.509 0.161 0.147 
641 OmyJC18ROGR    (1)    2 :  0.293 0.341 0.126 0.240 
642 OmyJC18ROGR    (1)    2 :  0.195 0.220 0.403 0.182 
643 OmyJC18ROGR    (1)    2 :  0.733 0.201 0.022 0.043 
644 OmyJC18ROGR    (1)    2 :  0.613 0.296 0.034 0.057 
645 OmyJC18ROGR    (0)    2 :  0.440 0.193 0.266 0.100 
646 OmyAC19ROGR    (1)    3 :  0.243 0.474 0.089 0.194 
647 OmyJC18ROGR    (1)    2 :  0.519 0.236 0.120 0.125 
648 OmyAC19ROGR    (0)    3 :  0.244 0.566 0.031 0.159 
649 OmyAC19APPR    (1)    3 :  0.835 0.114 0.024 0.027 
650 OmyAC19APPR    (1)    3 :  0.675 0.186 0.090 0.050 
651 OmyJC18ROGR    (1)    2 :  0.495 0.213 0.060 0.232 
652 OmyAC19APPR    (0)    3 :  0.547 0.259 0.069 0.125 
653 OmyAC19CORH    (2)    4 :  0.287 0.150 0.056 0.507 
654 OmyJC18ROGR    (0)    2 :  0.682 0.184 0.037 0.097 
655 OmyAC19CORH    (1)    4 :  0.117 0.189 0.183 0.512 
656 OmyAC19CORH    (1)    4 :  0.091 0.097 0.053 0.758 
657 OmyAC19CORH    (1)    4 :  0.032 0.040 0.026 0.902 
658 OmyAC19CORH    (0)    4 :  0.043 0.037 0.062 0.859 
659 OmyAC19CORH    (0)    4 :  0.049 0.057 0.032 0.863 
660 OmyAC19ROGR    (3)    3 :  0.255 0.558 0.153 0.034 
661 OmyJC18ROGR    (1)    2 :  0.340 0.356 0.093 0.211 
662 OmyAC19ROGR    (1)    3 :  0.381 0.463 0.070 0.087 
663 OmyAC19ROGR    (1)    3 :  0.617 0.272 0.046 0.065 
664 OmyAC19APPR    (1)    3 :  0.113 0.689 0.084 0.113 
665 OmyAC19APPR    (1)    3 :  0.491 0.302 0.163 0.044 
666 OmyJC18ROGR    (0)    2 :  0.104 0.105 0.653 0.137 
667 OmyAC19APPR    (1)    3 :  0.746 0.147 0.056 0.052 
668 OmyAC19CORH    (1)    4 :  0.144 0.225 0.332 0.299 
669 OmyAC19CORH    (0)    4 :  0.053 0.029 0.040 0.877 
670 OmyAC19CORH    (1)    4 :  0.070 0.123 0.028 0.779 
671 OmyAC19CORH    (1)    4 :  0.232 0.094 0.073 0.601 
672 OmyAC19CORH    (1)    4 :  0.097 0.100 0.048 0.756 
673 OmyAC19CORH    (0)    4 :  0.177 0.281 0.050 0.492 
674 OmyAC19ROGR    (2)    3 :  0.460 0.359 0.044 0.137 
