

----------------------------------------------------
STRUCTURE by Pritchard, Stephens and Donnelly (2000)
     and Falush, Stephens and Pritchard (2003)
       Code by Pritchard, Falush and Hubisz
             Version 2.3.4 (Jul 2012)
----------------------------------------------------



Command line arguments:   bin/structure -m "/Users/ddayan/FRA/premature_migration/Rogue_Half-Pounder/rogue_half_pounder_repo/structure/halfpounder/10k_20k_adm_corr_rep2/mainparams" -e "/Users/ddayan/FRA/premature_migration/Rogue_Half-Pounder/rogue_half_pounder_repo/structure/halfpounder/10k_20k_adm_corr_rep2/extraparams" 
Input File:    /Users/ddayan/FRA/premature_migration/Rogue_Half-Pounder/rogue_half_pounder_repo/structure/halfpounder/project_data

Run parameters:
   882 individuals
   330 loci
   6 populations assumed
   10000 Burn-in period
   20000 Reps


--------------------------------------------
Proportion of membership of each pre-defined
 population in each of the 6 clusters

Given    Inferred Clusters                            Number of
 Pop       1      2      3      4      5      6      Individuals

  1:     0.150  0.146  0.168  0.173  0.167  0.196      157
  2:     0.171  0.154  0.167  0.176  0.170  0.162      643
  3:     0.252  0.064  0.220  0.044  0.261  0.159       40
  4:     0.060  0.661  0.088  0.039  0.069  0.084       42
--------------------------------------------

Allele-freq. divergence among pops (Net nucleotide distance),
computed using point estimates of P.

      1       2       3       4       5       6      
 1      -    0.0039  0.0011  0.0085  0.0013  0.0019  
 2   0.0039     -    0.0043  0.0118  0.0041  0.0039  
 3   0.0011  0.0043     -    0.0086  0.0014  0.0017  
 4   0.0085  0.0118  0.0086     -    0.0088  0.0089  
 5   0.0013  0.0041  0.0014  0.0088     -    0.0016  
 6   0.0019  0.0039  0.0017  0.0089  0.0016     -    

Average distances (expected heterozygosity) between individuals in same cluster:
cluster  1  : 0.2855 
cluster  2  : 0.2791 
cluster  3  : 0.2855 
cluster  4  : 0.2522 
cluster  5  : 0.2846 
cluster  6  : 0.2844 

--------------------------------------------
Estimated Ln Prob of Data   = -248185.0
Mean value of ln likelihood = -245831.2
Variance of ln likelihood   = 4707.7
Mean value of alpha         = 0.1608

Mean value of Fst_1         = 0.0143
Mean value of Fst_2         = 0.0300
Mean value of Fst_3         = 0.0151
Mean value of Fst_4         = 0.0767
Mean value of Fst_5         = 0.0142
Mean value of Fst_6         = 0.0168


Inferred ancestry of individuals:
        Label (%Miss) Pop:  Inferred clusters
  1 OmyAC19ROGR    (0)    1 :  0.196 0.244 0.081 0.012 0.329 0.138 
  2 OmyAC19ROGR    (1)    1 :  0.059 0.133 0.116 0.057 0.309 0.325 
  3 OmyAC19ROGR    (1)    1 :  0.097 0.080 0.057 0.054 0.490 0.221 
  4 OmyAC19ROGR    (1)    1 :  0.361 0.102 0.273 0.018 0.155 0.091 
  5 OmyAC19ROGR    (2)    1 :  0.011 0.010 0.010 0.935 0.020 0.013 
  6 OmyAC19ROGR    (1)    1 :  0.246 0.035 0.054 0.164 0.421 0.079 
  7 OmyAC19ROGR    (1)    1 :  0.070 0.120 0.388 0.171 0.169 0.081 
  8 OmyAC19ROGR    (0)    1 :  0.110 0.059 0.068 0.013 0.072 0.678 
  9 OmyAC19ROGR    (1)    1 :  0.117 0.105 0.035 0.140 0.476 0.126 
 10 OmyAC19ROGR    (1)    1 :  0.051 0.115 0.175 0.482 0.066 0.111 
 11 OmyAC19ROGR    (0)    1 :  0.487 0.096 0.084 0.086 0.172 0.075 
 12 OmyAC19ROGR    (0)    1 :  0.096 0.047 0.070 0.087 0.633 0.067 
 13 OmyAC19ROGR    (1)    1 :  0.209 0.132 0.191 0.024 0.080 0.363 
 14 OmyAC19ROGR    (1)    1 :  0.141 0.019 0.215 0.439 0.113 0.074 
 15 OmyAC19ROGR    (2)    1 :  0.196 0.040 0.229 0.421 0.067 0.047 
 16 OmyAC19ROGR    (1)    1 :  0.462 0.092 0.108 0.084 0.132 0.122 
 17 OmyAC19ROGR    (1)    1 :  0.096 0.015 0.153 0.074 0.108 0.555 
 18 OmyAC19ROGR    (2)    1 :  0.172 0.125 0.137 0.019 0.074 0.473 
 19 OmyAC19ROGR    (1)    1 :  0.270 0.065 0.330 0.041 0.057 0.238 
 20 OmyAC19ROGR    (1)    1 :  0.106 0.012 0.553 0.183 0.082 0.063 
 21 OmyAC19ROGR    (1)    1 :  0.091 0.071 0.145 0.156 0.104 0.433 
 22 OmyAC19ROGR    (1)    1 :  0.211 0.222 0.098 0.050 0.212 0.208 
 23 OmyAC19ROGR    (1)    1 :  0.120 0.084 0.062 0.125 0.234 0.375 
 24 OmyAC19ROGR    (1)    1 :  0.057 0.814 0.026 0.017 0.057 0.029 
 25 OmyAC19ROGR    (1)    1 :  0.177 0.057 0.322 0.174 0.088 0.182 
 26 OmyAC19ROGR    (1)    1 :  0.073 0.300 0.085 0.089 0.221 0.231 
 27 OmyAC19ROGR    (1)    1 :  0.512 0.043 0.166 0.042 0.150 0.087 
 28 OmyAC19ROGR    (1)    1 :  0.032 0.845 0.024 0.025 0.054 0.021 
 29 OmyAC19ROGR    (1)    1 :  0.215 0.094 0.086 0.043 0.206 0.355 
 30 OmyAC19ROGR    (1)    1 :  0.058 0.038 0.052 0.606 0.086 0.159 
 31 OmyAC19ROGR    (1)    1 :  0.210 0.114 0.122 0.025 0.095 0.435 
 32 OmyAC19ROGR    (1)    1 :  0.074 0.128 0.123 0.087 0.043 0.544 
 33 OmyAC19ROGR    (1)    1 :  0.116 0.286 0.100 0.129 0.234 0.135 
 34 OmyAC19ROGR    (1)    1 :  0.195 0.037 0.126 0.535 0.048 0.059 
 35 OmyAC19ROGR    (0)    1 :  0.063 0.139 0.153 0.071 0.104 0.471 
 36 OmyAC19ROGR    (1)    1 :  0.142 0.064 0.094 0.146 0.175 0.379 
 37 OmyAC19ROGR    (1)    1 :  0.096 0.456 0.160 0.080 0.151 0.057 
 38 OmyAC19ROGR    (1)    1 :  0.038 0.339 0.037 0.487 0.031 0.069 
 39 OmyAC19ROGR    (1)    1 :  0.026 0.022 0.088 0.094 0.056 0.713 
 40 OmyAC19ROGR    (0)    1 :  0.038 0.037 0.212 0.217 0.443 0.053 
 41 OmyAC19ROGR    (1)    1 :  0.124 0.076 0.355 0.026 0.322 0.097 
 42 OmyAC19ROGR    (1)    1 :  0.052 0.018 0.047 0.781 0.045 0.058 
 43 OmyAC19ROGR    (1)    1 :  0.049 0.128 0.076 0.035 0.365 0.347 
 44 OmyAC19ROGR    (7)    1 :  0.071 0.050 0.034 0.036 0.372 0.438 
 45 OmyAC19ROGR    (2)    1 :  0.153 0.260 0.065 0.298 0.148 0.076 
 46 OmyAC19ROGR    (1)    1 :  0.107 0.302 0.332 0.059 0.078 0.122 
 47 OmyAC19ROGR    (0)    1 :  0.078 0.698 0.061 0.055 0.071 0.038 
 48 OmyAC19ROGR    (1)    1 :  0.095 0.125 0.108 0.030 0.410 0.232 
 49 OmyAC19ROGR    (0)    1 :  0.135 0.272 0.242 0.035 0.188 0.128 
 50 OmyAC19ROGR    (1)    1 :  0.119 0.020 0.476 0.023 0.091 0.272 
 51 OmyAC19ROGR    (2)    1 :  0.109 0.040 0.088 0.675 0.046 0.042 
 52 OmyAC19ROGR    (1)    1 :  0.029 0.036 0.035 0.846 0.024 0.030 
 53 OmyAC19ROGR    (2)    1 :  0.064 0.597 0.052 0.023 0.182 0.081 
 54 OmyAC19ROGR    (1)    1 :  0.053 0.494 0.135 0.065 0.180 0.073 
 55 OmyAC19ROGR    (3)    1 :  0.117 0.041 0.135 0.066 0.093 0.547 
 56 OmyAC19ROGR    (1)    1 :  0.263 0.346 0.159 0.077 0.058 0.097 
 57 OmyAC19ROGR    (0)    1 :  0.118 0.555 0.060 0.020 0.053 0.194 
 58 OmyAC19ROGR    (1)    1 :  0.106 0.042 0.032 0.679 0.051 0.091 
 59 OmyAC19ROGR    (0)    1 :  0.154 0.468 0.128 0.025 0.138 0.086 
 60 OmyAC19ROGR    (2)    1 :  0.575 0.054 0.098 0.087 0.119 0.067 
 61 OmyAC19ROGR    (1)    1 :  0.100 0.342 0.321 0.047 0.093 0.096 
 62 OmyAC19ROGR    (1)    1 :  0.124 0.056 0.082 0.024 0.482 0.232 
 63 OmyAC19ROGR    (0)    1 :  0.105 0.347 0.102 0.210 0.146 0.089 
 64 OmyAC19ROGR    (3)    1 :  0.286 0.062 0.269 0.051 0.255 0.077 
 65 OmyAC19ROGR    (1)    1 :  0.409 0.060 0.142 0.054 0.082 0.254 
 66 OmyAC19ROGR    (4)    1 :  0.092 0.027 0.498 0.237 0.076 0.070 
 67 OmyAC19ROGR    (0)    1 :  0.355 0.248 0.211 0.030 0.103 0.054 
 68 OmyAC19ROGR    (2)    1 :  0.085 0.349 0.078 0.035 0.268 0.184 
 69 OmyAC19ROGR    (2)    1 :  0.109 0.431 0.059 0.190 0.049 0.161 
 70 OmyAC19ROGR    (1)    1 :  0.052 0.130 0.101 0.028 0.218 0.472 
 71 OmyAC19ROGR    (0)    1 :  0.211 0.084 0.158 0.027 0.110 0.411 
 72 OmyAC19ROGR    (5)    1 :  0.288 0.123 0.134 0.020 0.293 0.142 
 73 OmyAC19ROGR    (1)    1 :  0.043 0.156 0.049 0.164 0.068 0.520 
 74 OmyAC19ROGR    (1)    1 :  0.070 0.029 0.140 0.029 0.662 0.071 
 75 OmyAC19ROGR    (1)    1 :  0.152 0.290 0.165 0.101 0.065 0.226 
 76 OmyAC19ROGR    (1)    1 :  0.039 0.617 0.110 0.033 0.069 0.132 
 77 OmyAC19ROGR    (1)    1 :  0.020 0.016 0.021 0.904 0.025 0.014 
 78 OmyAC19ROGR    (1)    1 :  0.080 0.110 0.097 0.034 0.232 0.447 
 79 OmyAC19ROGR    (2)    1 :  0.068 0.073 0.092 0.040 0.053 0.675 
 80 OmyAC19ROGR    (2)    1 :  0.067 0.062 0.047 0.715 0.077 0.033 
 81 OmyAC19ROGR    (2)    1 :  0.075 0.077 0.152 0.394 0.235 0.067 
 82 OmyAC19ROGR    (1)    1 :  0.104 0.457 0.045 0.015 0.224 0.155 
 83 OmyAC19ROGR    (0)    1 :  0.085 0.164 0.279 0.035 0.107 0.330 
 84 OmyAC19ROGR    (1)    1 :  0.223 0.049 0.229 0.149 0.229 0.121 
 85 OmyAC19ROGR    (6)    1 :  0.155 0.082 0.083 0.021 0.053 0.606 
 86 OmyAC19ROGR    (1)    1 :  0.147 0.022 0.476 0.068 0.205 0.081 
 87 OmyAC19ROGR    (2)    1 :  0.101 0.185 0.148 0.027 0.456 0.082 
 88 OmyJC19ROGR    (0)    2 :  0.022 0.019 0.056 0.814 0.024 0.065 
 89 OmyJC19ROGR    (1)    2 :  0.089 0.049 0.452 0.045 0.146 0.218 
 90 OmyJC19ROGR    (1)    2 :  0.037 0.022 0.023 0.857 0.033 0.028 
 91 OmyJC19ROGR    (2)    2 :  0.131 0.268 0.165 0.012 0.340 0.083 
 92 OmyJC19ROGR    (1)    2 :  0.090 0.469 0.141 0.038 0.052 0.210 
 93 OmyJC19ROGR    (1)    2 :  0.047 0.820 0.041 0.012 0.031 0.049 
 94 OmyJC19ROGR    (1)    2 :  0.169 0.029 0.189 0.177 0.090 0.347 
 95 OmyJC19ROGR    (0)    2 :  0.051 0.024 0.117 0.164 0.245 0.399 
 96 OmyJC19ROGR    (2)    2 :  0.488 0.070 0.141 0.085 0.074 0.143 
 97 OmyJC19ROGR    (1)    2 :  0.031 0.725 0.024 0.126 0.027 0.068 
 98 OmyJC19ROGR    (0)    2 :  0.448 0.095 0.128 0.032 0.102 0.197 
 99 OmyJC19ROGR    (0)    2 :  0.364 0.325 0.087 0.074 0.077 0.072 
100 OmyJC19ROGR    (1)    2 :  0.094 0.045 0.035 0.028 0.086 0.712 
101 OmyJC19ROGR    (1)    2 :  0.070 0.098 0.060 0.484 0.095 0.193 
102 OmyJC19ROGR    (1)    2 :  0.287 0.037 0.493 0.048 0.067 0.068 
103 OmyJC19ROGR    (2)    2 :  0.097 0.109 0.186 0.161 0.209 0.237 
104 OmyJC19ROGR    (1)    2 :  0.136 0.399 0.069 0.028 0.132 0.238 
105 OmyJC19ROGR    (1)    2 :  0.159 0.527 0.037 0.180 0.079 0.019 
106 OmyJC19ROGR    (1)    2 :  0.015 0.029 0.017 0.913 0.015 0.011 
107 OmyJC19ROGR    (2)    2 :  0.725 0.053 0.077 0.060 0.048 0.036 
108 OmyJC19ROGR    (0)    2 :  0.335 0.198 0.208 0.042 0.089 0.129 
109 OmyJC19ROGR    (1)    2 :  0.437 0.019 0.148 0.191 0.088 0.117 
110 OmyJC19ROGR    (1)    2 :  0.096 0.400 0.059 0.167 0.143 0.135 
111 OmyJC19ROGR    (1)    2 :  0.235 0.351 0.075 0.054 0.133 0.152 
112 OmyJC19ROGR    (2)    2 :  0.317 0.033 0.111 0.087 0.127 0.325 
113 OmyJC19ROGR    (1)    2 :  0.095 0.038 0.170 0.505 0.067 0.125 
114 OmyJC19ROGR    (3)    2 :  0.106 0.044 0.107 0.031 0.159 0.553 
115 OmyJC19ROGR    (2)    2 :  0.047 0.244 0.024 0.050 0.585 0.049 
116 OmyJC19ROGR    (0)    2 :  0.119 0.057 0.159 0.082 0.188 0.395 
117 OmyJC19ROGR    (1)    2 :  0.101 0.042 0.127 0.154 0.096 0.480 
118 OmyJC19ROGR    (1)    2 :  0.064 0.153 0.363 0.025 0.100 0.295 
119 OmyJC19ROGR    (3)    2 :  0.372 0.055 0.283 0.048 0.140 0.102 
120 OmyJC19ROGR    (1)    2 :  0.048 0.807 0.041 0.011 0.038 0.055 
121 OmyJC19ROGR    (0)    2 :  0.104 0.024 0.378 0.039 0.203 0.251 
122 OmyJC19ROGR    (1)    2 :  0.123 0.162 0.254 0.052 0.220 0.190 
123 OmyJC19ROGR    (1)    2 :  0.272 0.213 0.168 0.020 0.131 0.196 
124 OmyJC19ROGR    (0)    2 :  0.152 0.027 0.080 0.095 0.544 0.102 
125 OmyJC19ROGR    (1)    2 :  0.053 0.449 0.038 0.091 0.248 0.121 
126 OmyJC19ROGR    (1)    2 :  0.097 0.048 0.050 0.607 0.077 0.120 
127 OmyJC19ROGR    (1)    2 :  0.327 0.035 0.510 0.053 0.043 0.033 
128 OmyJC19ROGR    (1)    2 :  0.131 0.666 0.056 0.026 0.038 0.082 
129 OmyJC19ROGR    (1)    2 :  0.051 0.049 0.099 0.153 0.061 0.588 
130 OmyJC19ROGR    (1)    2 :  0.061 0.018 0.083 0.044 0.710 0.084 
131 OmyJC19ROGR    (1)    2 :  0.125 0.093 0.050 0.046 0.098 0.587 
132 OmyJC19ROGR    (1)    2 :  0.136 0.453 0.176 0.038 0.137 0.060 
133 OmyJC19ROGR    (1)    2 :  0.167 0.064 0.099 0.023 0.181 0.466 
134 OmyJC19ROGR    (1)    2 :  0.190 0.051 0.498 0.048 0.163 0.050 
135 OmyJC19ROGR    (1)    2 :  0.047 0.861 0.015 0.019 0.027 0.030 
136 OmyJC19ROGR    (3)    2 :  0.148 0.104 0.430 0.033 0.124 0.160 
137 OmyJC19ROGR    (1)    2 :  0.128 0.036 0.377 0.179 0.234 0.045 
138 OmyJC19ROGR    (1)    2 :  0.042 0.021 0.045 0.641 0.086 0.164 
139 OmyJC19ROGR    (2)    2 :  0.060 0.032 0.078 0.018 0.143 0.669 
140 OmyJC19ROGR    (3)    2 :  0.135 0.048 0.150 0.096 0.064 0.508 
141 OmyJC19ROGR    (0)    2 :  0.102 0.101 0.131 0.317 0.088 0.262 
142 OmyJC19ROGR    (1)    2 :  0.218 0.143 0.149 0.277 0.111 0.103 
143 OmyJC19ROGR    (0)    2 :  0.070 0.586 0.043 0.053 0.137 0.111 
144 OmyJC19ROGR    (1)    2 :  0.040 0.028 0.032 0.011 0.128 0.760 
145 OmyJC19ROGR    (1)    2 :  0.455 0.030 0.066 0.019 0.386 0.044 
146 OmyJC19ROGR    (2)    2 :  0.046 0.515 0.129 0.050 0.096 0.164 
147 OmyJC19ROGR    (1)    2 :  0.381 0.084 0.364 0.041 0.074 0.056 
148 OmyJC19ROGR    (1)    2 :  0.517 0.106 0.125 0.014 0.145 0.093 
149 OmyJC19ROGR    (2)    2 :  0.207 0.227 0.264 0.055 0.091 0.156 
150 OmyJC19ROGR    (2)    2 :  0.106 0.373 0.246 0.054 0.093 0.127 
151 OmyJC19ROGR    (1)    2 :  0.038 0.072 0.127 0.054 0.074 0.635 
152 OmyJC19ROGR    (0)    2 :  0.264 0.136 0.231 0.049 0.281 0.039 
153 OmyJC19ROGR    (1)    2 :  0.063 0.829 0.038 0.021 0.028 0.021 
154 OmyJC19ROGR    (2)    2 :  0.207 0.030 0.367 0.049 0.238 0.110 
155 OmyJC19ROGR    (1)    2 :  0.080 0.154 0.210 0.071 0.298 0.186 
156 OmyJC19ROGR    (1)    2 :  0.158 0.124 0.356 0.094 0.216 0.053 
157 OmyJC19ROGR    (0)    2 :  0.137 0.157 0.079 0.052 0.401 0.175 
158 OmyJC19ROGR    (2)    2 :  0.232 0.095 0.380 0.018 0.091 0.184 
159 OmyJC19ROGR    (1)    2 :  0.256 0.028 0.367 0.030 0.187 0.131 
160 OmyJC19ROGR    (0)    2 :  0.205 0.198 0.386 0.041 0.093 0.077 
161 OmyJC19ROGR    (1)    2 :  0.166 0.314 0.171 0.032 0.169 0.148 
162 OmyJC19ROGR    (1)    2 :  0.319 0.174 0.206 0.056 0.167 0.078 
163 OmyJC19ROGR    (1)    2 :  0.203 0.497 0.080 0.042 0.126 0.052 
164 OmyJC19ROGR    (1)    2 :  0.419 0.052 0.194 0.018 0.174 0.144 
165 OmyJC19ROGR    (0)    2 :  0.353 0.166 0.069 0.015 0.259 0.138 
166 OmyJC19ROGR    (0)    2 :  0.051 0.028 0.112 0.034 0.719 0.057 
167 OmyJC19ROGR    (2)    2 :  0.192 0.224 0.151 0.086 0.241 0.105 
168 OmyJC19ROGR    (0)    2 :  0.099 0.046 0.105 0.050 0.057 0.642 
169 OmyJC19ROGR    (1)    2 :  0.020 0.012 0.015 0.924 0.016 0.013 
170 OmyJC19ROGR    (1)    2 :  0.151 0.557 0.063 0.049 0.088 0.091 
171 OmyJC19ROGR    (1)    2 :  0.283 0.096 0.147 0.025 0.149 0.300 
172 OmyJC19ROGR    (0)    2 :  0.159 0.201 0.075 0.348 0.061 0.156 
173 OmyJC19ROGR    (1)    2 :  0.025 0.018 0.037 0.877 0.026 0.016 
174 OmyJC19ROGR    (0)    2 :  0.119 0.092 0.065 0.027 0.556 0.141 
175 OmyJC19ROGR    (1)    2 :  0.094 0.056 0.183 0.023 0.151 0.492 
176 OmyJC19ROGR    (1)    2 :  0.136 0.502 0.192 0.039 0.029 0.103 
177 OmyJC19ROGR    (1)    2 :  0.082 0.759 0.039 0.014 0.074 0.032 
178 OmyJC19ROGR    (0)    2 :  0.495 0.020 0.206 0.038 0.200 0.041 
179 OmyJC19ROGR    (1)    2 :  0.157 0.356 0.133 0.019 0.137 0.199 
180 OmyJC19ROGR    (1)    2 :  0.032 0.044 0.033 0.793 0.041 0.057 
181 OmyJC19ROGR    (1)    2 :  0.260 0.054 0.258 0.032 0.218 0.178 
182 OmyJC19ROGR    (1)    2 :  0.061 0.037 0.095 0.092 0.071 0.645 
183 OmyJC19ROGR    (1)    2 :  0.227 0.071 0.133 0.031 0.318 0.221 
184 OmyJC19ROGR    (1)    2 :  0.094 0.072 0.108 0.488 0.042 0.197 
185 OmyJC19ROGR    (2)    2 :  0.023 0.025 0.055 0.008 0.045 0.843 
186 OmyJC19ROGR    (1)    2 :  0.065 0.386 0.056 0.073 0.080 0.340 
187 OmyJC19ROGR    (0)    2 :  0.117 0.037 0.074 0.016 0.731 0.024 
188 OmyJC19ROGR    (1)    2 :  0.118 0.065 0.054 0.039 0.105 0.620 
189 OmyJC19ROGR    (0)    2 :  0.176 0.203 0.126 0.102 0.073 0.320 
190 OmyJC19ROGR    (0)    2 :  0.231 0.483 0.110 0.042 0.070 0.064 
191 OmyJC19ROGR    (2)    2 :  0.091 0.578 0.061 0.036 0.180 0.056 
192 OmyJC19ROGR    (1)    2 :  0.388 0.016 0.498 0.021 0.040 0.038 
193 OmyJC19ROGR    (1)    2 :  0.265 0.070 0.390 0.083 0.117 0.075 
194 OmyJC19ROGR    (0)    2 :  0.373 0.034 0.522 0.010 0.031 0.030 
195 OmyJC19ROGR    (1)    2 :  0.063 0.020 0.049 0.772 0.049 0.047 
196 OmyJC19ROGR    (1)    2 :  0.058 0.019 0.074 0.020 0.743 0.086 
197 OmyJC19ROGR    (1)    2 :  0.060 0.358 0.198 0.043 0.182 0.160 
198 OmyJC19ROGR    (1)    2 :  0.090 0.059 0.051 0.716 0.036 0.048 
199 OmyJC19ROGR    (0)    2 :  0.076 0.054 0.106 0.024 0.151 0.588 
200 OmyJC19ROGR    (0)    2 :  0.037 0.620 0.069 0.041 0.158 0.075 
201 OmyJC19ROGR    (1)    2 :  0.329 0.064 0.269 0.021 0.231 0.086 
202 OmyJC19ROGR    (0)    2 :  0.073 0.760 0.094 0.011 0.039 0.022 
203 OmyJC19ROGR    (0)    2 :  0.305 0.090 0.177 0.030 0.274 0.123 
204 OmyJC19ROGR    (1)    2 :  0.351 0.134 0.180 0.048 0.166 0.121 
205 OmyJC19ROGR    (1)    2 :  0.276 0.080 0.068 0.073 0.398 0.105 
206 OmyJC19ROGR    (1)    2 :  0.037 0.025 0.040 0.788 0.034 0.076 
207 OmyJC19ROGR    (1)    2 :  0.339 0.048 0.100 0.182 0.262 0.069 
208 OmyJC19ROGR    (1)    2 :  0.337 0.046 0.165 0.027 0.149 0.277 
209 OmyJC19ROGR    (0)    2 :  0.061 0.117 0.057 0.504 0.070 0.192 
210 OmyJC19ROGR    (1)    2 :  0.015 0.015 0.026 0.890 0.038 0.016 
211 OmyJC19ROGR    (0)    2 :  0.167 0.054 0.308 0.130 0.152 0.189 
212 OmyJC19ROGR    (1)    2 :  0.267 0.293 0.128 0.192 0.082 0.038 
213 OmyJC19ROGR    (1)    2 :  0.141 0.054 0.041 0.021 0.534 0.208 
214 OmyJC19ROGR    (1)    2 :  0.591 0.034 0.082 0.041 0.217 0.035 
215 OmyJC19ROGR    (1)    2 :  0.088 0.040 0.733 0.017 0.043 0.080 
216 OmyJC19ROGR    (1)    2 :  0.035 0.026 0.043 0.786 0.056 0.055 
217 OmyJC19ROGR    (1)    2 :  0.274 0.068 0.134 0.329 0.133 0.062 
218 OmyJC19ROGR    (1)    2 :  0.110 0.424 0.070 0.023 0.306 0.067 
219 OmyJC19ROGR    (1)    2 :  0.121 0.030 0.453 0.093 0.201 0.102 
220 OmyJC19ROGR    (1)    2 :  0.361 0.093 0.206 0.010 0.163 0.167 
221 OmyJC19ROGR    (0)    2 :  0.125 0.042 0.033 0.209 0.502 0.089 
222 OmyJC19ROGR    (1)    2 :  0.173 0.184 0.271 0.028 0.202 0.142 
223 OmyJC19ROGR    (0)    2 :  0.222 0.064 0.163 0.048 0.441 0.063 
224 OmyJC19ROGR    (1)    2 :  0.260 0.061 0.348 0.024 0.155 0.152 
225 OmyJC19ROGR    (1)    2 :  0.019 0.012 0.016 0.924 0.013 0.015 
226 OmyJC19ROGR    (0)    2 :  0.059 0.031 0.143 0.140 0.115 0.512 
227 OmyJC19ROGR    (1)    2 :  0.023 0.043 0.022 0.862 0.023 0.028 
228 OmyJC19ROGR    (1)    2 :  0.180 0.032 0.188 0.038 0.491 0.070 
229 OmyJC19ROGR    (2)    2 :  0.138 0.089 0.053 0.024 0.225 0.472 
230 OmyJC19ROGR    (1)    2 :  0.397 0.109 0.038 0.170 0.158 0.128 
231 OmyJC19ROGR    (1)    2 :  0.107 0.033 0.155 0.045 0.508 0.152 
232 OmyJC19ROGR    (2)    2 :  0.103 0.126 0.103 0.037 0.333 0.296 
233 OmyJC19ROGR    (1)    2 :  0.416 0.060 0.171 0.072 0.173 0.108 
234 OmyJC19ROGR    (1)    2 :  0.018 0.017 0.018 0.902 0.020 0.025 
235 OmyJC19ROGR    (0)    2 :  0.156 0.070 0.158 0.493 0.074 0.049 
236 OmyJC19ROGR    (1)    2 :  0.660 0.126 0.077 0.019 0.081 0.038 
237 OmyJC19ROGR    (1)    2 :  0.193 0.121 0.376 0.083 0.124 0.103 
238 OmyJC19ROGR    (0)    2 :  0.711 0.027 0.083 0.071 0.086 0.023 
239 OmyJC19ROGR    (1)    2 :  0.103 0.032 0.637 0.050 0.031 0.146 
240 OmyJC19ROGR    (1)    2 :  0.108 0.042 0.191 0.035 0.223 0.401 
241 OmyJC19ROGR    (0)    2 :  0.078 0.393 0.157 0.070 0.070 0.233 
242 OmyJC19ROGR    (1)    2 :  0.243 0.108 0.558 0.012 0.028 0.051 
243 OmyJC19ROGR    (1)    2 :  0.113 0.365 0.126 0.039 0.203 0.154 
244 OmyJC19ROGR    (1)    2 :  0.154 0.214 0.097 0.052 0.355 0.128 
245 OmyJC19ROGR    (0)    2 :  0.014 0.014 0.017 0.920 0.012 0.023 
246 OmyJC19ROGR    (1)    2 :  0.078 0.550 0.089 0.158 0.068 0.056 
247 OmyJC19ROGR    (0)    2 :  0.159 0.098 0.063 0.486 0.121 0.072 
248 OmyJC19ROGR    (1)    2 :  0.045 0.038 0.063 0.426 0.083 0.345 
249 OmyJC19ROGR    (1)    2 :  0.226 0.040 0.158 0.053 0.369 0.154 
250 OmyJC19ROGR    (0)    2 :  0.173 0.075 0.160 0.078 0.146 0.368 
251 OmyJC19ROGR    (1)    2 :  0.183 0.063 0.177 0.047 0.422 0.108 
252 OmyJC19ROGR    (0)    2 :  0.053 0.750 0.041 0.032 0.079 0.044 
253 OmyJC19ROGR    (0)    2 :  0.073 0.034 0.173 0.044 0.074 0.601 
254 OmyJC19ROGR    (1)    2 :  0.109 0.369 0.123 0.053 0.241 0.105 
255 OmyJC19ROGR    (1)    2 :  0.083 0.423 0.050 0.018 0.358 0.068 
256 OmyJC19ROGR    (1)    2 :  0.157 0.279 0.065 0.287 0.175 0.037 
257 OmyJC19ROGR    (0)    2 :  0.199 0.041 0.131 0.054 0.376 0.199 
258 OmyAC19ROGR    (1)    1 :  0.084 0.107 0.169 0.186 0.296 0.158 
259 OmyAC19ROGR    (2)    1 :  0.144 0.067 0.169 0.437 0.080 0.104 
260 OmyAC19ROGR    (1)    1 :  0.118 0.070 0.485 0.021 0.060 0.246 
261 OmyAC19ROGR    (0)    1 :  0.151 0.033 0.180 0.037 0.171 0.428 
262 OmyAC19ROGR    (1)    1 :  0.200 0.163 0.112 0.111 0.174 0.240 
263 OmyAC19ROGR    (0)    1 :  0.255 0.395 0.107 0.031 0.154 0.058 
264 OmyAC19ROGR    (1)    1 :  0.244 0.056 0.183 0.058 0.344 0.115 
265 OmyAC19ROGR    (1)    1 :  0.160 0.113 0.460 0.037 0.168 0.062 
266 OmyAC19ROGR    (1)    1 :  0.117 0.044 0.071 0.015 0.649 0.104 
267 OmyAC19ROGR    (1)    1 :  0.181 0.069 0.209 0.121 0.099 0.320 
268 OmyAC19ROGR    (2)    1 :  0.215 0.325 0.079 0.116 0.126 0.139 
269 OmyAC19ROGR    (1)    1 :  0.059 0.036 0.070 0.105 0.054 0.676 
270 OmyAC19ROGR    (1)    1 :  0.128 0.447 0.042 0.027 0.279 0.077 
271 OmyAC19ROGR    (1)    1 :  0.100 0.041 0.063 0.246 0.061 0.488 
272 OmyAC19ROGR    (0)    1 :  0.210 0.034 0.232 0.166 0.255 0.103 
273 OmyAC19ROGR    (0)    1 :  0.149 0.070 0.157 0.035 0.072 0.518 
274 OmyAC19ROGR    (1)    1 :  0.047 0.028 0.039 0.762 0.049 0.076 
275 OmyAC19ROGR    (1)    1 :  0.223 0.206 0.192 0.110 0.166 0.102 
276 OmyAC19ROGR    (1)    1 :  0.167 0.042 0.571 0.043 0.077 0.100 
277 OmyAC19ROGR    (1)    1 :  0.076 0.041 0.313 0.060 0.249 0.261 
278 OmyAC19ROGR    (1)    1 :  0.401 0.035 0.132 0.268 0.088 0.075 
279 OmyAC19ROGR    (0)    1 :  0.321 0.036 0.277 0.155 0.079 0.132 
280 OmyAC19ROGR    (1)    1 :  0.048 0.333 0.145 0.075 0.287 0.111 
281 OmyAC19ROGR    (1)    1 :  0.121 0.047 0.180 0.037 0.075 0.540 
282 OmyAC19ROGR    (1)    1 :  0.186 0.091 0.135 0.155 0.247 0.185 
283 OmyAC19ROGR    (1)    1 :  0.162 0.058 0.430 0.038 0.133 0.178 
284 OmyAC19ROGR    (0)    1 :  0.142 0.120 0.140 0.026 0.469 0.102 
285 OmyAC19ROGR    (1)    1 :  0.173 0.206 0.353 0.036 0.105 0.126 
286 OmyAC19ROGR    (1)    1 :  0.215 0.124 0.313 0.020 0.158 0.170 
287 OmyAC19ROGR    (1)    1 :  0.011 0.008 0.012 0.946 0.010 0.013 
288 OmyAC19ROGR    (1)    1 :  0.115 0.055 0.041 0.687 0.041 0.060 
289 OmyAC19ROGR    (1)    1 :  0.203 0.040 0.173 0.081 0.083 0.419 
290 OmyAC19ROGR    (1)    1 :  0.028 0.020 0.023 0.888 0.019 0.023 
291 OmyAC19ROGR    (1)    1 :  0.201 0.160 0.062 0.399 0.115 0.063 
292 OmyAC19ROGR    (1)    1 :  0.060 0.053 0.163 0.193 0.166 0.365 
293 OmyAC19ROGR    (1)    1 :  0.106 0.546 0.060 0.035 0.090 0.163 
294 OmyAC19ROGR    (1)    1 :  0.115 0.041 0.392 0.170 0.204 0.079 
295 OmyAC19ROGR    (0)    1 :  0.080 0.114 0.304 0.020 0.154 0.329 
296 OmyAC19ROGR    (0)    1 :  0.218 0.082 0.386 0.029 0.187 0.098 
297 OmyAC19ROGR    (1)    1 :  0.057 0.017 0.049 0.758 0.060 0.060 
298 OmyAC19ROGR    (0)    1 :  0.172 0.039 0.605 0.018 0.129 0.037 
299 OmyAC19ROGR    (1)    1 :  0.288 0.218 0.193 0.178 0.077 0.047 
300 OmyAC19ROGR    (1)    1 :  0.176 0.053 0.314 0.036 0.109 0.313 
301 OmyAC19ROGR    (0)    1 :  0.021 0.016 0.022 0.862 0.039 0.039 
302 OmyAC19ROGR    (1)    1 :  0.275 0.044 0.113 0.391 0.123 0.056 
303 OmyAC19ROGR    (1)    1 :  0.106 0.038 0.144 0.103 0.066 0.543 
304 OmyAC19ROGR    (1)    1 :  0.231 0.062 0.342 0.126 0.051 0.188 
305 OmyAC19ROGR    (1)    1 :  0.466 0.055 0.227 0.025 0.061 0.166 
306 OmyAC19ROGR    (1)    1 :  0.037 0.014 0.064 0.541 0.220 0.125 
307 OmyAC19ROGR    (2)    1 :  0.227 0.172 0.195 0.019 0.191 0.196 
308 OmyAC19ROGR    (0)    1 :  0.129 0.037 0.432 0.079 0.201 0.123 
309 OmyAC19ROGR    (2)    1 :  0.022 0.016 0.018 0.894 0.024 0.027 
310 OmyAC19ROGR    (0)    1 :  0.114 0.049 0.159 0.413 0.108 0.156 
311 OmyAC19ROGR    (0)    1 :  0.216 0.025 0.209 0.450 0.049 0.051 
312 OmyAC19ROGR    (0)    1 :  0.171 0.501 0.088 0.039 0.113 0.089 
313 OmyAC19ROGR    (1)    1 :  0.367 0.114 0.232 0.015 0.215 0.057 
314 OmyAC19ROGR    (0)    1 :  0.119 0.549 0.114 0.040 0.059 0.119 
315 OmyAC19ROGR    (1)    1 :  0.126 0.071 0.085 0.050 0.315 0.353 
316 OmyAC19ROGR    (1)    1 :  0.147 0.050 0.413 0.028 0.282 0.080 
317 OmyAC19ROGR    (1)    1 :  0.066 0.133 0.054 0.027 0.029 0.691 
318 OmyAC19ROGR    (1)    1 :  0.110 0.398 0.111 0.026 0.143 0.213 
319 OmyAC19ROGR    (1)    1 :  0.241 0.094 0.208 0.018 0.086 0.352 
320 OmyAC19ROGR    (0)    1 :  0.427 0.061 0.204 0.012 0.268 0.028 
321 OmyAC19ROGR    (1)    1 :  0.305 0.053 0.280 0.023 0.180 0.159 
322 OmyAC19ROGR    (0)    1 :  0.047 0.043 0.105 0.275 0.194 0.337 
323 OmyAC19ROGR    (1)    1 :  0.293 0.019 0.169 0.024 0.365 0.129 
324 OmyAC19ROGR    (1)    1 :  0.056 0.094 0.226 0.022 0.553 0.050 
325 OmyAC19ROGR    (1)    1 :  0.061 0.028 0.052 0.316 0.170 0.373 
326 OmyAC19ROGR    (1)    1 :  0.200 0.049 0.219 0.046 0.333 0.153 
327 OmyAC19ROGR    (1)    1 :  0.095 0.108 0.457 0.029 0.277 0.035 
328 OmyJC18ROGR    (1)    2 :  0.091 0.566 0.107 0.041 0.142 0.053 
329 OmyJC18ROGR    (0)    2 :  0.260 0.056 0.101 0.046 0.286 0.251 
330 OmyJC18ROGR    (0)    2 :  0.036 0.021 0.136 0.056 0.675 0.075 
331 OmyJC18ROGR    (1)    2 :  0.133 0.073 0.087 0.601 0.060 0.046 
332 OmyJC18ROGR    (1)    2 :  0.051 0.044 0.119 0.683 0.030 0.073 
333 OmyJC18ROGR    (1)    2 :  0.027 0.015 0.034 0.790 0.025 0.108 
334 OmyJC18ROGR    (1)    2 :  0.071 0.178 0.110 0.175 0.333 0.133 
335 OmyJC18ROGR    (0)    2 :  0.170 0.345 0.133 0.020 0.280 0.052 
336 OmyJC18ROGR    (1)    2 :  0.032 0.022 0.032 0.841 0.025 0.048 
337 OmyJC18ROGR    (1)    2 :  0.296 0.038 0.211 0.026 0.118 0.312 
338 OmyJC18ROGR    (1)    2 :  0.045 0.015 0.041 0.838 0.031 0.029 
339 OmyJC18ROGR    (1)    2 :  0.075 0.020 0.061 0.025 0.081 0.738 
340 OmyJC18ROGR    (0)    2 :  0.098 0.418 0.166 0.107 0.153 0.058 
341 OmyJC18ROGR    (1)    2 :  0.331 0.149 0.341 0.011 0.075 0.093 
342 OmyJC18ROGR    (2)    2 :  0.074 0.072 0.397 0.299 0.089 0.069 
343 OmyJC18ROGR    (2)    2 :  0.151 0.172 0.103 0.270 0.122 0.182 
344 OmyJC18ROGR    (3)    2 :  0.119 0.067 0.174 0.372 0.051 0.217 
345 OmyJC18ROGR    (2)    2 :  0.105 0.078 0.043 0.614 0.114 0.047 
346 OmyJC18ROGR    (4)    2 :  0.075 0.018 0.087 0.021 0.739 0.061 
347 OmyJC18ROGR    (3)    2 :  0.266 0.035 0.285 0.038 0.103 0.272 
348 OmyJC18ROGR    (1)    2 :  0.098 0.053 0.200 0.154 0.228 0.268 
349 OmyJC18ROGR    (1)    2 :  0.218 0.037 0.539 0.025 0.098 0.083 
350 OmyJC18ROGR    (1)    2 :  0.787 0.023 0.066 0.029 0.050 0.046 
351 OmyJC18ROGR    (0)    2 :  0.070 0.036 0.098 0.693 0.026 0.077 
352 OmyJC18ROGR    (4)    2 :  0.497 0.037 0.060 0.261 0.095 0.050 
353 OmyJC18ROGR    (2)    2 :  0.085 0.100 0.158 0.129 0.407 0.121 
354 OmyJC18ROGR    (1)    2 :  0.035 0.037 0.106 0.056 0.354 0.413 
355 OmyJC18ROGR    (2)    2 :  0.086 0.043 0.081 0.025 0.378 0.386 
356 OmyJC18ROGR    (1)    2 :  0.278 0.349 0.123 0.033 0.161 0.057 
357 OmyJC18ROGR    (2)    2 :  0.025 0.219 0.034 0.649 0.041 0.032 
358 OmyJC18ROGR    (2)    2 :  0.073 0.255 0.252 0.013 0.132 0.275 
359 OmyJC18ROGR    (3)    2 :  0.110 0.068 0.498 0.049 0.090 0.185 
360 OmyJC18ROGR    (0)    2 :  0.181 0.268 0.087 0.034 0.159 0.271 
361 OmyJC18ROGR    (1)    2 :  0.116 0.037 0.126 0.013 0.620 0.088 
362 OmyJC18ROGR    (1)    2 :  0.105 0.069 0.262 0.168 0.253 0.144 
363 OmyJC18ROGR    (2)    2 :  0.121 0.120 0.148 0.166 0.147 0.298 
364 OmyJC18ROGR    (3)    2 :  0.234 0.044 0.522 0.017 0.106 0.077 
365 OmyJC18ROGR    (4)    2 :  0.231 0.035 0.245 0.023 0.246 0.220 
366 OmyJC18ROGR    (4)    2 :  0.212 0.281 0.181 0.029 0.189 0.108 
367 OmyJC18ROGR    (3)    2 :  0.049 0.026 0.063 0.733 0.070 0.059 
368 OmyJC18ROGR    (3)    2 :  0.198 0.064 0.175 0.318 0.120 0.126 
369 OmyJC18ROGR    (2)    2 :  0.069 0.245 0.126 0.060 0.182 0.318 
370 OmyJC18ROGR    (3)    2 :  0.340 0.054 0.126 0.041 0.253 0.187 
371 OmyJC18ROGR    (1)    2 :  0.108 0.070 0.211 0.026 0.280 0.304 
372 OmyJC18ROGR    (3)    2 :  0.079 0.068 0.506 0.053 0.156 0.138 
373 OmyJC18ROGR    (5)    2 :  0.083 0.442 0.101 0.071 0.153 0.150 
374 OmyJC18ROGR    (5)    2 :  0.065 0.762 0.056 0.019 0.035 0.062 
375 OmyJC18ROGR    (3)    2 :  0.144 0.050 0.114 0.081 0.326 0.285 
376 OmyJC18ROGR    (3)    2 :  0.028 0.020 0.050 0.852 0.032 0.018 
377 OmyJC18ROGR    (4)    2 :  0.081 0.367 0.087 0.221 0.111 0.133 
378 OmyJC18ROGR    (0)    2 :  0.235 0.150 0.319 0.064 0.085 0.148 
379 OmyJC18ROGR    (5)    2 :  0.250 0.101 0.285 0.074 0.237 0.054 
380 OmyJC18ROGR    (4)    2 :  0.039 0.071 0.117 0.082 0.334 0.357 
381 OmyJC18ROGR    (1)    2 :  0.122 0.075 0.354 0.037 0.106 0.307 
382 OmyJC18ROGR    (1)    2 :  0.475 0.089 0.139 0.024 0.168 0.103 
383 OmyJC18ROGR    (3)    2 :  0.056 0.040 0.085 0.375 0.173 0.271 
384 OmyJC18ROGR    (2)    2 :  0.488 0.020 0.203 0.160 0.098 0.032 
385 OmyJC18ROGR    (4)    2 :  0.107 0.020 0.073 0.036 0.666 0.098 
386 OmyJC18ROGR    (2)    2 :  0.267 0.024 0.249 0.323 0.075 0.062 
387 OmyJC18ROGR    (1)    2 :  0.112 0.203 0.252 0.234 0.105 0.095 
388 OmyJC18ROGR    (6)    2 :  0.126 0.200 0.076 0.043 0.079 0.476 
389 OmyJC18ROGR    (1)    2 :  0.394 0.039 0.142 0.085 0.144 0.195 
390 OmyJC18ROGR    (1)    2 :  0.249 0.059 0.365 0.057 0.166 0.104 
391 OmyJC18ROGR    (3)    2 :  0.034 0.032 0.030 0.846 0.027 0.032 
392 OmyJC18ROGR    (2)    2 :  0.146 0.266 0.215 0.030 0.180 0.164 
393 OmyJC18ROGR    (4)    2 :  0.050 0.669 0.055 0.059 0.116 0.051 
394 OmyJC18ROGR    (3)    2 :  0.161 0.020 0.043 0.683 0.038 0.056 
395 OmyJC18ROGR    (7)    2 :  0.084 0.305 0.069 0.167 0.108 0.267 
396 OmyJC18ROGR    (4)    2 :  0.129 0.187 0.061 0.513 0.061 0.050 
397 OmyJC18ROGR    (1)    2 :  0.301 0.074 0.176 0.033 0.201 0.215 
398 OmyJC18ROGR    (3)    2 :  0.133 0.108 0.126 0.185 0.301 0.148 
399 OmyJC18ROGR    (2)    2 :  0.086 0.205 0.066 0.280 0.100 0.263 
400 OmyJC18ROGR    (0)    2 :  0.247 0.071 0.126 0.031 0.459 0.066 
401 OmyJC18ROGR    (6)    2 :  0.047 0.619 0.056 0.048 0.131 0.098 
402 OmyJC18ROGR    (5)    2 :  0.045 0.285 0.066 0.186 0.234 0.183 
403 OmyJC18ROGR    (1)    2 :  0.070 0.185 0.169 0.101 0.192 0.283 
404 OmyJC18ROGR    (2)    2 :  0.108 0.025 0.104 0.100 0.112 0.552 
405 OmyJC18ROGR    (3)    2 :  0.230 0.062 0.491 0.028 0.140 0.050 
406 OmyJC18ROGR    (2)    2 :  0.158 0.038 0.365 0.028 0.229 0.182 
407 OmyJC18ROGR    (2)    2 :  0.173 0.207 0.436 0.083 0.062 0.039 
408 OmyJC18ROGR    (2)    2 :  0.372 0.200 0.228 0.083 0.087 0.030 
409 OmyJC18ROGR    (1)    2 :  0.146 0.240 0.167 0.028 0.322 0.097 
410 OmyJC18ROGR    (1)    2 :  0.444 0.036 0.097 0.025 0.339 0.059 
411 OmyJC18ROGR    (1)    2 :  0.094 0.039 0.071 0.025 0.227 0.545 
412 OmyJC18ROGR    (0)    2 :  0.358 0.027 0.412 0.014 0.087 0.101 
413 OmyJC18ROGR    (1)    2 :  0.274 0.024 0.196 0.029 0.402 0.075 
414 OmyJC18ROGR    (2)    2 :  0.141 0.050 0.255 0.023 0.109 0.423 
415 OmyJC18ROGR    (2)    2 :  0.059 0.103 0.041 0.015 0.579 0.203 
416 OmyJC18ROGR    (3)    2 :  0.135 0.034 0.119 0.052 0.362 0.298 
417 OmyJC18ROGR    (1)    2 :  0.090 0.267 0.181 0.034 0.371 0.056 
418 OmyJC18ROGR    (0)    2 :  0.047 0.723 0.032 0.031 0.104 0.063 
419 OmyJC18ROGR    (1)    2 :  0.226 0.297 0.153 0.023 0.124 0.176 
420 OmyJC18ROGR    (0)    2 :  0.170 0.029 0.041 0.027 0.578 0.156 
421 OmyJC18ROGR    (1)    2 :  0.111 0.043 0.494 0.041 0.199 0.112 
422 OmyJC18ROGR    (6)    2 :  0.075 0.043 0.045 0.032 0.067 0.738 
423 OmyJC18ROGR    (2)    2 :  0.123 0.091 0.108 0.040 0.464 0.173 
424 OmyJC18ROGR    (1)    2 :  0.130 0.107 0.106 0.148 0.472 0.037 
425 OmyJC18ROGR    (1)    2 :  0.357 0.041 0.073 0.232 0.149 0.148 
426 OmyJC18ROGR    (3)    2 :  0.080 0.104 0.263 0.027 0.460 0.065 
427 OmyJC18ROGR    (2)    2 :  0.149 0.016 0.134 0.558 0.045 0.097 
428 OmyJC18ROGR    (6)    2 :  0.081 0.024 0.067 0.016 0.779 0.034 
429 OmyJC18ROGR    (1)    2 :  0.095 0.017 0.207 0.141 0.204 0.336 
430 OmyJC18ROGR    (1)    2 :  0.067 0.097 0.088 0.093 0.060 0.594 
431 OmyJC18ROGR    (0)    2 :  0.129 0.027 0.124 0.037 0.560 0.123 
432 OmyJC18ROGR    (2)    2 :  0.037 0.032 0.054 0.765 0.036 0.075 
433 OmyJC18ROGR    (2)    2 :  0.047 0.533 0.137 0.071 0.058 0.154 
434 OmyJC18ROGR    (2)    2 :  0.057 0.034 0.066 0.067 0.082 0.695 
435 OmyJC18ROGR    (8)    2 :  0.231 0.125 0.200 0.066 0.344 0.034 
436 OmyJC18ROGR    (2)    2 :  0.205 0.089 0.093 0.028 0.523 0.062 
437 OmyJC18ROGR    (4)    2 :  0.090 0.169 0.323 0.032 0.268 0.117 
438 OmyJC18ROGR    (1)    2 :  0.037 0.725 0.031 0.053 0.096 0.057 
439 OmyJC18ROGR    (2)    2 :  0.065 0.074 0.089 0.464 0.068 0.239 
440 OmyJC18ROGR    (0)    2 :  0.023 0.746 0.036 0.103 0.048 0.044 
441 OmyJC18ROGR    (1)    2 :  0.138 0.028 0.731 0.021 0.037 0.046 
442 OmyJC18ROGR    (6)    2 :  0.301 0.091 0.124 0.066 0.089 0.329 
443 OmyJC18ROGR    (1)    2 :  0.247 0.030 0.421 0.016 0.134 0.153 
444 OmyJC18ROGR    (6)    2 :  0.354 0.213 0.061 0.031 0.272 0.069 
445 OmyJC18ROGR    (2)    2 :  0.293 0.171 0.093 0.064 0.231 0.147 
446 OmyJC18ROGR    (3)    2 :  0.210 0.207 0.101 0.257 0.161 0.063 
447 OmyJC18ROGR    (2)    2 :  0.278 0.084 0.244 0.095 0.117 0.183 
448 OmyJC18ROGR    (3)    2 :  0.148 0.032 0.064 0.039 0.052 0.665 
449 OmyJC18ROGR    (1)    2 :  0.355 0.064 0.317 0.028 0.160 0.076 
450 OmyJC18ROGR    (4)    2 :  0.128 0.160 0.047 0.156 0.470 0.039 
451 OmyJC18ROGR    (3)    2 :  0.220 0.069 0.158 0.032 0.181 0.340 
452 OmyJC18ROGR    (1)    2 :  0.114 0.027 0.195 0.060 0.240 0.364 
453 OmyJC18ROGR    (1)    2 :  0.374 0.021 0.306 0.016 0.201 0.082 
454 OmyJC18ROGR    (4)    2 :  0.144 0.298 0.306 0.050 0.123 0.080 
455 OmyJC18ROGR    (4)    2 :  0.075 0.135 0.256 0.388 0.067 0.079 
456 OmyJC18ROGR    (5)    2 :  0.094 0.050 0.073 0.107 0.553 0.122 
457 OmyJC18ROGR    (3)    2 :  0.042 0.212 0.074 0.021 0.122 0.529 
458 OmyJC18ROGR    (1)    2 :  0.370 0.117 0.104 0.033 0.318 0.058 
459 OmyJC18ROGR    (1)    2 :  0.026 0.018 0.030 0.850 0.045 0.031 
460 OmyJC18ROGR    (2)    2 :  0.276 0.037 0.251 0.030 0.318 0.089 
461 OmyJC18ROGR    (1)    2 :  0.048 0.071 0.043 0.691 0.036 0.111 
462 OmyJC18ROGR    (1)    2 :  0.366 0.215 0.179 0.012 0.110 0.117 
463 OmyJC18ROGR    (4)    2 :  0.233 0.050 0.391 0.049 0.131 0.146 
464 OmyJC18ROGR    (6)    2 :  0.085 0.166 0.339 0.023 0.309 0.079 
465 OmyJC18ROGR    (3)    2 :  0.128 0.520 0.112 0.029 0.158 0.053 
466 OmyJC18ROGR    (3)    2 :  0.209 0.251 0.278 0.076 0.116 0.069 
467 OmyJC18ROGR    (2)    2 :  0.032 0.024 0.071 0.038 0.085 0.749 
468 OmyJC18ROGR    (2)    2 :  0.162 0.079 0.229 0.011 0.466 0.053 
469 OmyJC18ROGR    (1)    2 :  0.018 0.017 0.014 0.912 0.023 0.016 
470 OmyJC18ROGR    (0)    2 :  0.049 0.432 0.144 0.203 0.068 0.105 
471 OmyJC18ROGR    (2)    2 :  0.149 0.057 0.058 0.058 0.302 0.376 
472 OmyJC18ROGR    (2)    2 :  0.102 0.016 0.073 0.006 0.760 0.043 
473 OmyJC18ROGR    (1)    2 :  0.101 0.058 0.455 0.054 0.227 0.105 
474 OmyJC18ROGR    (3)    2 :  0.205 0.044 0.083 0.040 0.568 0.060 
475 OmyJC18ROGR    (1)    2 :  0.120 0.239 0.146 0.070 0.100 0.326 
476 OmyJC18ROGR    (2)    2 :  0.102 0.079 0.330 0.027 0.217 0.245 
477 OmyJC18ROGR    (0)    2 :  0.119 0.179 0.063 0.050 0.112 0.477 
478 OmyJC18ROGR    (1)    2 :  0.287 0.049 0.253 0.065 0.209 0.136 
479 OmyJC18ROGR    (1)    2 :  0.151 0.137 0.078 0.039 0.275 0.320 
480 OmyJC18ROGR    (1)    2 :  0.156 0.040 0.291 0.064 0.144 0.305 
481 OmyJC18ROGR    (1)    2 :  0.401 0.059 0.139 0.036 0.177 0.188 
482 OmyJC18ROGR    (1)    2 :  0.204 0.223 0.085 0.031 0.066 0.391 
483 OmyJC18ROGR    (0)    2 :  0.638 0.122 0.076 0.027 0.064 0.072 
484 OmyJC18ROGR    (0)    2 :  0.317 0.036 0.294 0.057 0.038 0.258 
485 OmyJC18ROGR    (0)    2 :  0.077 0.271 0.074 0.016 0.122 0.440 
486 OmyJC18ROGR    (0)    2 :  0.236 0.108 0.242 0.037 0.297 0.081 
487 OmyJC18ROGR    (1)    2 :  0.054 0.375 0.055 0.021 0.065 0.429 
488 OmyJC18ROGR    (1)    2 :  0.199 0.189 0.107 0.051 0.164 0.291 
489 OmyJC18ROGR    (1)    2 :  0.123 0.034 0.614 0.036 0.118 0.076 
490 OmyJC18ROGR    (0)    2 :  0.194 0.027 0.280 0.017 0.373 0.109 
491 OmyJC18ROGR    (0)    2 :  0.169 0.491 0.140 0.061 0.076 0.062 
492 OmyJC18ROGR    (5)    2 :  0.024 0.083 0.032 0.774 0.034 0.052 
493 OmyJC18ROGR    (1)    2 :  0.046 0.096 0.059 0.148 0.054 0.597 
494 OmyJC18ROGR    (3)    2 :  0.102 0.084 0.291 0.029 0.356 0.138 
495 OmyJC18ROGR    (1)    2 :  0.145 0.122 0.085 0.077 0.195 0.375 
496 OmyJC18ROGR    (1)    2 :  0.194 0.032 0.088 0.094 0.485 0.108 
497 OmyJC18ROGR    (1)    2 :  0.053 0.176 0.101 0.015 0.320 0.335 
498 OmyJC18ROGR    (1)    2 :  0.499 0.181 0.110 0.042 0.068 0.100 
499 OmyJC18ROGR    (1)    2 :  0.258 0.171 0.334 0.031 0.129 0.076 
500 OmyJC18ROGR    (1)    2 :  0.272 0.030 0.199 0.077 0.291 0.130 
501 OmyJC18ROGR    (2)    2 :  0.167 0.361 0.137 0.021 0.204 0.110 
502 OmyJC18ROGR    (1)    2 :  0.236 0.274 0.095 0.167 0.039 0.188 
503 OmyJC18ROGR    (2)    2 :  0.623 0.095 0.081 0.064 0.083 0.054 
504 OmyJC18ROGR    (2)    2 :  0.066 0.565 0.084 0.048 0.107 0.130 
505 OmyJC18ROGR    (2)    2 :  0.062 0.068 0.256 0.051 0.531 0.033 
506 OmyJC18ROGR    (3)    2 :  0.251 0.102 0.066 0.051 0.431 0.100 
507 OmyJC18ROGR    (1)    2 :  0.316 0.038 0.082 0.068 0.273 0.224 
508 OmyJC18ROGR    (7)    2 :  0.109 0.064 0.049 0.024 0.454 0.299 
509 OmyJC18ROGR    (1)    2 :  0.065 0.128 0.059 0.119 0.068 0.561 
510 OmyJC18ROGR    (1)    2 :  0.017 0.013 0.018 0.927 0.011 0.015 
511 OmyJC18ROGR    (2)    2 :  0.127 0.475 0.101 0.127 0.123 0.048 
512 OmyJC18ROGR    (1)    2 :  0.230 0.394 0.125 0.020 0.164 0.065 
513 OmyJC18ROGR    (3)    2 :  0.065 0.026 0.184 0.023 0.205 0.497 
514 OmyJC18ROGR    (1)    2 :  0.056 0.830 0.033 0.019 0.030 0.032 
515 OmyJC18ROGR    (5)    2 :  0.218 0.051 0.185 0.025 0.332 0.189 
516 OmyJC18ROGR    (3)    2 :  0.092 0.387 0.044 0.303 0.108 0.066 
517 OmyJC18ROGR    (1)    2 :  0.482 0.229 0.107 0.015 0.070 0.097 
518 OmyJC18ROGR    (1)    2 :  0.094 0.121 0.150 0.463 0.065 0.108 
519 OmyJC18ROGR    (0)    2 :  0.107 0.149 0.061 0.064 0.399 0.221 
520 OmyJC18ROGR    (0)    2 :  0.119 0.108 0.623 0.027 0.040 0.083 
521 OmyJC18ROGR    (2)    2 :  0.098 0.062 0.128 0.058 0.471 0.183 
522 OmyJC18ROGR    (2)    2 :  0.076 0.070 0.191 0.295 0.233 0.134 
523 OmyJC18ROGR    (1)    2 :  0.055 0.293 0.198 0.224 0.111 0.121 
524 OmyJC18ROGR    (3)    2 :  0.127 0.080 0.166 0.103 0.418 0.105 
525 OmyJC18ROGR    (1)    2 :  0.043 0.052 0.063 0.026 0.031 0.784 
526 OmyJC18ROGR    (7)    2 :  0.141 0.057 0.339 0.015 0.368 0.081 
527 OmyJC18ROGR    (4)    2 :  0.096 0.052 0.450 0.079 0.258 0.065 
528 OmyJC18ROGR    (1)    2 :  0.266 0.133 0.472 0.019 0.051 0.059 
529 OmyJC18ROGR    (2)    2 :  0.434 0.046 0.239 0.026 0.219 0.036 
530 OmyJC18ROGR    (1)    2 :  0.164 0.270 0.062 0.042 0.372 0.089 
531 OmyJC18ROGR    (2)    2 :  0.201 0.079 0.500 0.031 0.109 0.081 
532 OmyJC18ROGR    (2)    2 :  0.210 0.092 0.102 0.015 0.486 0.095 
533 OmyJC18ROGR    (5)    2 :  0.030 0.027 0.027 0.851 0.019 0.046 
534 OmyJC18ROGR    (2)    2 :  0.418 0.103 0.104 0.089 0.196 0.089 
535 OmyJC18ROGR    (3)    2 :  0.099 0.258 0.365 0.043 0.167 0.068 
536 OmyJC18ROGR    (0)    2 :  0.095 0.044 0.165 0.095 0.392 0.209 
537 OmyJC18ROGR    (3)    2 :  0.119 0.042 0.241 0.165 0.075 0.359 
538 OmyJC18ROGR    (1)    2 :  0.106 0.117 0.126 0.026 0.269 0.355 
539 OmyJC18ROGR    (1)    2 :  0.155 0.306 0.131 0.048 0.172 0.190 
540 OmyJC18ROGR    (1)    2 :  0.243 0.073 0.371 0.041 0.161 0.111 
541 OmyJC18ROGR    (5)    2 :  0.069 0.228 0.445 0.011 0.095 0.152 
542 OmyJC18ROGR    (4)    2 :  0.148 0.055 0.306 0.070 0.165 0.255 
543 OmyJC18ROGR    (2)    2 :  0.168 0.315 0.164 0.013 0.172 0.168 
544 OmyJC18ROGR    (2)    2 :  0.036 0.129 0.052 0.030 0.209 0.544 
545 OmyJC18ROGR    (2)    2 :  0.209 0.114 0.214 0.208 0.115 0.140 
546 OmyJC18ROGR    (1)    2 :  0.208 0.230 0.218 0.035 0.238 0.071 
547 OmyJC18ROGR    (1)    2 :  0.280 0.148 0.115 0.039 0.262 0.156 
548 OmyJC18ROGR    (1)    2 :  0.091 0.027 0.044 0.710 0.058 0.069 
549 OmyJC18ROGR    (1)    2 :  0.228 0.105 0.311 0.219 0.043 0.095 
550 OmyJC18ROGR    (2)    2 :  0.129 0.050 0.390 0.211 0.112 0.107 
