

----------------------------------------------------
STRUCTURE by Pritchard, Stephens and Donnelly (2000)
     and Falush, Stephens and Pritchard (2003)
       Code by Pritchard, Falush and Hubisz
             Version 2.3.4 (Jul 2012)
----------------------------------------------------



Command line arguments:   bin/structure -m "/Users/ddayan/FRA/premature_migration/Rogue_Half-Pounder/rogue_half_pounder_repo/structure/halfpounder/10k_20k_adm_corr/mainparams" -e "/Users/ddayan/FRA/premature_migration/Rogue_Half-Pounder/rogue_half_pounder_repo/structure/halfpounder/10k_20k_adm_corr/extraparams" 
Input File:    /Users/ddayan/FRA/premature_migration/Rogue_Half-Pounder/rogue_half_pounder_repo/structure/halfpounder/project_data

Run parameters:
   882 individuals
   330 loci
   5 populations assumed
   10000 Burn-in period
   20000 Reps


--------------------------------------------
Proportion of membership of each pre-defined
 population in each of the 5 clusters

Given    Inferred Clusters                     Number of
 Pop       1      2      3      4      5      Individuals

  1:     0.179  0.189  0.190  0.206  0.236      157
  2:     0.186  0.190  0.212  0.211  0.200      643
  3:     0.081  0.049  0.337  0.324  0.209       40
  4:     0.725  0.041  0.077  0.063  0.093       42
--------------------------------------------

Allele-freq. divergence among pops (Net nucleotide distance),
computed using point estimates of P.

      1       2       3       4       5      
 1      -    0.0104  0.0036  0.0035  0.0032  
 2   0.0104     -    0.0079  0.0079  0.0080  
 3   0.0036  0.0079     -    0.0011  0.0014  
 4   0.0035  0.0079  0.0011     -    0.0013  
 5   0.0032  0.0080  0.0014  0.0013     -    

Average distances (expected heterozygosity) between individuals in same cluster:
cluster  1  : 0.2803 
cluster  2  : 0.2545 
cluster  3  : 0.2859 
cluster  4  : 0.2857 
cluster  5  : 0.2847 

--------------------------------------------
Estimated Ln Prob of Data   = -248353.9
Mean value of ln likelihood = -246118.8
Variance of ln likelihood   = 4470.2
Mean value of alpha         = 0.1695

Mean value of Fst_1         = 0.0252
Mean value of Fst_2         = 0.0694
Mean value of Fst_3         = 0.0119
Mean value of Fst_4         = 0.0105
Mean value of Fst_5         = 0.0124


Inferred ancestry of individuals:
        Label (%Miss) Pop:  Inferred clusters
  1 OmyAC19ROGR    (0)    1 :  0.334 0.015 0.104 0.352 0.195 
  2 OmyAC19ROGR    (1)    1 :  0.179 0.075 0.096 0.164 0.487 
  3 OmyAC19ROGR    (1)    1 :  0.161 0.051 0.037 0.527 0.225 
  4 OmyAC19ROGR    (1)    1 :  0.135 0.029 0.325 0.342 0.170 
  5 OmyAC19ROGR    (2)    1 :  0.010 0.948 0.012 0.018 0.011 
  6 OmyAC19ROGR    (1)    1 :  0.043 0.221 0.092 0.545 0.100 
  7 OmyAC19ROGR    (1)    1 :  0.153 0.209 0.291 0.203 0.145 
  8 OmyAC19ROGR    (0)    1 :  0.094 0.013 0.092 0.078 0.724 
  9 OmyAC19ROGR    (1)    1 :  0.161 0.158 0.063 0.470 0.147 
 10 OmyAC19ROGR    (1)    1 :  0.144 0.509 0.129 0.077 0.141 
 11 OmyAC19ROGR    (0)    1 :  0.136 0.116 0.181 0.454 0.113 
 12 OmyAC19ROGR    (0)    1 :  0.068 0.114 0.140 0.583 0.095 
 13 OmyAC19ROGR    (1)    1 :  0.162 0.029 0.315 0.082 0.412 
 14 OmyAC19ROGR    (1)    1 :  0.020 0.424 0.351 0.136 0.068 
 15 OmyAC19ROGR    (2)    1 :  0.037 0.443 0.307 0.153 0.060 
 16 OmyAC19ROGR    (1)    1 :  0.133 0.102 0.381 0.199 0.184 
 17 OmyAC19ROGR    (1)    1 :  0.018 0.071 0.108 0.171 0.631 
 18 OmyAC19ROGR    (2)    1 :  0.222 0.024 0.189 0.077 0.487 
 19 OmyAC19ROGR    (1)    1 :  0.103 0.042 0.526 0.062 0.267 
 20 OmyAC19ROGR    (1)    1 :  0.021 0.215 0.426 0.252 0.087 
 21 OmyAC19ROGR    (1)    1 :  0.064 0.198 0.123 0.108 0.507 
 22 OmyAC19ROGR    (1)    1 :  0.358 0.067 0.162 0.227 0.187 
 23 OmyAC19ROGR    (1)    1 :  0.097 0.150 0.082 0.205 0.467 
 24 OmyAC19ROGR    (1)    1 :  0.857 0.018 0.028 0.059 0.038 
 25 OmyAC19ROGR    (1)    1 :  0.090 0.232 0.341 0.157 0.181 
 26 OmyAC19ROGR    (1)    1 :  0.325 0.100 0.096 0.153 0.325 
 27 OmyAC19ROGR    (1)    1 :  0.046 0.049 0.520 0.277 0.108 
 28 OmyAC19ROGR    (1)    1 :  0.894 0.020 0.018 0.035 0.034 
 29 OmyAC19ROGR    (1)    1 :  0.130 0.054 0.163 0.251 0.402 
 30 OmyAC19ROGR    (1)    1 :  0.054 0.670 0.058 0.078 0.139 
 31 OmyAC19ROGR    (1)    1 :  0.133 0.033 0.106 0.225 0.503 
 32 OmyAC19ROGR    (1)    1 :  0.136 0.096 0.123 0.066 0.579 
 33 OmyAC19ROGR    (1)    1 :  0.379 0.128 0.135 0.179 0.179 
 34 OmyAC19ROGR    (1)    1 :  0.047 0.563 0.217 0.064 0.109 
 35 OmyAC19ROGR    (0)    1 :  0.204 0.075 0.141 0.070 0.509 
 36 OmyAC19ROGR    (1)    1 :  0.069 0.160 0.076 0.282 0.412 
 37 OmyAC19ROGR    (1)    1 :  0.546 0.085 0.165 0.140 0.064 
 38 OmyAC19ROGR    (1)    1 :  0.341 0.499 0.035 0.055 0.070 
 39 OmyAC19ROGR    (1)    1 :  0.030 0.075 0.058 0.047 0.790 
 40 OmyAC19ROGR    (0)    1 :  0.031 0.299 0.227 0.352 0.091 
 41 OmyAC19ROGR    (1)    1 :  0.080 0.029 0.461 0.314 0.116 
 42 OmyAC19ROGR    (1)    1 :  0.019 0.834 0.036 0.061 0.049 
 43 OmyAC19ROGR    (1)    1 :  0.161 0.040 0.067 0.310 0.422 
 44 OmyAC19ROGR    (7)    1 :  0.070 0.044 0.070 0.333 0.483 
 45 OmyAC19ROGR    (2)    1 :  0.316 0.364 0.086 0.152 0.082 
 46 OmyAC19ROGR    (1)    1 :  0.436 0.058 0.157 0.157 0.192 
 47 OmyAC19ROGR    (0)    1 :  0.720 0.061 0.063 0.117 0.039 
 48 OmyAC19ROGR    (1)    1 :  0.142 0.043 0.060 0.441 0.313 
 49 OmyAC19ROGR    (0)    1 :  0.331 0.032 0.198 0.261 0.178 
 50 OmyAC19ROGR    (1)    1 :  0.025 0.020 0.562 0.087 0.306 
 51 OmyAC19ROGR    (2)    1 :  0.060 0.726 0.072 0.101 0.040 
 52 OmyAC19ROGR    (1)    1 :  0.033 0.867 0.029 0.030 0.042 
 53 OmyAC19ROGR    (2)    1 :  0.658 0.036 0.069 0.143 0.094 
 54 OmyAC19ROGR    (1)    1 :  0.570 0.063 0.094 0.169 0.104 
 55 OmyAC19ROGR    (3)    1 :  0.052 0.091 0.166 0.112 0.579 
 56 OmyAC19ROGR    (1)    1 :  0.465 0.077 0.275 0.098 0.086 
 57 OmyAC19ROGR    (0)    1 :  0.617 0.019 0.082 0.099 0.182 
 58 OmyAC19ROGR    (1)    1 :  0.049 0.735 0.078 0.063 0.074 
 59 OmyAC19ROGR    (0)    1 :  0.540 0.023 0.173 0.126 0.137 
 60 OmyAC19ROGR    (2)    1 :  0.081 0.134 0.273 0.369 0.144 
 61 OmyAC19ROGR    (1)    1 :  0.519 0.059 0.187 0.121 0.114 
 62 OmyAC19ROGR    (1)    1 :  0.097 0.042 0.103 0.484 0.274 
 63 OmyAC19ROGR    (0)    1 :  0.410 0.231 0.094 0.173 0.093 
 64 OmyAC19ROGR    (3)    1 :  0.093 0.050 0.204 0.532 0.121 
 65 OmyAC19ROGR    (1)    1 :  0.092 0.053 0.315 0.130 0.409 
 66 OmyAC19ROGR    (4)    1 :  0.039 0.277 0.413 0.110 0.162 
 67 OmyAC19ROGR    (0)    1 :  0.323 0.033 0.439 0.109 0.097 
 68 OmyAC19ROGR    (2)    1 :  0.492 0.045 0.058 0.224 0.181 
 69 OmyAC19ROGR    (2)    1 :  0.529 0.215 0.063 0.056 0.137 
 70 OmyAC19ROGR    (1)    1 :  0.146 0.026 0.081 0.151 0.596 
 71 OmyAC19ROGR    (0)    1 :  0.074 0.029 0.163 0.152 0.583 
 72 OmyAC19ROGR    (5)    1 :  0.125 0.021 0.119 0.586 0.149 
 73 OmyAC19ROGR    (1)    1 :  0.239 0.233 0.031 0.049 0.448 
 74 OmyAC19ROGR    (1)    1 :  0.027 0.029 0.138 0.738 0.067 
 75 OmyAC19ROGR    (1)    1 :  0.372 0.107 0.181 0.084 0.257 
 76 OmyAC19ROGR    (1)    1 :  0.676 0.047 0.066 0.097 0.114 
 77 OmyAC19ROGR    (1)    1 :  0.015 0.917 0.019 0.032 0.018 
 78 OmyAC19ROGR    (1)    1 :  0.106 0.040 0.110 0.166 0.577 
 79 OmyAC19ROGR    (2)    1 :  0.079 0.036 0.107 0.064 0.715 
 80 OmyAC19ROGR    (2)    1 :  0.075 0.755 0.062 0.061 0.046 
 81 OmyAC19ROGR    (2)    1 :  0.097 0.440 0.131 0.215 0.117 
 82 OmyAC19ROGR    (1)    1 :  0.605 0.019 0.064 0.166 0.146 
 83 OmyAC19ROGR    (0)    1 :  0.236 0.042 0.175 0.151 0.396 
 84 OmyAC19ROGR    (1)    1 :  0.061 0.179 0.376 0.189 0.195 
 85 OmyAC19ROGR    (6)    1 :  0.089 0.024 0.144 0.070 0.674 
 86 OmyAC19ROGR    (1)    1 :  0.024 0.066 0.514 0.290 0.106 
 87 OmyAC19ROGR    (2)    1 :  0.307 0.034 0.209 0.345 0.106 
 88 OmyJC19ROGR    (0)    2 :  0.020 0.854 0.039 0.024 0.063 
 89 OmyJC19ROGR    (1)    2 :  0.073 0.057 0.417 0.128 0.324 
 90 OmyJC19ROGR    (1)    2 :  0.018 0.897 0.023 0.033 0.028 
 91 OmyJC19ROGR    (2)    2 :  0.330 0.013 0.288 0.234 0.136 
 92 OmyJC19ROGR    (1)    2 :  0.581 0.040 0.082 0.083 0.215 
 93 OmyJC19ROGR    (1)    2 :  0.822 0.015 0.028 0.053 0.082 
 94 OmyJC19ROGR    (1)    2 :  0.035 0.147 0.123 0.167 0.527 
 95 OmyJC19ROGR    (0)    2 :  0.031 0.190 0.107 0.218 0.455 
 96 OmyJC19ROGR    (2)    2 :  0.081 0.078 0.401 0.234 0.205 
 97 OmyJC19ROGR    (1)    2 :  0.758 0.108 0.020 0.028 0.086 
 98 OmyJC19ROGR    (0)    2 :  0.130 0.038 0.361 0.189 0.282 
 99 OmyJC19ROGR    (0)    2 :  0.468 0.108 0.235 0.090 0.099 
100 OmyJC19ROGR    (1)    2 :  0.065 0.031 0.053 0.090 0.761 
101 OmyJC19ROGR    (1)    2 :  0.125 0.517 0.088 0.101 0.169 
102 OmyJC19ROGR    (1)    2 :  0.042 0.064 0.602 0.177 0.115 
103 OmyJC19ROGR    (2)    2 :  0.182 0.172 0.144 0.187 0.315 
104 OmyJC19ROGR    (1)    2 :  0.558 0.031 0.077 0.108 0.226 
105 OmyJC19ROGR    (1)    2 :  0.598 0.168 0.062 0.147 0.025 
106 OmyJC19ROGR    (1)    2 :  0.035 0.919 0.015 0.017 0.014 
107 OmyJC19ROGR    (2)    2 :  0.104 0.083 0.621 0.124 0.068 
108 OmyJC19ROGR    (0)    2 :  0.247 0.055 0.310 0.186 0.203 
109 OmyJC19ROGR    (1)    2 :  0.024 0.215 0.382 0.240 0.139 
110 OmyJC19ROGR    (1)    2 :  0.488 0.170 0.083 0.118 0.141 
111 OmyJC19ROGR    (1)    2 :  0.501 0.058 0.152 0.150 0.139 
112 OmyJC19ROGR    (2)    2 :  0.040 0.092 0.204 0.347 0.317 
113 OmyJC19ROGR    (1)    2 :  0.044 0.528 0.173 0.117 0.139 
114 OmyJC19ROGR    (3)    2 :  0.059 0.040 0.141 0.118 0.642 
115 OmyJC19ROGR    (2)    2 :  0.386 0.042 0.030 0.481 0.061 
116 OmyJC19ROGR    (0)    2 :  0.069 0.078 0.098 0.184 0.571 
117 OmyJC19ROGR    (1)    2 :  0.041 0.162 0.153 0.114 0.530 
118 OmyJC19ROGR    (1)    2 :  0.187 0.030 0.276 0.085 0.421 
119 OmyJC19ROGR    (3)    2 :  0.043 0.056 0.596 0.154 0.151 
120 OmyJC19ROGR    (1)    2 :  0.860 0.013 0.049 0.046 0.031 
121 OmyJC19ROGR    (0)    2 :  0.038 0.041 0.276 0.215 0.430 
122 OmyJC19ROGR    (1)    2 :  0.212 0.061 0.209 0.215 0.302 
123 OmyJC19ROGR    (1)    2 :  0.229 0.022 0.267 0.196 0.286 
124 OmyJC19ROGR    (0)    2 :  0.045 0.118 0.088 0.578 0.172 
125 OmyJC19ROGR    (1)    2 :  0.608 0.088 0.046 0.123 0.134 
126 OmyJC19ROGR    (1)    2 :  0.055 0.692 0.043 0.123 0.088 
127 OmyJC19ROGR    (1)    2 :  0.048 0.049 0.796 0.064 0.043 
128 OmyJC19ROGR    (1)    2 :  0.761 0.029 0.082 0.043 0.084 
129 OmyJC19ROGR    (1)    2 :  0.064 0.194 0.055 0.050 0.637 
130 OmyJC19ROGR    (1)    2 :  0.026 0.059 0.086 0.628 0.202 
131 OmyJC19ROGR    (1)    2 :  0.121 0.063 0.067 0.153 0.596 
132 OmyJC19ROGR    (1)    2 :  0.540 0.035 0.139 0.199 0.087 
133 OmyJC19ROGR    (1)    2 :  0.062 0.025 0.116 0.181 0.615 
134 OmyJC19ROGR    (1)    2 :  0.047 0.043 0.750 0.078 0.081 
135 OmyJC19ROGR    (1)    2 :  0.901 0.019 0.026 0.031 0.024 
136 OmyJC19ROGR    (3)    2 :  0.133 0.035 0.329 0.163 0.340 
137 OmyJC19ROGR    (1)    2 :  0.041 0.201 0.213 0.455 0.090 
138 OmyJC19ROGR    (1)    2 :  0.024 0.715 0.043 0.081 0.137 
139 OmyJC19ROGR    (2)    2 :  0.041 0.016 0.077 0.142 0.724 
140 OmyJC19ROGR    (3)    2 :  0.051 0.098 0.147 0.105 0.599 
141 OmyJC19ROGR    (0)    2 :  0.130 0.340 0.099 0.084 0.348 
142 OmyJC19ROGR    (1)    2 :  0.208 0.307 0.194 0.169 0.122 
143 OmyJC19ROGR    (0)    2 :  0.730 0.052 0.036 0.093 0.089 
144 OmyJC19ROGR    (1)    2 :  0.038 0.009 0.034 0.082 0.837 
145 OmyJC19ROGR    (1)    2 :  0.034 0.020 0.091 0.778 0.076 
146 OmyJC19ROGR    (2)    2 :  0.586 0.047 0.084 0.083 0.200 
147 OmyJC19ROGR    (1)    2 :  0.096 0.053 0.595 0.189 0.068 
148 OmyJC19ROGR    (1)    2 :  0.172 0.017 0.393 0.303 0.116 
149 OmyJC19ROGR    (2)    2 :  0.375 0.064 0.293 0.111 0.157 
150 OmyJC19ROGR    (2)    2 :  0.520 0.057 0.207 0.080 0.136 
151 OmyJC19ROGR    (1)    2 :  0.104 0.066 0.085 0.069 0.677 
152 OmyJC19ROGR    (0)    2 :  0.103 0.049 0.271 0.531 0.046 
153 OmyJC19ROGR    (1)    2 :  0.882 0.027 0.040 0.027 0.024 
154 OmyJC19ROGR    (2)    2 :  0.045 0.049 0.443 0.352 0.111 
155 OmyJC19ROGR    (1)    2 :  0.238 0.093 0.162 0.282 0.225 
156 OmyJC19ROGR    (1)    2 :  0.170 0.107 0.282 0.354 0.087 
157 OmyJC19ROGR    (0)    2 :  0.205 0.066 0.092 0.382 0.255 
158 OmyJC19ROGR    (2)    2 :  0.170 0.020 0.405 0.137 0.268 
159 OmyJC19ROGR    (1)    2 :  0.031 0.042 0.275 0.450 0.202 
160 OmyJC19ROGR    (0)    2 :  0.234 0.044 0.469 0.169 0.084 
161 OmyJC19ROGR    (1)    2 :  0.432 0.035 0.152 0.209 0.173 
162 OmyJC19ROGR    (1)    2 :  0.252 0.063 0.305 0.257 0.123 
163 OmyJC19ROGR    (1)    2 :  0.629 0.049 0.153 0.105 0.063 
164 OmyJC19ROGR    (1)    2 :  0.063 0.022 0.347 0.387 0.181 
165 OmyJC19ROGR    (0)    2 :  0.191 0.018 0.154 0.423 0.214 
166 OmyJC19ROGR    (0)    2 :  0.050 0.047 0.192 0.571 0.139 
167 OmyJC19ROGR    (2)    2 :  0.345 0.090 0.277 0.171 0.117 
168 OmyJC19ROGR    (0)    2 :  0.053 0.043 0.131 0.072 0.701 
169 OmyJC19ROGR    (1)    2 :  0.012 0.926 0.022 0.017 0.024 
170 OmyJC19ROGR    (1)    2 :  0.659 0.061 0.076 0.103 0.101 
171 OmyJC19ROGR    (1)    2 :  0.094 0.028 0.284 0.208 0.386 
172 OmyJC19ROGR    (0)    2 :  0.301 0.362 0.135 0.062 0.139 
173 OmyJC19ROGR    (1)    2 :  0.022 0.924 0.023 0.019 0.013 
174 OmyJC19ROGR    (0)    2 :  0.076 0.031 0.068 0.642 0.183 
175 OmyJC19ROGR    (1)    2 :  0.071 0.030 0.171 0.173 0.555 
176 OmyJC19ROGR    (1)    2 :  0.530 0.042 0.265 0.038 0.126 
177 OmyJC19ROGR    (1)    2 :  0.820 0.010 0.042 0.090 0.038 
178 OmyJC19ROGR    (0)    2 :  0.025 0.041 0.429 0.415 0.091 
179 OmyJC19ROGR    (1)    2 :  0.456 0.020 0.116 0.184 0.223 
180 OmyJC19ROGR    (1)    2 :  0.054 0.823 0.031 0.035 0.057 
181 OmyJC19ROGR    (1)    2 :  0.066 0.038 0.370 0.359 0.167 
182 OmyJC19ROGR    (1)    2 :  0.037 0.079 0.085 0.066 0.733 
183 OmyJC19ROGR    (1)    2 :  0.107 0.030 0.215 0.235 0.413 
184 OmyJC19ROGR    (1)    2 :  0.061 0.530 0.165 0.065 0.179 
185 OmyJC19ROGR    (2)    2 :  0.045 0.010 0.041 0.035 0.869 
186 OmyJC19ROGR    (1)    2 :  0.424 0.086 0.043 0.073 0.374 
187 OmyJC19ROGR    (0)    2 :  0.044 0.021 0.062 0.838 0.035 
188 OmyJC19ROGR    (1)    2 :  0.089 0.047 0.061 0.156 0.647 
189 OmyJC19ROGR    (0)    2 :  0.281 0.125 0.153 0.076 0.366 
190 OmyJC19ROGR    (0)    2 :  0.649 0.039 0.177 0.074 0.062 
191 OmyJC19ROGR    (2)    2 :  0.616 0.035 0.046 0.219 0.084 
192 OmyJC19ROGR    (1)    2 :  0.018 0.027 0.873 0.042 0.039 
193 OmyJC19ROGR    (1)    2 :  0.115 0.111 0.313 0.331 0.130 
194 OmyJC19ROGR    (0)    2 :  0.030 0.009 0.890 0.044 0.026 
195 OmyJC19ROGR    (1)    2 :  0.017 0.826 0.059 0.043 0.054 
196 OmyJC19ROGR    (1)    2 :  0.023 0.024 0.053 0.732 0.168 
197 OmyJC19ROGR    (1)    2 :  0.474 0.053 0.098 0.151 0.225 
198 OmyJC19ROGR    (1)    2 :  0.050 0.769 0.101 0.040 0.040 
199 OmyJC19ROGR    (0)    2 :  0.044 0.025 0.085 0.138 0.708 
200 OmyJC19ROGR    (0)    2 :  0.726 0.046 0.045 0.109 0.074 
201 OmyJC19ROGR    (1)    2 :  0.062 0.022 0.500 0.300 0.117 
202 OmyJC19ROGR    (0)    2 :  0.850 0.011 0.051 0.055 0.032 
203 OmyJC19ROGR    (0)    2 :  0.148 0.035 0.190 0.440 0.187 
204 OmyJC19ROGR    (1)    2 :  0.157 0.051 0.273 0.341 0.179 
205 OmyJC19ROGR    (1)    2 :  0.079 0.089 0.094 0.619 0.119 
206 OmyJC19ROGR    (1)    2 :  0.037 0.842 0.044 0.029 0.047 
207 OmyJC19ROGR    (1)    2 :  0.090 0.224 0.165 0.427 0.094 
208 OmyJC19ROGR    (1)    2 :  0.054 0.029 0.194 0.372 0.351 
209 OmyJC19ROGR    (0)    2 :  0.148 0.507 0.058 0.054 0.234 
210 OmyJC19ROGR    (1)    2 :  0.013 0.927 0.020 0.021 0.019 
211 OmyJC19ROGR    (0)    2 :  0.076 0.160 0.240 0.209 0.315 
212 OmyJC19ROGR    (1)    2 :  0.387 0.186 0.233 0.137 0.058 
213 OmyJC19ROGR    (1)    2 :  0.060 0.027 0.059 0.440 0.414 
214 OmyJC19ROGR    (1)    2 :  0.034 0.036 0.112 0.790 0.027 
215 OmyJC19ROGR    (1)    2 :  0.053 0.021 0.797 0.043 0.086 
216 OmyJC19ROGR    (1)    2 :  0.019 0.837 0.029 0.061 0.054 
217 OmyJC19ROGR    (1)    2 :  0.077 0.378 0.280 0.170 0.095 
218 OmyJC19ROGR    (1)    2 :  0.531 0.031 0.067 0.271 0.101 
219 OmyJC19ROGR    (1)    2 :  0.025 0.105 0.461 0.298 0.111 
220 OmyJC19ROGR    (1)    2 :  0.125 0.013 0.534 0.124 0.204 
221 OmyJC19ROGR    (0)    2 :  0.056 0.239 0.053 0.519 0.133 
222 OmyJC19ROGR    (1)    2 :  0.235 0.031 0.265 0.294 0.175 
223 OmyJC19ROGR    (0)    2 :  0.077 0.067 0.326 0.426 0.104 
224 OmyJC19ROGR    (1)    2 :  0.080 0.027 0.481 0.264 0.148 
225 OmyJC19ROGR    (1)    2 :  0.017 0.928 0.020 0.018 0.017 
226 OmyJC19ROGR    (0)    2 :  0.031 0.160 0.120 0.098 0.591 
227 OmyJC19ROGR    (1)    2 :  0.043 0.889 0.020 0.027 0.022 
228 OmyJC19ROGR    (1)    2 :  0.039 0.047 0.274 0.517 0.124 
229 OmyJC19ROGR    (2)    2 :  0.106 0.023 0.053 0.235 0.582 
230 OmyJC19ROGR    (1)    2 :  0.177 0.185 0.105 0.374 0.159 
231 OmyJC19ROGR    (1)    2 :  0.044 0.068 0.210 0.486 0.192 
232 OmyJC19ROGR    (2)    2 :  0.170 0.043 0.134 0.237 0.416 
233 OmyJC19ROGR    (1)    2 :  0.079 0.088 0.395 0.270 0.167 
234 OmyJC19ROGR    (1)    2 :  0.025 0.907 0.020 0.017 0.030 
235 OmyJC19ROGR    (0)    2 :  0.073 0.475 0.337 0.047 0.068 
236 OmyJC19ROGR    (1)    2 :  0.225 0.024 0.408 0.285 0.057 
237 OmyJC19ROGR    (1)    2 :  0.176 0.091 0.377 0.203 0.152 
238 OmyJC19ROGR    (0)    2 :  0.040 0.112 0.508 0.297 0.042 
239 OmyJC19ROGR    (1)    2 :  0.033 0.072 0.632 0.040 0.222 
240 OmyJC19ROGR    (1)    2 :  0.052 0.038 0.087 0.340 0.483 
241 OmyJC19ROGR    (0)    2 :  0.489 0.078 0.112 0.076 0.245 
242 OmyJC19ROGR    (1)    2 :  0.126 0.013 0.740 0.033 0.087 
243 OmyJC19ROGR    (1)    2 :  0.423 0.051 0.160 0.202 0.163 
244 OmyJC19ROGR    (1)    2 :  0.259 0.057 0.086 0.433 0.164 
245 OmyJC19ROGR    (0)    2 :  0.017 0.930 0.015 0.017 0.021 
246 OmyJC19ROGR    (1)    2 :  0.642 0.166 0.069 0.076 0.046 
247 OmyJC19ROGR    (0)    2 :  0.116 0.519 0.112 0.131 0.123 
248 OmyJC19ROGR    (1)    2 :  0.054 0.466 0.060 0.041 0.379 
249 OmyJC19ROGR    (1)    2 :  0.055 0.057 0.097 0.609 0.182 
250 OmyJC19ROGR    (0)    2 :  0.109 0.083 0.153 0.165 0.490 
251 OmyJC19ROGR    (1)    2 :  0.081 0.050 0.283 0.396 0.190 
252 OmyJC19ROGR    (0)    2 :  0.794 0.032 0.038 0.078 0.059 
253 OmyJC19ROGR    (0)    2 :  0.037 0.060 0.169 0.054 0.680 
254 OmyJC19ROGR    (1)    2 :  0.408 0.049 0.161 0.220 0.163 
255 OmyJC19ROGR    (1)    2 :  0.584 0.027 0.061 0.264 0.065 
256 OmyJC19ROGR    (1)    2 :  0.388 0.263 0.107 0.199 0.043 
257 OmyJC19ROGR    (0)    2 :  0.066 0.067 0.078 0.608 0.182 
258 OmyAC19ROGR    (1)    1 :  0.171 0.228 0.157 0.236 0.208 
259 OmyAC19ROGR    (2)    1 :  0.069 0.498 0.228 0.095 0.110 
260 OmyAC19ROGR    (1)    1 :  0.085 0.020 0.424 0.084 0.388 
261 OmyAC19ROGR    (0)    1 :  0.045 0.044 0.164 0.237 0.510 
262 OmyAC19ROGR    (1)    1 :  0.207 0.127 0.170 0.183 0.313 
263 OmyAC19ROGR    (0)    1 :  0.551 0.026 0.117 0.246 0.060 
264 OmyAC19ROGR    (1)    1 :  0.065 0.055 0.212 0.506 0.162 
265 OmyAC19ROGR    (1)    1 :  0.096 0.041 0.512 0.275 0.077 
266 OmyAC19ROGR    (1)    1 :  0.050 0.016 0.074 0.685 0.175 
267 OmyAC19ROGR    (1)    1 :  0.095 0.128 0.257 0.138 0.382 
268 OmyAC19ROGR    (2)    1 :  0.454 0.135 0.102 0.123 0.187 
269 OmyAC19ROGR    (1)    1 :  0.044 0.114 0.092 0.051 0.699 
270 OmyAC19ROGR    (1)    1 :  0.513 0.027 0.040 0.300 0.119 
271 OmyAC19ROGR    (1)    1 :  0.055 0.275 0.101 0.072 0.497 
272 OmyAC19ROGR    (0)    1 :  0.033 0.187 0.233 0.357 0.190 
273 OmyAC19ROGR    (0)    1 :  0.100 0.034 0.183 0.066 0.617 
274 OmyAC19ROGR    (1)    1 :  0.030 0.793 0.040 0.051 0.086 
275 OmyAC19ROGR    (1)    1 :  0.258 0.112 0.318 0.152 0.160 
276 OmyAC19ROGR    (1)    1 :  0.050 0.053 0.606 0.128 0.164 
277 OmyAC19ROGR    (1)    1 :  0.041 0.081 0.201 0.260 0.419 
278 OmyAC19ROGR    (1)    1 :  0.048 0.296 0.209 0.323 0.123 
279 OmyAC19ROGR    (0)    1 :  0.048 0.204 0.435 0.152 0.160 
280 OmyAC19ROGR    (1)    1 :  0.352 0.118 0.075 0.293 0.161 
281 OmyAC19ROGR    (1)    1 :  0.052 0.039 0.131 0.124 0.654 
282 OmyAC19ROGR    (1)    1 :  0.152 0.202 0.191 0.177 0.278 
283 OmyAC19ROGR    (1)    1 :  0.065 0.045 0.339 0.241 0.311 
284 OmyAC19ROGR    (0)    1 :  0.139 0.024 0.132 0.554 0.152 
285 OmyAC19ROGR    (1)    1 :  0.295 0.046 0.346 0.157 0.155 
286 OmyAC19ROGR    (1)    1 :  0.135 0.022 0.460 0.207 0.176 
287 OmyAC19ROGR    (1)    1 :  0.009 0.957 0.011 0.009 0.014 
288 OmyAC19ROGR    (1)    1 :  0.048 0.769 0.078 0.041 0.065 
289 OmyAC19ROGR    (1)    1 :  0.038 0.114 0.242 0.119 0.487 
290 OmyAC19ROGR    (1)    1 :  0.017 0.933 0.016 0.015 0.019 
291 OmyAC19ROGR    (1)    1 :  0.180 0.431 0.152 0.157 0.080 
292 OmyAC19ROGR    (1)    1 :  0.056 0.235 0.105 0.127 0.476 
293 OmyAC19ROGR    (1)    1 :  0.655 0.029 0.080 0.089 0.148 
294 OmyAC19ROGR    (1)    1 :  0.044 0.193 0.342 0.299 0.122 
295 OmyAC19ROGR    (0)    1 :  0.127 0.023 0.232 0.246 0.371 
296 OmyAC19ROGR    (0)    1 :  0.088 0.028 0.517 0.247 0.120 
297 OmyAC19ROGR    (1)    1 :  0.022 0.808 0.041 0.080 0.049 
298 OmyAC19ROGR    (0)    1 :  0.039 0.017 0.499 0.398 0.048 
299 OmyAC19ROGR    (1)    1 :  0.305 0.198 0.322 0.123 0.052 
300 OmyAC19ROGR    (1)    1 :  0.074 0.035 0.238 0.199 0.455 
301 OmyAC19ROGR    (0)    1 :  0.015 0.888 0.029 0.032 0.036 
302 OmyAC19ROGR    (1)    1 :  0.052 0.427 0.226 0.233 0.062 
303 OmyAC19ROGR    (1)    1 :  0.042 0.119 0.156 0.069 0.615 
304 OmyAC19ROGR    (1)    1 :  0.080 0.139 0.471 0.101 0.208 
305 OmyAC19ROGR    (1)    1 :  0.079 0.029 0.414 0.230 0.249 
306 OmyAC19ROGR    (1)    1 :  0.014 0.631 0.067 0.132 0.156 
307 OmyAC19ROGR    (2)    1 :  0.235 0.022 0.217 0.249 0.277 
308 OmyAC19ROGR    (0)    1 :  0.053 0.090 0.381 0.283 0.193 
309 OmyAC19ROGR    (2)    1 :  0.025 0.902 0.023 0.023 0.027 
310 OmyAC19ROGR    (0)    1 :  0.071 0.449 0.170 0.108 0.202 
311 OmyAC19ROGR    (0)    1 :  0.042 0.504 0.312 0.065 0.076 
312 OmyAC19ROGR    (0)    1 :  0.603 0.038 0.136 0.100 0.124 
313 OmyAC19ROGR    (1)    1 :  0.110 0.015 0.447 0.356 0.072 
314 OmyAC19ROGR    (0)    1 :  0.665 0.041 0.115 0.069 0.110 
315 OmyAC19ROGR    (1)    1 :  0.079 0.048 0.115 0.302 0.456 
316 OmyAC19ROGR    (1)    1 :  0.070 0.027 0.433 0.347 0.123 
317 OmyAC19ROGR    (1)    1 :  0.159 0.030 0.057 0.036 0.718 
318 OmyAC19ROGR    (1)    1 :  0.487 0.027 0.084 0.201 0.201 
319 OmyAC19ROGR    (1)    1 :  0.110 0.016 0.289 0.128 0.458 
320 OmyAC19ROGR    (0)    1 :  0.060 0.015 0.188 0.700 0.038 
321 OmyAC19ROGR    (1)    1 :  0.060 0.023 0.253 0.420 0.243 
322 OmyAC19ROGR    (0)    1 :  0.050 0.302 0.126 0.130 0.393 
323 OmyAC19ROGR    (1)    1 :  0.026 0.024 0.403 0.417 0.130 
324 OmyAC19ROGR    (1)    1 :  0.137 0.025 0.105 0.684 0.048 
325 OmyAC19ROGR    (1)    1 :  0.035 0.354 0.076 0.135 0.401 
326 OmyAC19ROGR    (1)    1 :  0.047 0.047 0.171 0.483 0.252 
327 OmyAC19ROGR    (1)    1 :  0.128 0.034 0.193 0.612 0.033 
328 OmyJC18ROGR    (1)    2 :  0.628 0.045 0.124 0.144 0.059 
329 OmyJC18ROGR    (0)    2 :  0.059 0.050 0.127 0.397 0.367 
330 OmyJC18ROGR    (0)    2 :  0.021 0.065 0.121 0.652 0.142 
331 OmyJC18ROGR    (1)    2 :  0.066 0.654 0.103 0.103 0.073 
332 OmyJC18ROGR    (1)    2 :  0.070 0.725 0.086 0.043 0.077 
333 OmyJC18ROGR    (1)    2 :  0.021 0.830 0.040 0.029 0.079 
334 OmyJC18ROGR    (1)    2 :  0.166 0.177 0.070 0.433 0.153 
335 OmyJC18ROGR    (0)    2 :  0.497 0.023 0.173 0.216 0.090 
336 OmyJC18ROGR    (1)    2 :  0.024 0.858 0.039 0.033 0.046 
337 OmyJC18ROGR    (1)    2 :  0.034 0.032 0.230 0.252 0.452 
338 OmyJC18ROGR    (1)    2 :  0.021 0.871 0.045 0.032 0.031 
339 OmyJC18ROGR    (1)    2 :  0.031 0.037 0.071 0.131 0.731 
340 OmyJC18ROGR    (0)    2 :  0.529 0.123 0.160 0.119 0.069 
341 OmyJC18ROGR    (1)    2 :  0.204 0.015 0.540 0.123 0.118 
342 OmyJC18ROGR    (2)    2 :  0.094 0.355 0.279 0.149 0.123 
343 OmyJC18ROGR    (2)    2 :  0.233 0.319 0.136 0.124 0.188 
344 OmyJC18ROGR    (3)    2 :  0.111 0.439 0.189 0.059 0.201 
345 OmyJC18ROGR    (2)    2 :  0.087 0.686 0.068 0.108 0.050 
346 OmyJC18ROGR    (4)    2 :  0.022 0.022 0.052 0.834 0.071 
347 OmyJC18ROGR    (3)    2 :  0.038 0.047 0.421 0.126 0.369 
348 OmyJC18ROGR    (1)    2 :  0.076 0.177 0.158 0.231 0.357 
349 OmyJC18ROGR    (1)    2 :  0.039 0.027 0.711 0.126 0.098 
350 OmyJC18ROGR    (1)    2 :  0.032 0.039 0.530 0.281 0.118 
351 OmyJC18ROGR    (0)    2 :  0.029 0.731 0.120 0.032 0.088 
352 OmyJC18ROGR    (4)    2 :  0.077 0.396 0.249 0.210 0.068 
353 OmyJC18ROGR    (2)    2 :  0.178 0.171 0.131 0.354 0.167 
354 OmyJC18ROGR    (1)    2 :  0.042 0.062 0.091 0.210 0.595 
355 OmyJC18ROGR    (2)    2 :  0.044 0.031 0.086 0.291 0.550 
356 OmyJC18ROGR    (1)    2 :  0.456 0.037 0.198 0.226 0.083 
357 OmyJC18ROGR    (2)    2 :  0.224 0.666 0.035 0.031 0.045 
358 OmyJC18ROGR    (2)    2 :  0.409 0.015 0.186 0.133 0.257 
359 OmyJC18ROGR    (3)    2 :  0.085 0.068 0.467 0.104 0.276 
360 OmyJC18ROGR    (0)    2 :  0.388 0.043 0.111 0.166 0.292 
361 OmyJC18ROGR    (1)    2 :  0.051 0.013 0.103 0.767 0.066 
362 OmyJC18ROGR    (1)    2 :  0.072 0.186 0.203 0.401 0.138 
363 OmyJC18ROGR    (2)    2 :  0.172 0.214 0.092 0.172 0.350 
364 OmyJC18ROGR    (3)    2 :  0.050 0.016 0.673 0.115 0.146 
365 OmyJC18ROGR    (4)    2 :  0.034 0.032 0.224 0.434 0.276 
366 OmyJC18ROGR    (4)    2 :  0.405 0.033 0.291 0.168 0.104 
367 OmyJC18ROGR    (3)    2 :  0.029 0.791 0.045 0.072 0.063 
368 OmyJC18ROGR    (3)    2 :  0.069 0.365 0.253 0.142 0.171 
369 OmyJC18ROGR    (2)    2 :  0.287 0.070 0.113 0.121 0.407 
370 OmyJC18ROGR    (3)    2 :  0.082 0.053 0.258 0.273 0.334 
371 OmyJC18ROGR    (1)    2 :  0.134 0.032 0.204 0.223 0.407 
372 OmyJC18ROGR    (3)    2 :  0.120 0.078 0.444 0.168 0.191 
373 OmyJC18ROGR    (5)    2 :  0.511 0.092 0.090 0.171 0.136 
374 OmyJC18ROGR    (5)    2 :  0.795 0.017 0.071 0.040 0.076 
375 OmyJC18ROGR    (3)    2 :  0.047 0.089 0.157 0.297 0.410 
376 OmyJC18ROGR    (3)    2 :  0.020 0.895 0.027 0.031 0.027 
377 OmyJC18ROGR    (4)    2 :  0.456 0.218 0.075 0.125 0.124 
378 OmyJC18ROGR    (0)    2 :  0.186 0.057 0.448 0.098 0.211 
379 OmyJC18ROGR    (5)    2 :  0.139 0.086 0.463 0.225 0.087 
380 OmyJC18ROGR    (4)    2 :  0.117 0.117 0.091 0.164 0.511 
381 OmyJC18ROGR    (1)    2 :  0.116 0.047 0.298 0.114 0.425 
382 OmyJC18ROGR    (1)    2 :  0.127 0.033 0.351 0.277 0.212 
383 OmyJC18ROGR    (3)    2 :  0.055 0.422 0.075 0.184 0.265 
384 OmyJC18ROGR    (2)    2 :  0.027 0.152 0.649 0.137 0.035 
385 OmyJC18ROGR    (4)    2 :  0.027 0.048 0.151 0.585 0.189 
386 OmyJC18ROGR    (2)    2 :  0.033 0.359 0.279 0.224 0.104 
387 OmyJC18ROGR    (1)    2 :  0.278 0.291 0.182 0.117 0.132 
388 OmyJC18ROGR    (6)    2 :  0.252 0.048 0.098 0.109 0.494 
389 OmyJC18ROGR    (1)    2 :  0.050 0.105 0.259 0.179 0.407 
390 OmyJC18ROGR    (1)    2 :  0.076 0.063 0.319 0.385 0.156 
391 OmyJC18ROGR    (3)    2 :  0.042 0.867 0.033 0.029 0.030 
392 OmyJC18ROGR    (2)    2 :  0.243 0.030 0.166 0.319 0.242 
393 OmyJC18ROGR    (4)    2 :  0.759 0.065 0.039 0.081 0.056 
394 OmyJC18ROGR    (3)    2 :  0.022 0.770 0.055 0.071 0.083 
395 OmyJC18ROGR    (7)    2 :  0.361 0.178 0.075 0.117 0.269 
396 OmyJC18ROGR    (4)    2 :  0.213 0.549 0.104 0.083 0.051 
397 OmyJC18ROGR    (1)    2 :  0.119 0.046 0.223 0.343 0.269 
398 OmyJC18ROGR    (3)    2 :  0.118 0.185 0.101 0.413 0.184 
399 OmyJC18ROGR    (2)    2 :  0.212 0.284 0.084 0.095 0.325 
400 OmyJC18ROGR    (0)    2 :  0.082 0.047 0.252 0.468 0.150 
401 OmyJC18ROGR    (6)    2 :  0.704 0.058 0.061 0.074 0.103 
402 OmyJC18ROGR    (5)    2 :  0.397 0.230 0.043 0.120 0.210 
403 OmyJC18ROGR    (1)    2 :  0.222 0.131 0.135 0.159 0.353 
404 OmyJC18ROGR    (2)    2 :  0.036 0.102 0.158 0.163 0.541 
405 OmyJC18ROGR    (3)    2 :  0.083 0.032 0.478 0.317 0.090 
406 OmyJC18ROGR    (2)    2 :  0.038 0.038 0.183 0.395 0.346 
407 OmyJC18ROGR    (2)    2 :  0.189 0.097 0.607 0.067 0.040 
408 OmyJC18ROGR    (2)    2 :  0.238 0.076 0.510 0.132 0.045 
409 OmyJC18ROGR    (1)    2 :  0.277 0.032 0.125 0.421 0.146 
410 OmyJC18ROGR    (1)    2 :  0.056 0.027 0.289 0.509 0.119 
411 OmyJC18ROGR    (1)    2 :  0.060 0.027 0.049 0.272 0.593 
412 OmyJC18ROGR    (0)    2 :  0.041 0.019 0.537 0.282 0.121 
413 OmyJC18ROGR    (1)    2 :  0.028 0.030 0.064 0.799 0.079 
414 OmyJC18ROGR    (2)    2 :  0.047 0.020 0.312 0.114 0.507 
415 OmyJC18ROGR    (2)    2 :  0.158 0.018 0.059 0.353 0.412 
416 OmyJC18ROGR    (3)    2 :  0.041 0.062 0.168 0.340 0.389 
417 OmyJC18ROGR    (1)    2 :  0.381 0.040 0.197 0.316 0.067 
418 OmyJC18ROGR    (0)    2 :  0.749 0.036 0.028 0.114 0.074 
419 OmyJC18ROGR    (1)    2 :  0.290 0.025 0.155 0.279 0.251 
420 OmyJC18ROGR    (0)    2 :  0.035 0.031 0.056 0.613 0.265 
421 OmyJC18ROGR    (1)    2 :  0.064 0.043 0.602 0.176 0.114 
422 OmyJC18ROGR    (6)    2 :  0.047 0.032 0.047 0.066 0.808 
423 OmyJC18ROGR    (2)    2 :  0.104 0.040 0.087 0.589 0.179 
424 OmyJC18ROGR    (1)    2 :  0.158 0.199 0.087 0.513 0.043 
425 OmyJC18ROGR    (1)    2 :  0.040 0.256 0.195 0.264 0.244 
426 OmyJC18ROGR    (3)    2 :  0.162 0.036 0.268 0.438 0.096 
427 OmyJC18ROGR    (2)    2 :  0.017 0.624 0.180 0.069 0.111 
428 OmyJC18ROGR    (6)    2 :  0.031 0.014 0.073 0.832 0.050 
429 OmyJC18ROGR    (1)    2 :  0.024 0.155 0.166 0.178 0.477 
430 OmyJC18ROGR    (1)    2 :  0.106 0.099 0.084 0.088 0.622 
431 OmyJC18ROGR    (0)    2 :  0.043 0.040 0.166 0.553 0.199 
432 OmyJC18ROGR    (2)    2 :  0.043 0.806 0.062 0.039 0.049 
433 OmyJC18ROGR    (2)    2 :  0.616 0.082 0.090 0.044 0.167 
434 OmyJC18ROGR    (2)    2 :  0.044 0.063 0.071 0.115 0.708 
435 OmyJC18ROGR    (8)    2 :  0.136 0.061 0.155 0.592 0.056 
436 OmyJC18ROGR    (2)    2 :  0.132 0.035 0.148 0.556 0.128 
437 OmyJC18ROGR    (4)    2 :  0.218 0.028 0.184 0.348 0.221 
438 OmyJC18ROGR    (1)    2 :  0.788 0.055 0.035 0.069 0.053 
439 OmyJC18ROGR    (2)    2 :  0.069 0.484 0.075 0.082 0.291 
440 OmyJC18ROGR    (0)    2 :  0.795 0.079 0.027 0.040 0.059 
441 OmyJC18ROGR    (1)    2 :  0.031 0.022 0.824 0.053 0.070 
442 OmyJC18ROGR    (6)    2 :  0.128 0.094 0.402 0.072 0.303 
443 OmyJC18ROGR    (1)    2 :  0.039 0.019 0.527 0.242 0.174 
444 OmyJC18ROGR    (6)    2 :  0.314 0.033 0.118 0.415 0.119 
445 OmyJC18ROGR    (2)    2 :  0.199 0.068 0.148 0.358 0.227 
446 OmyJC18ROGR    (3)    2 :  0.322 0.267 0.158 0.149 0.104 
447 OmyJC18ROGR    (2)    2 :  0.110 0.095 0.417 0.124 0.255 
448 OmyJC18ROGR    (3)    2 :  0.032 0.049 0.110 0.090 0.719 
449 OmyJC18ROGR    (1)    2 :  0.098 0.031 0.426 0.350 0.096 
450 OmyJC18ROGR    (4)    2 :  0.207 0.171 0.065 0.508 0.050 
451 OmyJC18ROGR    (3)    2 :  0.070 0.038 0.323 0.144 0.425 
452 OmyJC18ROGR    (1)    2 :  0.033 0.069 0.225 0.167 0.507 
453 OmyJC18ROGR    (1)    2 :  0.021 0.019 0.585 0.252 0.123 
454 OmyJC18ROGR    (4)    2 :  0.438 0.038 0.255 0.169 0.099 
455 OmyJC18ROGR    (4)    2 :  0.156 0.440 0.227 0.071 0.105 
456 OmyJC18ROGR    (5)    2 :  0.069 0.131 0.096 0.529 0.175 
457 OmyJC18ROGR    (3)    2 :  0.283 0.026 0.051 0.122 0.519 
458 OmyJC18ROGR    (1)    2 :  0.159 0.047 0.228 0.493 0.074 
459 OmyJC18ROGR    (1)    2 :  0.017 0.871 0.035 0.045 0.032 
460 OmyJC18ROGR    (2)    2 :  0.040 0.033 0.410 0.399 0.119 
461 OmyJC18ROGR    (1)    2 :  0.070 0.736 0.044 0.030 0.120 
462 OmyJC18ROGR    (1)    2 :  0.276 0.015 0.200 0.324 0.185 
463 OmyJC18ROGR    (4)    2 :  0.070 0.049 0.552 0.152 0.178 
464 OmyJC18ROGR    (6)    2 :  0.302 0.020 0.195 0.371 0.112 
465 OmyJC18ROGR    (3)    2 :  0.564 0.032 0.068 0.281 0.055 
466 OmyJC18ROGR    (3)    2 :  0.301 0.082 0.246 0.262 0.109 
467 OmyJC18ROGR    (2)    2 :  0.034 0.056 0.055 0.043 0.811 
468 OmyJC18ROGR    (2)    2 :  0.073 0.015 0.159 0.674 0.080 
469 OmyJC18ROGR    (1)    2 :  0.016 0.918 0.015 0.031 0.021 
470 OmyJC18ROGR    (0)    2 :  0.493 0.232 0.082 0.057 0.136 
471 OmyJC18ROGR    (2)    2 :  0.065 0.076 0.088 0.307 0.465 
472 OmyJC18ROGR    (2)    2 :  0.017 0.006 0.055 0.885 0.037 
473 OmyJC18ROGR    (1)    2 :  0.089 0.074 0.260 0.325 0.252 
474 OmyJC18ROGR    (3)    2 :  0.043 0.042 0.057 0.802 0.055 
475 OmyJC18ROGR    (1)    2 :  0.321 0.078 0.141 0.106 0.355 
476 OmyJC18ROGR    (2)    2 :  0.092 0.034 0.252 0.252 0.369 
477 OmyJC18ROGR    (0)    2 :  0.232 0.067 0.072 0.157 0.472 
478 OmyJC18ROGR    (1)    2 :  0.065 0.066 0.469 0.251 0.148 
479 OmyJC18ROGR    (1)    2 :  0.188 0.042 0.075 0.271 0.424 
480 OmyJC18ROGR    (1)    2 :  0.050 0.069 0.250 0.214 0.418 
481 OmyJC18ROGR    (1)    2 :  0.069 0.040 0.384 0.295 0.212 
482 OmyJC18ROGR    (1)    2 :  0.411 0.032 0.100 0.132 0.326 
483 OmyJC18ROGR    (0)    2 :  0.171 0.035 0.416 0.234 0.144 
484 OmyJC18ROGR    (0)    2 :  0.038 0.060 0.590 0.054 0.257 
485 OmyJC18ROGR    (0)    2 :  0.329 0.024 0.113 0.124 0.410 
486 OmyJC18ROGR    (0)    2 :  0.140 0.047 0.323 0.370 0.121 
487 OmyJC18ROGR    (1)    2 :  0.494 0.031 0.064 0.044 0.367 
488 OmyJC18ROGR    (1)    2 :  0.274 0.061 0.146 0.233 0.286 
489 OmyJC18ROGR    (1)    2 :  0.047 0.042 0.624 0.087 0.201 
490 OmyJC18ROGR    (0)    2 :  0.027 0.022 0.461 0.387 0.102 
491 OmyJC18ROGR    (0)    2 :  0.620 0.054 0.145 0.124 0.057 
492 OmyJC18ROGR    (5)    2 :  0.091 0.786 0.035 0.032 0.056 
493 OmyJC18ROGR    (1)    2 :  0.119 0.155 0.074 0.053 0.599 
494 OmyJC18ROGR    (3)    2 :  0.088 0.030 0.108 0.593 0.180 
495 OmyJC18ROGR    (1)    2 :  0.148 0.083 0.133 0.217 0.419 
496 OmyJC18ROGR    (1)    2 :  0.033 0.108 0.095 0.555 0.209 
497 OmyJC18ROGR    (1)    2 :  0.199 0.016 0.111 0.201 0.473 
498 OmyJC18ROGR    (1)    2 :  0.255 0.056 0.379 0.171 0.139 
499 OmyJC18ROGR    (1)    2 :  0.208 0.034 0.350 0.303 0.105 
500 OmyJC18ROGR    (1)    2 :  0.030 0.087 0.174 0.517 0.192 
501 OmyJC18ROGR    (2)    2 :  0.403 0.027 0.113 0.327 0.130 
502 OmyJC18ROGR    (1)    2 :  0.399 0.174 0.221 0.061 0.145 
503 OmyJC18ROGR    (2)    2 :  0.188 0.086 0.407 0.234 0.086 
504 OmyJC18ROGR    (2)    2 :  0.561 0.064 0.059 0.084 0.232 
505 OmyJC18ROGR    (2)    2 :  0.063 0.058 0.094 0.749 0.036 
506 OmyJC18ROGR    (3)    2 :  0.091 0.058 0.093 0.603 0.155 
507 OmyJC18ROGR    (1)    2 :  0.035 0.085 0.085 0.431 0.364 
508 OmyJC18ROGR    (7)    2 :  0.084 0.027 0.113 0.343 0.433 
509 OmyJC18ROGR    (1)    2 :  0.159 0.116 0.050 0.098 0.577 
510 OmyJC18ROGR    (1)    2 :  0.016 0.940 0.018 0.012 0.014 
511 OmyJC18ROGR    (2)    2 :  0.551 0.122 0.101 0.180 0.047 
512 OmyJC18ROGR    (1)    2 :  0.473 0.025 0.166 0.262 0.074 
513 OmyJC18ROGR    (3)    2 :  0.044 0.024 0.160 0.207 0.565 
514 OmyJC18ROGR    (1)    2 :  0.869 0.023 0.034 0.052 0.022 
515 OmyJC18ROGR    (5)    2 :  0.100 0.037 0.222 0.322 0.318 
516 OmyJC18ROGR    (3)    2 :  0.457 0.324 0.071 0.091 0.057 
517 OmyJC18ROGR    (1)    2 :  0.343 0.018 0.411 0.098 0.131 
518 OmyJC18ROGR    (1)    2 :  0.156 0.503 0.129 0.097 0.116 
519 OmyJC18ROGR    (0)    2 :  0.176 0.081 0.042 0.455 0.247 
520 OmyJC18ROGR    (0)    2 :  0.195 0.038 0.554 0.082 0.131 
521 OmyJC18ROGR    (2)    2 :  0.098 0.070 0.161 0.281 0.389 
522 OmyJC18ROGR    (2)    2 :  0.078 0.352 0.096 0.327 0.147 
523 OmyJC18ROGR    (1)    2 :  0.355 0.264 0.085 0.087 0.209 
524 OmyJC18ROGR    (3)    2 :  0.107 0.108 0.185 0.429 0.171 
525 OmyJC18ROGR    (1)    2 :  0.075 0.031 0.070 0.034 0.790 
526 OmyJC18ROGR    (7)    2 :  0.049 0.013 0.498 0.310 0.129 
527 OmyJC18ROGR    (4)    2 :  0.057 0.080 0.340 0.450 0.073 
528 OmyJC18ROGR    (1)    2 :  0.208 0.021 0.434 0.215 0.122 
529 OmyJC18ROGR    (2)    2 :  0.047 0.023 0.324 0.559 0.048 
530 OmyJC18ROGR    (1)    2 :  0.421 0.059 0.123 0.275 0.122 
531 OmyJC18ROGR    (2)    2 :  0.087 0.036 0.563 0.169 0.145 
532 OmyJC18ROGR    (2)    2 :  0.111 0.021 0.122 0.577 0.168 
533 OmyJC18ROGR    (5)    2 :  0.038 0.874 0.026 0.022 0.041 
534 OmyJC18ROGR    (2)    2 :  0.114 0.091 0.163 0.524 0.108 
535 OmyJC18ROGR    (3)    2 :  0.335 0.052 0.333 0.165 0.115 
536 OmyJC18ROGR    (0)    2 :  0.050 0.113 0.185 0.368 0.284 
537 OmyJC18ROGR    (3)    2 :  0.066 0.162 0.222 0.091 0.459 
538 OmyJC18ROGR    (1)    2 :  0.128 0.033 0.106 0.340 0.394 
539 OmyJC18ROGR    (1)    2 :  0.325 0.047 0.099 0.332 0.198 
540 OmyJC18ROGR    (1)    2 :  0.083 0.046 0.319 0.403 0.149 
541 OmyJC18ROGR    (5)    2 :  0.330 0.016 0.296 0.197 0.162 
542 OmyJC18ROGR    (4)    2 :  0.084 0.085 0.370 0.166 0.295 
543 OmyJC18ROGR    (2)    2 :  0.345 0.015 0.191 0.273 0.177 
544 OmyJC18ROGR    (2)    2 :  0.152 0.035 0.042 0.125 0.646 
545 OmyJC18ROGR    (2)    2 :  0.173 0.251 0.343 0.090 0.143 
546 OmyJC18ROGR    (1)    2 :  0.304 0.039 0.291 0.273 0.093 
547 OmyJC18ROGR    (1)    2 :  0.273 0.054 0.220 0.250 0.203 
548 OmyJC18ROGR    (1)    2 :  0.034 0.756 0.071 0.069 0.070 
549 OmyJC18ROGR    (1)    2 :  0.137 0.248 0.404 0.049 0.162 
550 OmyJC18ROGR    (2)    2 :  0.071 0.219 0.357 0.192 0.162 
551 OmyJC18ROGR    (4)    2 :  0.063 0.119 0.432 0.247 0.139 
552 OmyJC18ROGR    (6)    2 :  0.016 0.033 0.374 0.242 0.335 
553 OmyJC18ROGR    (3)    2 :  0.837 0.023 0.031 0.046 0.064 
554 OmyJC18ROGR    (1)    2 :  0.434 0.016 0.165 0.067 0.318 
555 OmyJC18ROGR    (4)    2 :  0.395 0.028 0.248 0.246 0.083 
556 OmyJC18ROGR    (2)    2 :  0.182 0.072 0.279 0.256 0.212 
557 OmyJC18ROGR    (0)    2 :  0.093 0.026 0.202 0.223 0.456 
558 OmyJC18ROGR    (2)    2 :  0.262 0.052 0.098 0.152 0.436 
559 OmyJC18ROGR    (3)    2 :  0.072 0.275 0.311 0.094 0.248 
560 OmyJC18ROGR    (6)    2 :  0.458 0.029 0.256 0.128 0.129 
561 OmyJC18ROGR    (1)    2 :  0.022 0.154 0.239 0.181 0.403 
562 OmyJC18ROGR    (2)    2 :  0.653 0.047 0.059 0.115 0.125 
563 OmyJC18ROGR    (2)    2 :  0.204 0.268 0.192 0.032 0.303 
564 OmyJC18ROGR    (1)    2 :  0.113 0.299 0.133 0.381 0.074 
565 OmyJC18ROGR    (1)    2 :  0.024 0.037 0.160 0.203 0.576 
566 OmyJC18ROGR    (1)    2 :  0.103 0.028 0.107 0.607 0.154 
567 OmyJC18ROGR    (1)    2 :  0.040 0.038 0.630 0.212 0.080 
568 OmyJC18ROGR    (1)    2 :  0.066 0.018 0.694 0.124 0.099 
569 OmyJC18ROGR    (3)    2 :  0.114 0.032 0.335 0.411 0.109 
570 OmyJC18ROGR    (1)    2 :  0.226 0.237 0.110 0.202 0.225 
571 OmyJC18ROGR    (2)    2 :  0.098 0.575 0.067 0.084 0.177 
572 OmyJC18ROGR    (5)    2 :  0.339 0.103 0.044 0.055 0.459 
573 OmyJC18ROGR    (5)    2 :  0.105 0.103 0.666 0.046 0.080 
574 OmyJC18ROGR    (1)    2 :  0.047 0.112 0.690 0.103 0.048 
575 OmyJC18ROGR    (2)    2 :  0.227 0.025 0.376 0.197 0.176 
576 OmyJC18ROGR    (0)    2 :  0.546 0.018 0.294 0.064 0.078 
577 OmyJC18ROGR    (1)    2 :  0.063 0.276 0.371 0.114 0.176 
578 OmyJC18ROGR    (1)    2 :  0.017 0.027 0.716 0.052 0.188 
579 OmyJC18ROGR    (2)    2 :  0.145 0.039 0.096 0.060 0.660 
580 OmyJC18ROGR    (1)    2 :  0.259 0.012 0.135 0.146 0.448 
581 OmyJC18ROGR    (1)    2 :  0.457 0.095 0.064 0.046 0.337 
582 OmyJC18ROGR    (0)    2 :  0.035 0.067 0.097 0.663 0.139 
583 OmyJC18ROGR    (1)    2 :  0.239 0.052 0.399 0.092 0.218 
584 OmyJC18ROGR    (2)    2 :  0.187 0.246 0.422 0.091 0.055 
585 OmyJC18ROGR    (1)    2 :  0.022 0.190 0.513 0.228 0.046 
586 OmyJC18ROGR    (0)    2 :  0.080 0.571 0.185 0.070 0.095 
587 OmyJC18ROGR    (1)    2 :  0.172 0.029 0.091 0.539 0.169 
588 OmyJC18ROGR    (0)    2 :  0.084 0.385 0.333 0.047 0.151 
589 OmyJC18ROGR    (2)    2 :  0.827 0.026 0.041 0.049 0.057 
590 OmyJC18ROGR    (2)    2 :  0.130 0.100 0.057 0.153 0.561 
591 OmyJC18ROGR    (1)    2 :  0.140 0.367 0.324 0.078 0.091 
592 OmyJC18ROGR    (1)    2 :  0.176 0.036 0.174 0.183 0.432 
593 OmyJC18ROGR    (1)    2 :  0.038 0.250 0.202 0.452 0.058 
594 OmyJC18ROGR    (3)    2 :  0.099 0.030 0.290 0.388 0.193 
595 OmyJC18ROGR    (1)    2 :  0.055 0.073 0.791 0.048 0.033 
596 OmyJC18ROGR    (1)    2 :  0.063 0.072 0.220 0.461 0.183 
597 OmyJC18ROGR    (1)    2 :  0.052 0.062 0.296 0.544 0.047 
598 OmyJC18ROGR    (1)    2 :  0.073 0.562 0.124 0.083 0.158 
599 OmyJC18ROGR    (1)    2 :  0.296 0.055 0.384 0.124 0.140 
600 OmyJC18ROGR    (2)    2 :  0.382 0.034 0.181 0.087 0.316 
601 OmyJC18ROGR    (7)    2 :  0.704 0.016 0.073 0.040 0.167 
602 OmyJC18ROGR    (3)    2 :  0.025 0.056 0.052 0.794 0.072 
603 OmyJC18ROGR    (1)    2 :  0.310 0.037 0.180 0.276 0.198 
604 OmyJC18ROGR    (1)    2 :  0.206 0.037 0.426 0.238 0.093 
605 OmyJC18ROGR    (1)    2 :  0.529 0.028 0.122 0.273 0.049 
606 OmyJC18ROGR    (1)    2 :  0.043 0.373 0.389 0.138 0.057 
