

----------------------------------------------------
STRUCTURE by Pritchard, Stephens and Donnelly (2000)
     and Falush, Stephens and Pritchard (2003)
       Code by Pritchard, Falush and Hubisz
             Version 2.3.4 (Jul 2012)
----------------------------------------------------



Command line arguments:   bin/structure -m "/Users/ddayan/FRA/premature_migration/Rogue_Half-Pounder/rogue_half_pounder_repo/structure/halfpounder/10k_20k_adm_corr_rep2/mainparams" -e "/Users/ddayan/FRA/premature_migration/Rogue_Half-Pounder/rogue_half_pounder_repo/structure/halfpounder/10k_20k_adm_corr_rep2/extraparams" 
Input File:    /Users/ddayan/FRA/premature_migration/Rogue_Half-Pounder/rogue_half_pounder_repo/structure/halfpounder/project_data

Run parameters:
   882 individuals
   330 loci
   4 populations assumed
   10000 Burn-in period
   20000 Reps


--------------------------------------------
Proportion of membership of each pre-defined
 population in each of the 4 clusters

Given    Inferred Clusters              Number of
 Pop       1      2      3      4      Individuals

  1:     0.272  0.228  0.263  0.237      157
  2:     0.263  0.226  0.271  0.240      643
  3:     0.394  0.078  0.407  0.120       40
  4:     0.095  0.064  0.097  0.744       42
--------------------------------------------

Allele-freq. divergence among pops (Net nucleotide distance),
computed using point estimates of P.

      1       2       3       4      
 1      -    0.0081  0.0006  0.0036  
 2   0.0081     -    0.0078  0.0104  
 3   0.0006  0.0078     -    0.0030  
 4   0.0036  0.0104  0.0030     -    

Average distances (expected heterozygosity) between individuals in same cluster:
cluster  1  : 0.2865 
cluster  2  : 0.2554 
cluster  3  : 0.2874 
cluster  4  : 0.2808 

--------------------------------------------
Estimated Ln Prob of Data   = -247972.3
Mean value of ln likelihood = -246453.4
Variance of ln likelihood   = 3037.9
Mean value of alpha         = 0.2811

Mean value of Fst_1         = 0.0121
Mean value of Fst_2         = 0.0711
Mean value of Fst_3         = 0.0061
Mean value of Fst_4         = 0.0252


Inferred ancestry of individuals:
        Label (%Miss) Pop:  Inferred clusters
  1 OmyAC19ROGR    (0)    1 :  0.198 0.025 0.353 0.424 
  2 OmyAC19ROGR    (1)    1 :  0.163 0.131 0.323 0.382 
  3 OmyAC19ROGR    (1)    1 :  0.093 0.085 0.530 0.292 
  4 OmyAC19ROGR    (1)    1 :  0.356 0.040 0.392 0.211 
  5 OmyAC19ROGR    (2)    1 :  0.022 0.934 0.026 0.018 
  6 OmyAC19ROGR    (1)    1 :  0.146 0.270 0.507 0.076 
  7 OmyAC19ROGR    (1)    1 :  0.355 0.257 0.184 0.204 
  8 OmyAC19ROGR    (0)    1 :  0.453 0.028 0.263 0.256 
  9 OmyAC19ROGR    (1)    1 :  0.075 0.247 0.446 0.232 
 10 OmyAC19ROGR    (1)    1 :  0.184 0.527 0.124 0.165 
 11 OmyAC19ROGR    (0)    1 :  0.258 0.160 0.336 0.246 
 12 OmyAC19ROGR    (0)    1 :  0.198 0.174 0.542 0.087 
 13 OmyAC19ROGR    (1)    1 :  0.507 0.053 0.163 0.277 
 14 OmyAC19ROGR    (1)    1 :  0.286 0.522 0.148 0.044 
 15 OmyAC19ROGR    (2)    1 :  0.321 0.475 0.143 0.060 
 16 OmyAC19ROGR    (1)    1 :  0.316 0.161 0.293 0.231 
 17 OmyAC19ROGR    (1)    1 :  0.387 0.138 0.441 0.033 
 18 OmyAC19ROGR    (2)    1 :  0.385 0.035 0.162 0.418 
 19 OmyAC19ROGR    (1)    1 :  0.531 0.085 0.194 0.191 
 20 OmyAC19ROGR    (1)    1 :  0.426 0.250 0.282 0.043 
 21 OmyAC19ROGR    (1)    1 :  0.315 0.284 0.228 0.173 
 22 OmyAC19ROGR    (1)    1 :  0.165 0.107 0.278 0.450 
 23 OmyAC19ROGR    (1)    1 :  0.149 0.251 0.405 0.195 
 24 OmyAC19ROGR    (1)    1 :  0.046 0.027 0.104 0.823 
 25 OmyAC19ROGR    (1)    1 :  0.375 0.272 0.234 0.119 
 26 OmyAC19ROGR    (1)    1 :  0.155 0.158 0.284 0.403 
 27 OmyAC19ROGR    (1)    1 :  0.563 0.072 0.273 0.092 
 28 OmyAC19ROGR    (1)    1 :  0.032 0.037 0.055 0.876 
 29 OmyAC19ROGR    (1)    1 :  0.340 0.087 0.338 0.235 
 30 OmyAC19ROGR    (1)    1 :  0.094 0.665 0.162 0.079 
 31 OmyAC19ROGR    (1)    1 :  0.407 0.062 0.264 0.267 
 32 OmyAC19ROGR    (1)    1 :  0.362 0.180 0.178 0.279 
 33 OmyAC19ROGR    (1)    1 :  0.164 0.180 0.224 0.432 
 34 OmyAC19ROGR    (1)    1 :  0.236 0.590 0.098 0.076 
 35 OmyAC19ROGR    (0)    1 :  0.234 0.131 0.236 0.399 
 36 OmyAC19ROGR    (1)    1 :  0.147 0.247 0.482 0.123 
 37 OmyAC19ROGR    (1)    1 :  0.163 0.141 0.165 0.531 
 38 OmyAC19ROGR    (1)    1 :  0.078 0.528 0.060 0.334 
 39 OmyAC19ROGR    (1)    1 :  0.391 0.234 0.275 0.100 
 40 OmyAC19ROGR    (0)    1 :  0.390 0.308 0.243 0.060 
 41 OmyAC19ROGR    (1)    1 :  0.613 0.048 0.214 0.124 
 42 OmyAC19ROGR    (1)    1 :  0.080 0.821 0.070 0.030 
 43 OmyAC19ROGR    (1)    1 :  0.196 0.073 0.496 0.235 
 44 OmyAC19ROGR    (7)    1 :  0.153 0.068 0.601 0.178 
 45 OmyAC19ROGR    (2)    1 :  0.103 0.402 0.167 0.329 
 46 OmyAC19ROGR    (1)    1 :  0.188 0.092 0.239 0.482 
 47 OmyAC19ROGR    (0)    1 :  0.086 0.101 0.089 0.723 
 48 OmyAC19ROGR    (1)    1 :  0.234 0.067 0.506 0.193 
 49 OmyAC19ROGR    (0)    1 :  0.285 0.060 0.253 0.402 
 50 OmyAC19ROGR    (1)    1 :  0.732 0.047 0.176 0.045 
 51 OmyAC19ROGR    (2)    1 :  0.091 0.736 0.088 0.085 
 52 OmyAC19ROGR    (1)    1 :  0.038 0.865 0.049 0.047 
 53 OmyAC19ROGR    (2)    1 :  0.104 0.056 0.166 0.674 
 54 OmyAC19ROGR    (1)    1 :  0.137 0.110 0.170 0.583 
 55 OmyAC19ROGR    (3)    1 :  0.471 0.145 0.303 0.081 
 56 OmyAC19ROGR    (1)    1 :  0.166 0.120 0.131 0.583 
 57 OmyAC19ROGR    (0)    1 :  0.152 0.036 0.146 0.666 
 58 OmyAC19ROGR    (1)    1 :  0.089 0.745 0.085 0.080 
 59 OmyAC19ROGR    (0)    1 :  0.193 0.038 0.173 0.596 
 60 OmyAC19ROGR    (2)    1 :  0.308 0.184 0.382 0.127 
 61 OmyAC19ROGR    (1)    1 :  0.202 0.103 0.141 0.554 
 62 OmyAC19ROGR    (1)    1 :  0.195 0.065 0.601 0.139 
 63 OmyAC19ROGR    (0)    1 :  0.106 0.262 0.156 0.476 
 64 OmyAC19ROGR    (3)    1 :  0.267 0.099 0.494 0.140 
 65 OmyAC19ROGR    (1)    1 :  0.437 0.103 0.257 0.203 
 66 OmyAC19ROGR    (4)    1 :  0.419 0.342 0.175 0.065 
 67 OmyAC19ROGR    (0)    1 :  0.335 0.058 0.178 0.429 
 68 OmyAC19ROGR    (2)    1 :  0.139 0.080 0.233 0.548 
 69 OmyAC19ROGR    (2)    1 :  0.097 0.267 0.072 0.564 
 70 OmyAC19ROGR    (1)    1 :  0.237 0.057 0.372 0.335 
 71 OmyAC19ROGR    (0)    1 :  0.423 0.052 0.348 0.176 
 72 OmyAC19ROGR    (5)    1 :  0.246 0.034 0.516 0.204 
 73 OmyAC19ROGR    (1)    1 :  0.092 0.351 0.134 0.423 
 74 OmyAC19ROGR    (1)    1 :  0.410 0.044 0.500 0.046 
 75 OmyAC19ROGR    (1)    1 :  0.289 0.152 0.129 0.429 
 76 OmyAC19ROGR    (1)    1 :  0.107 0.074 0.119 0.701 
 77 OmyAC19ROGR    (1)    1 :  0.039 0.909 0.029 0.024 
 78 OmyAC19ROGR    (1)    1 :  0.329 0.067 0.420 0.183 
 79 OmyAC19ROGR    (2)    1 :  0.312 0.101 0.306 0.281 
 80 OmyAC19ROGR    (2)    1 :  0.084 0.742 0.075 0.099 
 81 OmyAC19ROGR    (2)    1 :  0.165 0.485 0.218 0.131 
 82 OmyAC19ROGR    (1)    1 :  0.117 0.032 0.213 0.638 
 83 OmyAC19ROGR    (0)    1 :  0.335 0.069 0.157 0.439 
 84 OmyAC19ROGR    (1)    1 :  0.239 0.245 0.422 0.094 
 85 OmyAC19ROGR    (6)    1 :  0.411 0.055 0.255 0.279 
 86 OmyAC19ROGR    (1)    1 :  0.464 0.123 0.375 0.037 
 87 OmyAC19ROGR    (2)    1 :  0.134 0.053 0.413 0.399 
 88 OmyJC19ROGR    (0)    2 :  0.064 0.858 0.046 0.031 
 89 OmyJC19ROGR    (1)    2 :  0.444 0.099 0.351 0.106 
 90 OmyJC19ROGR    (1)    2 :  0.033 0.893 0.040 0.033 
 91 OmyJC19ROGR    (2)    2 :  0.237 0.022 0.364 0.377 
 92 OmyJC19ROGR    (1)    2 :  0.127 0.076 0.112 0.685 
 93 OmyJC19ROGR    (1)    2 :  0.068 0.029 0.074 0.829 
 94 OmyJC19ROGR    (1)    2 :  0.312 0.251 0.376 0.061 
 95 OmyJC19ROGR    (0)    2 :  0.246 0.297 0.397 0.061 
 96 OmyJC19ROGR    (2)    2 :  0.448 0.131 0.276 0.145 
 97 OmyJC19ROGR    (1)    2 :  0.036 0.159 0.054 0.752 
 98 OmyJC19ROGR    (0)    2 :  0.385 0.063 0.375 0.177 
 99 OmyJC19ROGR    (0)    2 :  0.154 0.135 0.169 0.542 
100 OmyJC19ROGR    (1)    2 :  0.262 0.060 0.551 0.128 
101 OmyJC19ROGR    (1)    2 :  0.117 0.552 0.122 0.210 
102 OmyJC19ROGR    (1)    2 :  0.501 0.110 0.313 0.076 
103 OmyJC19ROGR    (2)    2 :  0.185 0.272 0.256 0.286 
104 OmyJC19ROGR    (1)    2 :  0.141 0.054 0.141 0.663 
105 OmyJC19ROGR    (1)    2 :  0.074 0.236 0.132 0.559 
106 OmyJC19ROGR    (1)    2 :  0.020 0.913 0.030 0.036 
107 OmyJC19ROGR    (2)    2 :  0.467 0.146 0.235 0.153 
108 OmyJC19ROGR    (0)    2 :  0.288 0.091 0.202 0.419 
109 OmyJC19ROGR    (1)    2 :  0.368 0.301 0.288 0.043 
110 OmyJC19ROGR    (1)    2 :  0.084 0.217 0.131 0.568 
111 OmyJC19ROGR    (1)    2 :  0.148 0.093 0.156 0.604 
112 OmyJC19ROGR    (2)    2 :  0.395 0.130 0.393 0.083 
113 OmyJC19ROGR    (1)    2 :  0.190 0.566 0.171 0.073 
114 OmyJC19ROGR    (3)    2 :  0.339 0.070 0.423 0.168 
115 OmyJC19ROGR    (2)    2 :  0.061 0.077 0.363 0.498 
116 OmyJC19ROGR    (0)    2 :  0.312 0.144 0.425 0.118 
117 OmyJC19ROGR    (1)    2 :  0.328 0.293 0.276 0.103 
118 OmyJC19ROGR    (1)    2 :  0.364 0.054 0.296 0.286 
119 OmyJC19ROGR    (3)    2 :  0.532 0.080 0.297 0.091 
120 OmyJC19ROGR    (1)    2 :  0.089 0.020 0.074 0.817 
121 OmyJC19ROGR    (0)    2 :  0.390 0.091 0.457 0.062 
122 OmyJC19ROGR    (1)    2 :  0.241 0.098 0.372 0.289 
123 OmyJC19ROGR    (1)    2 :  0.313 0.033 0.301 0.354 
124 OmyJC19ROGR    (0)    2 :  0.158 0.147 0.617 0.077 
125 OmyJC19ROGR    (1)    2 :  0.085 0.132 0.191 0.592 
126 OmyJC19ROGR    (1)    2 :  0.100 0.676 0.142 0.082 
127 OmyJC19ROGR    (1)    2 :  0.672 0.091 0.148 0.089 
128 OmyJC19ROGR    (1)    2 :  0.081 0.057 0.074 0.788 
129 OmyJC19ROGR    (1)    2 :  0.220 0.328 0.243 0.208 
130 OmyJC19ROGR    (1)    2 :  0.155 0.065 0.736 0.044 
131 OmyJC19ROGR    (1)    2 :  0.177 0.137 0.373 0.313 
132 OmyJC19ROGR    (1)    2 :  0.152 0.072 0.189 0.588 
133 OmyJC19ROGR    (1)    2 :  0.273 0.051 0.538 0.137 
134 OmyJC19ROGR    (1)    2 :  0.552 0.107 0.207 0.134 
135 OmyJC19ROGR    (1)    2 :  0.028 0.030 0.046 0.896 
136 OmyJC19ROGR    (3)    2 :  0.376 0.053 0.404 0.166 
137 OmyJC19ROGR    (1)    2 :  0.365 0.281 0.274 0.080 
138 OmyJC19ROGR    (1)    2 :  0.110 0.713 0.138 0.039 
139 OmyJC19ROGR    (2)    2 :  0.326 0.032 0.532 0.110 
140 OmyJC19ROGR    (3)    2 :  0.546 0.138 0.211 0.105 
141 OmyJC19ROGR    (0)    2 :  0.220 0.444 0.133 0.204 
142 OmyJC19ROGR    (1)    2 :  0.185 0.366 0.198 0.251 
143 OmyJC19ROGR    (0)    2 :  0.058 0.086 0.134 0.721 
144 OmyJC19ROGR    (1)    2 :  0.375 0.021 0.497 0.107 
145 OmyJC19ROGR    (1)    2 :  0.199 0.031 0.712 0.059 
146 OmyJC19ROGR    (2)    2 :  0.115 0.091 0.130 0.665 
147 OmyJC19ROGR    (1)    2 :  0.466 0.075 0.282 0.177 
148 OmyJC19ROGR    (1)    2 :  0.406 0.031 0.305 0.257 
149 OmyJC19ROGR    (2)    2 :  0.237 0.116 0.201 0.446 
150 OmyJC19ROGR    (2)    2 :  0.194 0.081 0.123 0.602 
151 OmyJC19ROGR    (1)    2 :  0.400 0.140 0.200 0.260 
152 OmyJC19ROGR    (0)    2 :  0.268 0.081 0.471 0.180 
153 OmyJC19ROGR    (1)    2 :  0.059 0.048 0.046 0.847 
154 OmyJC19ROGR    (2)    2 :  0.409 0.092 0.431 0.068 
155 OmyJC19ROGR    (1)    2 :  0.241 0.136 0.311 0.312 
156 OmyJC19ROGR    (1)    2 :  0.363 0.166 0.248 0.223 
157 OmyJC19ROGR    (0)    2 :  0.179 0.115 0.389 0.317 
158 OmyJC19ROGR    (2)    2 :  0.386 0.037 0.328 0.249 
159 OmyJC19ROGR    (1)    2 :  0.511 0.064 0.365 0.060 
160 OmyJC19ROGR    (0)    2 :  0.452 0.079 0.141 0.329 
161 OmyJC19ROGR    (1)    2 :  0.290 0.054 0.163 0.492 
162 OmyJC19ROGR    (1)    2 :  0.348 0.111 0.248 0.293 
163 OmyJC19ROGR    (1)    2 :  0.110 0.060 0.168 0.662 
164 OmyJC19ROGR    (1)    2 :  0.372 0.035 0.492 0.101 
165 OmyJC19ROGR    (0)    2 :  0.224 0.031 0.468 0.277 
166 OmyJC19ROGR    (0)    2 :  0.356 0.073 0.493 0.078 
167 OmyJC19ROGR    (2)    2 :  0.244 0.131 0.271 0.353 
168 OmyJC19ROGR    (0)    2 :  0.333 0.103 0.439 0.125 
169 OmyJC19ROGR    (1)    2 :  0.030 0.918 0.031 0.021 
170 OmyJC19ROGR    (1)    2 :  0.085 0.081 0.100 0.734 
171 OmyJC19ROGR    (1)    2 :  0.443 0.043 0.382 0.133 
172 OmyJC19ROGR    (0)    2 :  0.109 0.450 0.080 0.362 
173 OmyJC19ROGR    (1)    2 :  0.030 0.907 0.034 0.029 
174 OmyJC19ROGR    (0)    2 :  0.180 0.053 0.625 0.142 
175 OmyJC19ROGR    (1)    2 :  0.426 0.047 0.403 0.124 
176 OmyJC19ROGR    (1)    2 :  0.179 0.070 0.114 0.637 
177 OmyJC19ROGR    (1)    2 :  0.053 0.020 0.091 0.837 
178 OmyJC19ROGR    (0)    2 :  0.548 0.057 0.359 0.036 
179 OmyJC19ROGR    (1)    2 :  0.180 0.035 0.217 0.567 
180 OmyJC19ROGR    (1)    2 :  0.059 0.801 0.058 0.082 
181 OmyJC19ROGR    (1)    2 :  0.380 0.066 0.437 0.117 
182 OmyJC19ROGR    (1)    2 :  0.380 0.220 0.304 0.096 
183 OmyJC19ROGR    (1)    2 :  0.358 0.056 0.442 0.144 
184 OmyJC19ROGR    (1)    2 :  0.152 0.598 0.124 0.126 
185 OmyJC19ROGR    (2)    2 :  0.335 0.019 0.522 0.123 
186 OmyJC19ROGR    (1)    2 :  0.104 0.139 0.182 0.575 
187 OmyJC19ROGR    (0)    2 :  0.127 0.037 0.770 0.066 
188 OmyJC19ROGR    (1)    2 :  0.286 0.098 0.406 0.210 
189 OmyJC19ROGR    (0)    2 :  0.213 0.202 0.211 0.374 
190 OmyJC19ROGR    (0)    2 :  0.134 0.069 0.115 0.682 
191 OmyJC19ROGR    (2)    2 :  0.089 0.053 0.153 0.706 
192 OmyJC19ROGR    (1)    2 :  0.649 0.048 0.261 0.042 
193 OmyJC19ROGR    (1)    2 :  0.319 0.158 0.358 0.165 
194 OmyJC19ROGR    (0)    2 :  0.685 0.028 0.207 0.079 
195 OmyJC19ROGR    (1)    2 :  0.079 0.811 0.074 0.035 
196 OmyJC19ROGR    (1)    2 :  0.224 0.040 0.693 0.044 
197 OmyJC19ROGR    (1)    2 :  0.225 0.090 0.195 0.490 
198 OmyJC19ROGR    (1)    2 :  0.078 0.776 0.074 0.072 
199 OmyJC19ROGR    (0)    2 :  0.450 0.045 0.411 0.094 
200 OmyJC19ROGR    (0)    2 :  0.084 0.081 0.147 0.689 
201 OmyJC19ROGR    (1)    2 :  0.474 0.041 0.365 0.120 
202 OmyJC19ROGR    (0)    2 :  0.099 0.017 0.082 0.802 
203 OmyJC19ROGR    (0)    2 :  0.275 0.059 0.434 0.233 
204 OmyJC19ROGR    (1)    2 :  0.314 0.082 0.381 0.223 
205 OmyJC19ROGR    (1)    2 :  0.160 0.132 0.563 0.146 
206 OmyJC19ROGR    (1)    2 :  0.054 0.840 0.060 0.047 
207 OmyJC19ROGR    (1)    2 :  0.221 0.273 0.408 0.099 
208 OmyJC19ROGR    (1)    2 :  0.547 0.057 0.279 0.117 
209 OmyJC19ROGR    (0)    2 :  0.086 0.581 0.123 0.210 
210 OmyJC19ROGR    (1)    2 :  0.031 0.916 0.032 0.021 
211 OmyJC19ROGR    (0)    2 :  0.291 0.234 0.354 0.121 
212 OmyJC19ROGR    (1)    2 :  0.135 0.278 0.130 0.457 
213 OmyJC19ROGR    (1)    2 :  0.227 0.045 0.565 0.163 
214 OmyJC19ROGR    (1)    2 :  0.227 0.081 0.612 0.080 
215 OmyJC19ROGR    (1)    2 :  0.754 0.044 0.096 0.106 
216 OmyJC19ROGR    (1)    2 :  0.055 0.846 0.068 0.030 
217 OmyJC19ROGR    (1)    2 :  0.244 0.429 0.214 0.114 
218 OmyJC19ROGR    (1)    2 :  0.092 0.048 0.220 0.640 
219 OmyJC19ROGR    (1)    2 :  0.581 0.145 0.230 0.044 
220 OmyJC19ROGR    (1)    2 :  0.406 0.021 0.359 0.214 
221 OmyJC19ROGR    (0)    2 :  0.100 0.309 0.501 0.091 
222 OmyJC19ROGR    (1)    2 :  0.337 0.065 0.312 0.286 
223 OmyJC19ROGR    (0)    2 :  0.323 0.089 0.456 0.133 
224 OmyJC19ROGR    (1)    2 :  0.636 0.037 0.235 0.093 
225 OmyJC19ROGR    (1)    2 :  0.030 0.926 0.023 0.021 
226 OmyJC19ROGR    (0)    2 :  0.338 0.289 0.303 0.069 
227 OmyJC19ROGR    (1)    2 :  0.033 0.876 0.039 0.052 
228 OmyJC19ROGR    (1)    2 :  0.429 0.066 0.449 0.056 
229 OmyJC19ROGR    (2)    2 :  0.164 0.046 0.559 0.230 
230 OmyJC19ROGR    (1)    2 :  0.123 0.259 0.328 0.290 
231 OmyJC19ROGR    (1)    2 :  0.348 0.096 0.492 0.065 
232 OmyJC19ROGR    (2)    2 :  0.263 0.066 0.438 0.233 
233 OmyJC19ROGR    (1)    2 :  0.414 0.155 0.301 0.131 
234 OmyJC19ROGR    (1)    2 :  0.027 0.902 0.038 0.033 
235 OmyJC19ROGR    (0)    2 :  0.237 0.553 0.095 0.115 
236 OmyJC19ROGR    (1)    2 :  0.359 0.044 0.253 0.344 
237 OmyJC19ROGR    (1)    2 :  0.398 0.114 0.274 0.213 
238 OmyJC19ROGR    (0)    2 :  0.336 0.171 0.428 0.065 
239 OmyJC19ROGR    (1)    2 :  0.607 0.147 0.161 0.085 
240 OmyJC19ROGR    (1)    2 :  0.187 0.068 0.620 0.124 
241 OmyJC19ROGR    (0)    2 :  0.242 0.123 0.118 0.518 
242 OmyJC19ROGR    (1)    2 :  0.647 0.029 0.100 0.224 
243 OmyJC19ROGR    (1)    2 :  0.216 0.074 0.204 0.507 
244 OmyJC19ROGR    (1)    2 :  0.125 0.096 0.369 0.410 
245 OmyJC19ROGR    (0)    2 :  0.025 0.932 0.021 0.023 
246 OmyJC19ROGR    (1)    2 :  0.076 0.213 0.114 0.598 
247 OmyJC19ROGR    (0)    2 :  0.133 0.528 0.159 0.180 
248 OmyJC19ROGR    (1)    2 :  0.105 0.602 0.178 0.115 
249 OmyJC19ROGR    (1)    2 :  0.249 0.095 0.574 0.082 
250 OmyJC19ROGR    (0)    2 :  0.343 0.156 0.270 0.230 
251 OmyJC19ROGR    (1)    2 :  0.223 0.093 0.561 0.124 
252 OmyJC19ROGR    (0)    2 :  0.050 0.049 0.094 0.808 
253 OmyJC19ROGR    (0)    2 :  0.521 0.098 0.285 0.096 
254 OmyJC19ROGR    (1)    2 :  0.166 0.083 0.185 0.566 
255 OmyJC19ROGR    (1)    2 :  0.060 0.041 0.297 0.602 
256 OmyJC19ROGR    (1)    2 :  0.096 0.358 0.157 0.389 
257 OmyJC19ROGR    (0)    2 :  0.174 0.118 0.591 0.117 
258 OmyAC19ROGR    (1)    1 :  0.246 0.294 0.233 0.227 
259 OmyAC19ROGR    (2)    1 :  0.204 0.538 0.136 0.121 
260 OmyAC19ROGR    (1)    1 :  0.658 0.045 0.151 0.146 
261 OmyAC19ROGR    (0)    1 :  0.444 0.090 0.390 0.077 
262 OmyAC19ROGR    (1)    1 :  0.252 0.187 0.350 0.211 
263 OmyAC19ROGR    (0)    1 :  0.167 0.056 0.221 0.556 
264 OmyAC19ROGR    (1)    1 :  0.372 0.109 0.395 0.125 
265 OmyAC19ROGR    (1)    1 :  0.386 0.074 0.377 0.163 
266 OmyAC19ROGR    (1)    1 :  0.243 0.025 0.659 0.073 
267 OmyAC19ROGR    (1)    1 :  0.258 0.243 0.328 0.172 
268 OmyAC19ROGR    (2)    1 :  0.138 0.179 0.175 0.509 
269 OmyAC19ROGR    (1)    1 :  0.377 0.237 0.280 0.106 
270 OmyAC19ROGR    (1)    1 :  0.082 0.052 0.285 0.581 
271 OmyAC19ROGR    (1)    1 :  0.228 0.457 0.194 0.121 
272 OmyAC19ROGR    (0)    1 :  0.298 0.243 0.408 0.051 
273 OmyAC19ROGR    (0)    1 :  0.490 0.063 0.233 0.214 
274 OmyAC19ROGR    (1)    1 :  0.065 0.797 0.086 0.052 
275 OmyAC19ROGR    (1)    1 :  0.296 0.177 0.241 0.287 
276 OmyAC19ROGR    (1)    1 :  0.528 0.097 0.270 0.104 
277 OmyAC19ROGR    (1)    1 :  0.444 0.134 0.353 0.068 
278 OmyAC19ROGR    (1)    1 :  0.243 0.371 0.304 0.082 
279 OmyAC19ROGR    (0)    1 :  0.520 0.237 0.181 0.062 
280 OmyAC19ROGR    (1)    1 :  0.100 0.148 0.354 0.397 
281 OmyAC19ROGR    (1)    1 :  0.398 0.085 0.406 0.111 
282 OmyAC19ROGR    (1)    1 :  0.211 0.258 0.317 0.213 
283 OmyAC19ROGR    (1)    1 :  0.474 0.084 0.339 0.103 
284 OmyAC19ROGR    (0)    1 :  0.333 0.043 0.406 0.218 
285 OmyAC19ROGR    (1)    1 :  0.349 0.072 0.180 0.399 
286 OmyAC19ROGR    (1)    1 :  0.541 0.037 0.212 0.211 
287 OmyAC19ROGR    (1)    1 :  0.017 0.950 0.018 0.015 
288 OmyAC19ROGR    (1)    1 :  0.071 0.780 0.088 0.060 
289 OmyAC19ROGR    (1)    1 :  0.524 0.162 0.248 0.066 
290 OmyAC19ROGR    (1)    1 :  0.025 0.923 0.029 0.023 
291 OmyAC19ROGR    (1)    1 :  0.107 0.479 0.166 0.248 
292 OmyAC19ROGR    (1)    1 :  0.323 0.284 0.305 0.087 
293 OmyAC19ROGR    (1)    1 :  0.103 0.050 0.145 0.701 
294 OmyAC19ROGR    (1)    1 :  0.481 0.257 0.200 0.063 
295 OmyAC19ROGR    (0)    1 :  0.411 0.044 0.309 0.236 
296 OmyAC19ROGR    (0)    1 :  0.530 0.055 0.285 0.129 
297 OmyAC19ROGR    (1)    1 :  0.073 0.792 0.095 0.041 
298 OmyAC19ROGR    (0)    1 :  0.573 0.038 0.328 0.061 
299 OmyAC19ROGR    (1)    1 :  0.207 0.296 0.122 0.375 
300 OmyAC19ROGR    (1)    1 :  0.419 0.063 0.384 0.135 
301 OmyAC19ROGR    (0)    1 :  0.052 0.875 0.046 0.027 
302 OmyAC19ROGR    (1)    1 :  0.269 0.480 0.179 0.072 
303 OmyAC19ROGR    (1)    1 :  0.465 0.185 0.270 0.079 
304 OmyAC19ROGR    (1)    1 :  0.488 0.214 0.173 0.125 
305 OmyAC19ROGR    (1)    1 :  0.475 0.052 0.342 0.132 
306 OmyAC19ROGR    (1)    1 :  0.118 0.656 0.203 0.023 
307 OmyAC19ROGR    (2)    1 :  0.230 0.036 0.430 0.304 
308 OmyAC19ROGR    (0)    1 :  0.343 0.159 0.418 0.081 
309 OmyAC19ROGR    (2)    1 :  0.034 0.903 0.032 0.031 
310 OmyAC19ROGR    (0)    1 :  0.240 0.481 0.172 0.108 
311 OmyAC19ROGR    (0)    1 :  0.300 0.537 0.101 0.062 
312 OmyAC19ROGR    (0)    1 :  0.140 0.054 0.180 0.627 
313 OmyAC19ROGR    (1)    1 :  0.353 0.030 0.451 0.166 
314 OmyAC19ROGR    (0)    1 :  0.111 0.077 0.147 0.665 
315 OmyAC19ROGR    (1)    1 :  0.295 0.102 0.426 0.178 
316 OmyAC19ROGR    (1)    1 :  0.378 0.051 0.456 0.115 
317 OmyAC19ROGR    (1)    1 :  0.280 0.081 0.190 0.449 
318 OmyAC19ROGR    (1)    1 :  0.145 0.050 0.260 0.546 
319 OmyAC19ROGR    (1)    1 :  0.469 0.032 0.304 0.196 
320 OmyAC19ROGR    (0)    1 :  0.486 0.023 0.353 0.138 
321 OmyAC19ROGR    (1)    1 :  0.448 0.044 0.400 0.108 
322 OmyAC19ROGR    (0)    1 :  0.279 0.391 0.240 0.090 
323 OmyAC19ROGR    (1)    1 :  0.652 0.045 0.260 0.043 
324 OmyAC19ROGR    (1)    1 :  0.184 0.042 0.569 0.204 
325 OmyAC19ROGR    (1)    1 :  0.184 0.455 0.271 0.090 
326 OmyAC19ROGR    (1)    1 :  0.272 0.085 0.574 0.068 
327 OmyAC19ROGR    (1)    1 :  0.345 0.057 0.380 0.219 
328 OmyJC18ROGR    (1)    2 :  0.171 0.063 0.161 0.605 
329 OmyJC18ROGR    (0)    2 :  0.301 0.110 0.487 0.102 
330 OmyJC18ROGR    (0)    2 :  0.359 0.094 0.511 0.036 
331 OmyJC18ROGR    (1)    2 :  0.121 0.661 0.125 0.093 
332 OmyJC18ROGR    (1)    2 :  0.093 0.743 0.079 0.086 
333 OmyJC18ROGR    (1)    2 :  0.066 0.833 0.058 0.043 
334 OmyJC18ROGR    (1)    2 :  0.157 0.237 0.396 0.210 
335 OmyJC18ROGR    (0)    2 :  0.186 0.035 0.256 0.522 
336 OmyJC18ROGR    (1)    2 :  0.041 0.887 0.044 0.027 
337 OmyJC18ROGR    (1)    2 :  0.536 0.054 0.337 0.073 
338 OmyJC18ROGR    (1)    2 :  0.065 0.858 0.051 0.025 
339 OmyJC18ROGR    (1)    2 :  0.426 0.068 0.431 0.075 
340 OmyJC18ROGR    (0)    2 :  0.169 0.191 0.153 0.486 
341 OmyJC18ROGR    (1)    2 :  0.360 0.028 0.222 0.390 
342 OmyJC18ROGR    (2)    2 :  0.269 0.423 0.192 0.115 
343 OmyJC18ROGR    (2)    2 :  0.124 0.366 0.199 0.311 
344 OmyJC18ROGR    (3)    2 :  0.228 0.508 0.113 0.151 
345 OmyJC18ROGR    (2)    2 :  0.070 0.689 0.131 0.111 
346 OmyJC18ROGR    (4)    2 :  0.212 0.040 0.707 0.041 
347 OmyJC18ROGR    (3)    2 :  0.664 0.071 0.204 0.062 
348 OmyJC18ROGR    (1)    2 :  0.219 0.233 0.443 0.105 
349 OmyJC18ROGR    (1)    2 :  0.578 0.051 0.290 0.080 
350 OmyJC18ROGR    (1)    2 :  0.577 0.072 0.294 0.057 
351 OmyJC18ROGR    (0)    2 :  0.162 0.726 0.069 0.042 
352 OmyJC18ROGR    (4)    2 :  0.171 0.472 0.242 0.116 
353 OmyJC18ROGR    (2)    2 :  0.158 0.219 0.396 0.227 
354 OmyJC18ROGR    (1)    2 :  0.335 0.124 0.466 0.075 
355 OmyJC18ROGR    (2)    2 :  0.270 0.053 0.549 0.128 
356 OmyJC18ROGR    (1)    2 :  0.182 0.057 0.244 0.517 
357 OmyJC18ROGR    (2)    2 :  0.041 0.669 0.047 0.243 
358 OmyJC18ROGR    (2)    2 :  0.362 0.026 0.222 0.390 
359 OmyJC18ROGR    (3)    2 :  0.497 0.130 0.231 0.143 
360 OmyJC18ROGR    (0)    2 :  0.178 0.071 0.223 0.528 
361 OmyJC18ROGR    (1)    2 :  0.309 0.024 0.574 0.093 
362 OmyJC18ROGR    (1)    2 :  0.279 0.244 0.372 0.105 
363 OmyJC18ROGR    (2)    2 :  0.180 0.282 0.247 0.291 
364 OmyJC18ROGR    (3)    2 :  0.735 0.029 0.167 0.069 
365 OmyJC18ROGR    (4)    2 :  0.354 0.054 0.536 0.057 
366 OmyJC18ROGR    (4)    2 :  0.223 0.056 0.291 0.430 
367 OmyJC18ROGR    (3)    2 :  0.073 0.789 0.089 0.049 
368 OmyJC18ROGR    (3)    2 :  0.299 0.404 0.212 0.084 
369 OmyJC18ROGR    (2)    2 :  0.141 0.096 0.362 0.401 
370 OmyJC18ROGR    (3)    2 :  0.225 0.085 0.560 0.130 
371 OmyJC18ROGR    (1)    2 :  0.356 0.057 0.376 0.211 
372 OmyJC18ROGR    (3)    2 :  0.424 0.131 0.263 0.182 
373 OmyJC18ROGR    (5)    2 :  0.123 0.127 0.155 0.594 
374 OmyJC18ROGR    (5)    2 :  0.108 0.031 0.066 0.795 
375 OmyJC18ROGR    (3)    2 :  0.358 0.135 0.437 0.070 
376 OmyJC18ROGR    (3)    2 :  0.040 0.882 0.045 0.033 
377 OmyJC18ROGR    (4)    2 :  0.126 0.257 0.129 0.488 
378 OmyJC18ROGR    (0)    2 :  0.436 0.122 0.196 0.246 
379 OmyJC18ROGR    (5)    2 :  0.364 0.151 0.271 0.214 
380 OmyJC18ROGR    (4)    2 :  0.174 0.218 0.329 0.279 
381 OmyJC18ROGR    (1)    2 :  0.497 0.074 0.249 0.180 
382 OmyJC18ROGR    (1)    2 :  0.455 0.051 0.296 0.198 
383 OmyJC18ROGR    (3)    2 :  0.147 0.472 0.278 0.103 
384 OmyJC18ROGR    (2)    2 :  0.505 0.253 0.201 0.041 
385 OmyJC18ROGR    (4)    2 :  0.357 0.062 0.537 0.044 
386 OmyJC18ROGR    (2)    2 :  0.382 0.373 0.191 0.054 
387 OmyJC18ROGR    (1)    2 :  0.205 0.352 0.116 0.326 
388 OmyJC18ROGR    (6)    2 :  0.220 0.090 0.221 0.469 
389 OmyJC18ROGR    (1)    2 :  0.348 0.201 0.367 0.084 
390 OmyJC18ROGR    (1)    2 :  0.516 0.094 0.271 0.119 
391 OmyJC18ROGR    (3)    2 :  0.045 0.848 0.048 0.058 
392 OmyJC18ROGR    (2)    2 :  0.261 0.052 0.421 0.266 
393 OmyJC18ROGR    (4)    2 :  0.065 0.082 0.101 0.753 
394 OmyJC18ROGR    (3)    2 :  0.093 0.747 0.119 0.041 
395 OmyJC18ROGR    (7)    2 :  0.110 0.266 0.147 0.477 
396 OmyJC18ROGR    (4)    2 :  0.115 0.553 0.096 0.236 
397 OmyJC18ROGR    (1)    2 :  0.299 0.087 0.436 0.178 
398 OmyJC18ROGR    (3)    2 :  0.213 0.265 0.304 0.217 
399 OmyJC18ROGR    (2)    2 :  0.119 0.385 0.216 0.280 
400 OmyJC18ROGR    (0)    2 :  0.368 0.085 0.417 0.130 
401 OmyJC18ROGR    (6)    2 :  0.084 0.088 0.116 0.712 
402 OmyJC18ROGR    (5)    2 :  0.066 0.280 0.185 0.470 
403 OmyJC18ROGR    (1)    2 :  0.284 0.192 0.261 0.263 
404 OmyJC18ROGR    (2)    2 :  0.389 0.184 0.367 0.060 
405 OmyJC18ROGR    (3)    2 :  0.426 0.056 0.394 0.124 
406 OmyJC18ROGR    (2)    2 :  0.493 0.063 0.378 0.066 
407 OmyJC18ROGR    (2)    2 :  0.355 0.170 0.138 0.337 
408 OmyJC18ROGR    (2)    2 :  0.277 0.161 0.184 0.378 
409 OmyJC18ROGR    (1)    2 :  0.190 0.057 0.443 0.310 
410 OmyJC18ROGR    (1)    2 :  0.297 0.039 0.553 0.112 
411 OmyJC18ROGR    (1)    2 :  0.179 0.064 0.630 0.128 
412 OmyJC18ROGR    (0)    2 :  0.702 0.033 0.202 0.064 
413 OmyJC18ROGR    (1)    2 :  0.310 0.063 0.576 0.052 
414 OmyJC18ROGR    (2)    2 :  0.617 0.035 0.277 0.071 
415 OmyJC18ROGR    (2)    2 :  0.108 0.027 0.625 0.240 
416 OmyJC18ROGR    (3)    2 :  0.355 0.097 0.452 0.096 
417 OmyJC18ROGR    (1)    2 :  0.248 0.075 0.289 0.388 
418 OmyJC18ROGR    (0)    2 :  0.050 0.047 0.117 0.785 
419 OmyJC18ROGR    (1)    2 :  0.182 0.037 0.399 0.382 
420 OmyJC18ROGR    (0)    2 :  0.233 0.049 0.666 0.052 
421 OmyJC18ROGR    (1)    2 :  0.543 0.071 0.291 0.095 
422 OmyJC18ROGR    (6)    2 :  0.231 0.082 0.506 0.181 
423 OmyJC18ROGR    (2)    2 :  0.197 0.074 0.578 0.151 
424 OmyJC18ROGR    (1)    2 :  0.121 0.308 0.294 0.277 
425 OmyJC18ROGR    (1)    2 :  0.156 0.317 0.447 0.080 
426 OmyJC18ROGR    (3)    2 :  0.294 0.049 0.427 0.230 
427 OmyJC18ROGR    (2)    2 :  0.263 0.603 0.104 0.030 
428 OmyJC18ROGR    (6)    2 :  0.229 0.028 0.685 0.057 
429 OmyJC18ROGR    (1)    2 :  0.395 0.239 0.327 0.039 
430 OmyJC18ROGR    (1)    2 :  0.237 0.190 0.322 0.251 
431 OmyJC18ROGR    (0)    2 :  0.347 0.077 0.505 0.071 
432 OmyJC18ROGR    (2)    2 :  0.073 0.800 0.071 0.056 
433 OmyJC18ROGR    (2)    2 :  0.113 0.116 0.108 0.664 
434 OmyJC18ROGR    (2)    2 :  0.350 0.162 0.399 0.089 
435 OmyJC18ROGR    (8)    2 :  0.324 0.111 0.386 0.179 
436 OmyJC18ROGR    (2)    2 :  0.196 0.054 0.560 0.190 
437 OmyJC18ROGR    (4)    2 :  0.262 0.046 0.427 0.265 
438 OmyJC18ROGR    (1)    2 :  0.044 0.093 0.087 0.777 
439 OmyJC18ROGR    (2)    2 :  0.212 0.553 0.117 0.118 
440 OmyJC18ROGR    (0)    2 :  0.039 0.155 0.078 0.728 
441 OmyJC18ROGR    (1)    2 :  0.745 0.041 0.150 0.064 
442 OmyJC18ROGR    (6)    2 :  0.349 0.166 0.261 0.224 
443 OmyJC18ROGR    (1)    2 :  0.667 0.032 0.242 0.059 
444 OmyJC18ROGR    (6)    2 :  0.167 0.070 0.344 0.419 
445 OmyJC18ROGR    (2)    2 :  0.148 0.102 0.457 0.293 
446 OmyJC18ROGR    (3)    2 :  0.111 0.344 0.179 0.367 
447 OmyJC18ROGR    (2)    2 :  0.379 0.147 0.299 0.175 
448 OmyJC18ROGR    (3)    2 :  0.527 0.084 0.284 0.105 
449 OmyJC18ROGR    (1)    2 :  0.439 0.045 0.420 0.096 
450 OmyJC18ROGR    (4)    2 :  0.070 0.257 0.373 0.300 
451 OmyJC18ROGR    (3)    2 :  0.438 0.075 0.360 0.127 
452 OmyJC18ROGR    (1)    2 :  0.610 0.096 0.245 0.049 
453 OmyJC18ROGR    (1)    2 :  0.459 0.035 0.458 0.048 
454 OmyJC18ROGR    (4)    2 :  0.282 0.075 0.174 0.468 
455 OmyJC18ROGR    (4)    2 :  0.203 0.494 0.113 0.191 
456 OmyJC18ROGR    (5)    2 :  0.209 0.167 0.504 0.120 
457 OmyJC18ROGR    (3)    2 :  0.140 0.047 0.281 0.532 
458 OmyJC18ROGR    (1)    2 :  0.290 0.077 0.376 0.256 
459 OmyJC18ROGR    (1)    2 :  0.052 0.866 0.056 0.026 
460 OmyJC18ROGR    (2)    2 :  0.466 0.063 0.405 0.066 
461 OmyJC18ROGR    (1)    2 :  0.064 0.756 0.065 0.116 
462 OmyJC18ROGR    (1)    2 :  0.229 0.026 0.361 0.384 
463 OmyJC18ROGR    (4)    2 :  0.560 0.078 0.255 0.106 
464 OmyJC18ROGR    (6)    2 :  0.249 0.037 0.400 0.314 
465 OmyJC18ROGR    (3)    2 :  0.108 0.050 0.249 0.594 
466 OmyJC18ROGR    (3)    2 :  0.247 0.115 0.343 0.295 
467 OmyJC18ROGR    (2)    2 :  0.323 0.127 0.445 0.104 
468 OmyJC18ROGR    (2)    2 :  0.271 0.029 0.563 0.138 
469 OmyJC18ROGR    (1)    2 :  0.035 0.914 0.027 0.025 
470 OmyJC18ROGR    (0)    2 :  0.123 0.272 0.078 0.527 
471 OmyJC18ROGR    (2)    2 :  0.204 0.124 0.546 0.126 
472 OmyJC18ROGR    (2)    2 :  0.202 0.014 0.743 0.041 
473 OmyJC18ROGR    (1)    2 :  0.386 0.112 0.389 0.112 
474 OmyJC18ROGR    (3)    2 :  0.180 0.081 0.655 0.084 
475 OmyJC18ROGR    (1)    2 :  0.217 0.135 0.183 0.466 
476 OmyJC18ROGR    (2)    2 :  0.426 0.059 0.376 0.139 
477 OmyJC18ROGR    (0)    2 :  0.151 0.123 0.351 0.376 
478 OmyJC18ROGR    (1)    2 :  0.459 0.121 0.306 0.114 
479 OmyJC18ROGR    (1)    2 :  0.205 0.068 0.465 0.261 
480 OmyJC18ROGR    (1)    2 :  0.353 0.127 0.430 0.091 
481 OmyJC18ROGR    (1)    2 :  0.423 0.065 0.402 0.110 
482 OmyJC18ROGR    (1)    2 :  0.156 0.061 0.237 0.545 
483 OmyJC18ROGR    (0)    2 :  0.314 0.054 0.383 0.249 
484 OmyJC18ROGR    (0)    2 :  0.693 0.103 0.129 0.075 
485 OmyJC18ROGR    (0)    2 :  0.218 0.050 0.184 0.548 
486 OmyJC18ROGR    (0)    2 :  0.341 0.066 0.368 0.226 
487 OmyJC18ROGR    (1)    2 :  0.115 0.050 0.115 0.720 
488 OmyJC18ROGR    (1)    2 :  0.175 0.109 0.331 0.385 
489 OmyJC18ROGR    (1)    2 :  0.719 0.055 0.164 0.062 
490 OmyJC18ROGR    (0)    2 :  0.623 0.031 0.290 0.056 
491 OmyJC18ROGR    (0)    2 :  0.166 0.081 0.140 0.613 
492 OmyJC18ROGR    (5)    2 :  0.050 0.773 0.049 0.127 
493 OmyJC18ROGR    (1)    2 :  0.175 0.313 0.222 0.290 
494 OmyJC18ROGR    (3)    2 :  0.329 0.054 0.429 0.188 
495 OmyJC18ROGR    (1)    2 :  0.194 0.142 0.405 0.259 
496 OmyJC18ROGR    (1)    2 :  0.236 0.155 0.566 0.043 
497 OmyJC18ROGR    (1)    2 :  0.245 0.031 0.414 0.311 
498 OmyJC18ROGR    (1)    2 :  0.304 0.098 0.215 0.383 
499 OmyJC18ROGR    (1)    2 :  0.253 0.062 0.401 0.284 
500 OmyJC18ROGR    (1)    2 :  0.308 0.136 0.504 0.052 
501 OmyJC18ROGR    (2)    2 :  0.092 0.034 0.408 0.467 
502 OmyJC18ROGR    (1)    2 :  0.112 0.266 0.102 0.520 
503 OmyJC18ROGR    (2)    2 :  0.278 0.151 0.276 0.295 
504 OmyJC18ROGR    (2)    2 :  0.154 0.094 0.172 0.580 
505 OmyJC18ROGR    (2)    2 :  0.356 0.109 0.387 0.148 
506 OmyJC18ROGR    (3)    2 :  0.177 0.091 0.575 0.156 
507 OmyJC18ROGR    (1)    2 :  0.174 0.137 0.626 0.063 
508 OmyJC18ROGR    (7)    2 :  0.213 0.053 0.600 0.134 
509 OmyJC18ROGR    (1)    2 :  0.190 0.220 0.250 0.340 
510 OmyJC18ROGR    (1)    2 :  0.026 0.930 0.021 0.023 
511 OmyJC18ROGR    (2)    2 :  0.111 0.179 0.137 0.573 
512 OmyJC18ROGR    (1)    2 :  0.162 0.042 0.195 0.601 
513 OmyJC18ROGR    (3)    2 :  0.407 0.046 0.482 0.065 
514 OmyJC18ROGR    (1)    2 :  0.046 0.040 0.054 0.860 
515 OmyJC18ROGR    (5)    2 :  0.260 0.052 0.580 0.108 
516 OmyJC18ROGR    (3)    2 :  0.068 0.332 0.098 0.502 
517 OmyJC18ROGR    (1)    2 :  0.321 0.033 0.202 0.444 
518 OmyJC18ROGR    (1)    2 :  0.139 0.556 0.120 0.185 
519 OmyJC18ROGR    (0)    2 :  0.123 0.149 0.390 0.338 
520 OmyJC18ROGR    (0)    2 :  0.614 0.058 0.139 0.189 
521 OmyJC18ROGR    (2)    2 :  0.169 0.138 0.548 0.145 
522 OmyJC18ROGR    (2)    2 :  0.146 0.423 0.308 0.122 
523 OmyJC18ROGR    (1)    2 :  0.152 0.336 0.136 0.376 
524 OmyJC18ROGR    (3)    2 :  0.263 0.188 0.396 0.154 
525 OmyJC18ROGR    (1)    2 :  0.416 0.085 0.194 0.305 
526 OmyJC18ROGR    (7)    2 :  0.471 0.025 0.411 0.093 
527 OmyJC18ROGR    (4)    2 :  0.461 0.127 0.314 0.098 
528 OmyJC18ROGR    (1)    2 :  0.367 0.039 0.315 0.278 
529 OmyJC18ROGR    (2)    2 :  0.351 0.050 0.518 0.082 
530 OmyJC18ROGR    (1)    2 :  0.133 0.099 0.259 0.510 
531 OmyJC18ROGR    (2)    2 :  0.682 0.049 0.153 0.116 
532 OmyJC18ROGR    (2)    2 :  0.244 0.029 0.546 0.180 
533 OmyJC18ROGR    (5)    2 :  0.035 0.886 0.034 0.046 
534 OmyJC18ROGR    (2)    2 :  0.248 0.146 0.407 0.199 
535 OmyJC18ROGR    (3)    2 :  0.254 0.083 0.279 0.385 
536 OmyJC18ROGR    (0)    2 :  0.363 0.161 0.379 0.096 
537 OmyJC18ROGR    (3)    2 :  0.373 0.309 0.171 0.147 
538 OmyJC18ROGR    (1)    2 :  0.302 0.048 0.422 0.228 
539 OmyJC18ROGR    (1)    2 :  0.213 0.076 0.286 0.425 
540 OmyJC18ROGR    (1)    2 :  0.387 0.075 0.413 0.125 
541 OmyJC18ROGR    (5)    2 :  0.330 0.022 0.250 0.398 
542 OmyJC18ROGR    (4)    2 :  0.456 0.154 0.249 0.141 
543 OmyJC18ROGR    (2)    2 :  0.213 0.023 0.287 0.477 
544 OmyJC18ROGR    (2)    2 :  0.140 0.080 0.365 0.415 
545 OmyJC18ROGR    (2)    2 :  0.263 0.348 0.165 0.224 
546 OmyJC18ROGR    (1)    2 :  0.225 0.061 0.338 0.377 
547 OmyJC18ROGR    (1)    2 :  0.242 0.092 0.292 0.374 
548 OmyJC18ROGR    (1)    2 :  0.091 0.772 0.082 0.055 
549 OmyJC18ROGR    (1)    2 :  0.300 0.340 0.129 0.231 
550 OmyJC18ROGR    (2)    2 :  0.345 0.321 0.244 0.090 
551 OmyJC18ROGR    (4)    2 :  0.502 0.174 0.245 0.079 
552 OmyJC18ROGR    (6)    2 :  0.696 0.051 0.225 0.028 
553 OmyJC18ROGR    (3)    2 :  0.056 0.040 0.073 0.832 
554 OmyJC18ROGR    (1)    2 :  0.168 0.031 0.252 0.549 
555 OmyJC18ROGR    (4)    2 :  0.223 0.045 0.273 0.459 
556 OmyJC18ROGR    (2)    2 :  0.275 0.113 0.364 0.248 
557 OmyJC18ROGR    (0)    2 :  0.358 0.058 0.406 0.179 
558 OmyJC18ROGR    (2)    2 :  0.223 0.091 0.262 0.423 
559 OmyJC18ROGR    (3)    2 :  0.387 0.358 0.138 0.116 
560 OmyJC18ROGR    (6)    2 :  0.240 0.048 0.134 0.579 
561 OmyJC18ROGR    (1)    2 :  0.434 0.217 0.307 0.041 
562 OmyJC18ROGR    (2)    2 :  0.102 0.085 0.196 0.617 
563 OmyJC18ROGR    (2)    2 :  0.272 0.365 0.092 0.272 
564 OmyJC18ROGR    (1)    2 :  0.141 0.403 0.312 0.145 
565 OmyJC18ROGR    (1)    2 :  0.356 0.072 0.528 0.044 
566 OmyJC18ROGR    (1)    2 :  0.201 0.037 0.611 0.151 
567 OmyJC18ROGR    (1)    2 :  0.703 0.056 0.175 0.066 
568 OmyJC18ROGR    (1)    2 :  0.606 0.038 0.221 0.134 
569 OmyJC18ROGR    (3)    2 :  0.385 0.058 0.390 0.167 
570 OmyJC18ROGR    (1)    2 :  0.177 0.297 0.205 0.322 
571 OmyJC18ROGR    (2)    2 :  0.107 0.596 0.151 0.146 
572 OmyJC18ROGR    (5)    2 :  0.101 0.193 0.117 0.589 
573 OmyJC18ROGR    (5)    2 :  0.508 0.204 0.096 0.192 
574 OmyJC18ROGR    (1)    2 :  0.548 0.220 0.167 0.065 
575 OmyJC18ROGR    (2)    2 :  0.277 0.042 0.358 0.323 
576 OmyJC18ROGR    (0)    2 :  0.167 0.033 0.147 0.653 
577 OmyJC18ROGR    (1)    2 :  0.355 0.340 0.184 0.120 
578 OmyJC18ROGR    (1)    2 :  0.869 0.032 0.072 0.028 
579 OmyJC18ROGR    (2)    2 :  0.211 0.098 0.230 0.462 
580 OmyJC18ROGR    (1)    2 :  0.326 0.027 0.220 0.427 
581 OmyJC18ROGR    (1)    2 :  0.125 0.160 0.149 0.565 
582 OmyJC18ROGR    (0)    2 :  0.219 0.118 0.603 0.060 
583 OmyJC18ROGR    (1)    2 :  0.308 0.083 0.225 0.384 
584 OmyJC18ROGR    (2)    2 :  0.320 0.329 0.122 0.228 
585 OmyJC18ROGR    (1)    2 :  0.475 0.289 0.206 0.030 
586 OmyJC18ROGR    (0)    2 :  0.183 0.615 0.093 0.108 
587 OmyJC18ROGR    (1)    2 :  0.166 0.048 0.565 0.222 
588 OmyJC18ROGR    (0)    2 :  0.245 0.510 0.112 0.132 
589 OmyJC18ROGR    (2)    2 :  0.049 0.046 0.075 0.830 
590 OmyJC18ROGR    (2)    2 :  0.170 0.175 0.395 0.260 
591 OmyJC18ROGR    (1)    2 :  0.238 0.428 0.161 0.173 
592 OmyJC18ROGR    (1)    2 :  0.278 0.053 0.402 0.268 
593 OmyJC18ROGR    (1)    2 :  0.240 0.279 0.422 0.059 
594 OmyJC18ROGR    (3)    2 :  0.279 0.049 0.530 0.141 
595 OmyJC18ROGR    (1)    2 :  0.548 0.142 0.169 0.141 
596 OmyJC18ROGR    (1)    2 :  0.192 0.110 0.610 0.088 
597 OmyJC18ROGR    (1)    2 :  0.407 0.101 0.429 0.063 
598 OmyJC18ROGR    (1)    2 :  0.152 0.618 0.146 0.084 
599 OmyJC18ROGR    (1)    2 :  0.253 0.097 0.194 0.456 
600 OmyJC18ROGR    (2)    2 :  0.187 0.060 0.210 0.544 
601 OmyJC18ROGR    (7)    2 :  0.138 0.027 0.067 0.769 
602 OmyJC18ROGR    (3)    2 :  0.174 0.093 0.672 0.061 
603 OmyJC18ROGR    (1)    2 :  0.236 0.072 0.292 0.400 
604 OmyJC18ROGR    (1)    2 :  0.383 0.062 0.304 0.251 
605 OmyJC18ROGR    (1)    2 :  0.153 0.047 0.264 0.536 
606 OmyJC18ROGR    (1)    2 :  0.337 0.466 0.143 0.054 
607 OmyJC18ROGR    (1)    2 :  0.252 0.071 0.464 0.213 
608 OmyJC18ROGR    (1)    2 :  0.252 0.077 0.269 0.402 
609 OmyJC18ROGR    (1)    2 :  0.061 0.071 0.057 0.811 
610 OmyJC18ROGR    (1)    2 :  0.136 0.222 0.334 0.308 
611 OmyJC18ROGR    (1)    2 :  0.210 0.083 0.407 0.300 
612 OmyJC18ROGR    (1)    2 :  0.389 0.168 0.332 0.111 
613 OmyJC18ROGR    (2)    2 :  0.081 0.611 0.146 0.162 
614 OmyJC18ROGR    (1)    2 :  0.057 0.313 0.091 0.539 
615 OmyJC18ROGR    (1)    2 :  0.399 0.053 0.451 0.097 
616 OmyJC18ROGR    (1)    2 :  0.214 0.045 0.655 0.086 
617 OmyJC18ROGR    (1)    2 :  0.191 0.042 0.427 0.339 
618 OmyJC18ROGR    (0)    2 :  0.444 0.168 0.334 0.055 
619 OmyJC18ROGR    (1)    2 :  0.634 0.124 0.178 0.064 
620 OmyJC18ROGR    (1)    2 :  0.201 0.301 0.332 0.167 
621 OmyJC18ROGR    (1)    2 :  0.144 0.221 0.260 0.375 
622 OmyJC18ROGR    (1)    2 :  0.238 0.020 0.440 0.302 
623 OmyJC18ROGR    (1)    2 :  0.419 0.343 0.170 0.068 
624 OmyJC18ROGR    (0)    2 :  0.467 0.110 0.184 0.239 
625 OmyJC18ROGR    (0)    2 :  0.655 0.052 0.257 0.037 
626 OmyJC18ROGR    (1)    2 :  0.160 0.031 0.683 0.126 
627 OmyJC18ROGR    (1)    2 :  0.416 0.039 0.460 0.085 
628 OmyJC18ROGR    (1)    2 :  0.224 0.537 0.167 0.072 
629 OmyJC18ROGR    (1)    2 :  0.036 0.900 0.040 0.023 
630 OmyJC18ROGR    (2)    2 :  0.757 0.090 0.105 0.049 
631 OmyJC18ROGR    (5)    2 :  0.145 0.319 0.092 0.444 
632 OmyJC18ROGR    (2)    2 :  0.259 0.086 0.502 0.153 
633 OmyJC18ROGR    (1)    2 :  0.399 0.332 0.228 0.040 
634 OmyJC18ROGR    (4)    2 :  0.389 0.029 0.216 0.366 
635 OmyJC18ROGR    (1)    2 :  0.845 0.026 0.105 0.025 
636 OmyJC18ROGR    (0)    2 :  0.541 0.087 0.240 0.132 
637 OmyJC18ROGR    (1)    2 :  0.066 0.041 0.056 0.837 
638 OmyJC18ROGR    (0)    2 :  0.579 0.158 0.212 0.050 
639 OmyJC18ROGR    (0)    2 :  0.268 0.084 0.164 0.485 
640 OmyJC18ROGR    (1)    2 :  0.128 0.148 0.588 0.135 
641 OmyJC18ROGR    (1)    2 :  0.268 0.133 0.363 0.236 
642 OmyJC18ROGR    (1)    2 :  0.219 0.405 0.204 0.172 
643 OmyJC18ROGR    (1)    2 :  0.682 0.021 0.258 0.038 
644 OmyJC18ROGR    (1)    2 :  0.519 0.038 0.381 0.061 
645 OmyJC18ROGR    (0)    2 :  0.352 0.264 0.277 0.106 
646 OmyAC19ROGR    (1)    3 :  0.193 0.071 0.555 0.181 
647 OmyJC18ROGR    (1)    2 :  0.613 0.103 0.172 0.111 
648 OmyAC19ROGR    (0)    3 :  0.316 0.028 0.511 0.145 
649 OmyAC19APPR    (1)    3 :  0.795 0.024 0.153 0.028 
650 OmyAC19APPR    (1)    3 :  0.679 0.102 0.169 0.050 
651 OmyJC18ROGR    (1)    2 :  0.544 0.058 0.172 0.226 
652 OmyAC19APPR    (0)    3 :  0.486 0.061 0.322 0.131 
653 OmyAC19CORH    (2)    4 :  0.241 0.060 0.156 0.543 
654 OmyJC18ROGR    (0)    2 :  0.698 0.039 0.164 0.098 
655 OmyAC19CORH    (1)    4 :  0.135 0.181 0.185 0.498 
656 OmyAC19CORH    (1)    4 :  0.075 0.047 0.103 0.775 
657 OmyAC19CORH    (1)    4 :  0.032 0.022 0.038 0.907 
658 OmyAC19CORH    (0)    4 :  0.034 0.057 0.037 0.872 
659 OmyAC19CORH    (0)    4 :  0.040 0.030 0.072 0.858 
660 OmyAC19ROGR    (3)    3 :  0.283 0.166 0.508 0.043 
661 OmyJC18ROGR    (1)    2 :  0.308 0.102 0.392 0.198 
662 OmyAC19ROGR    (1)    3 :  0.414 0.079 0.404 0.103 
663 OmyAC19ROGR    (1)    3 :  0.669 0.055 0.209 0.067 
664 OmyAC19APPR    (1)    3 :  0.106 0.077 0.716 0.102 
665 OmyAC19APPR    (1)    3 :  0.563 0.131 0.267 0.040 
666 OmyJC18ROGR    (0)    2 :  0.106 0.645 0.112 0.137 
667 OmyAC19APPR    (1)    3 :  0.764 0.057 0.133 0.045 
668 OmyAC19CORH    (1)    4 :  0.137 0.324 0.214 0.324 
669 OmyAC19CORH    (0)    4 :  0.053 0.035 0.036 0.875 
670 OmyAC19CORH    (1)    4 :  0.086 0.031 0.107 0.776 
671 OmyAC19CORH    (1)    4 :  0.231 0.075 0.100 0.594 
672 OmyAC19CORH    (1)    4 :  0.117 0.050 0.076 0.757 
673 OmyAC19CORH    (0)    4 :  0.173 0.063 0.240 0.524 
674 OmyAC19ROGR    (2)    3 :  0.430 0.043 0.386 0.142 
