

----------------------------------------------------
STRUCTURE by Pritchard, Stephens and Donnelly (2000)
     and Falush, Stephens and Pritchard (2003)
       Code by Pritchard, Falush and Hubisz
             Version 2.3.4 (Jul 2012)
----------------------------------------------------



Command line arguments:   bin/structure -m "/Users/ddayan/FRA/premature_migration/Rogue_Half-Pounder/rogue_half_pounder_repo/structure/halfpounder/10k_20k_adm_corr/mainparams" -e "/Users/ddayan/FRA/premature_migration/Rogue_Half-Pounder/rogue_half_pounder_repo/structure/halfpounder/10k_20k_adm_corr/extraparams" 
Input File:    /Users/ddayan/FRA/premature_migration/Rogue_Half-Pounder/rogue_half_pounder_repo/structure/halfpounder/project_data

Run parameters:
   882 individuals
   330 loci
   6 populations assumed
   10000 Burn-in period
   20000 Reps


--------------------------------------------
Proportion of membership of each pre-defined
 population in each of the 6 clusters

Given    Inferred Clusters                            Number of
 Pop       1      2      3      4      5      6      Individuals

  1:     0.172  0.195  0.160  0.147  0.163  0.163      157
  2:     0.174  0.163  0.174  0.150  0.168  0.172      643
  3:     0.040  0.162  0.261  0.060  0.227  0.249       40
  4:     0.037  0.082  0.062  0.663  0.096  0.060       42
--------------------------------------------

Allele-freq. divergence among pops (Net nucleotide distance),
computed using point estimates of P.

      1       2       3       4       5       6      
 1      -    0.0087  0.0081  0.0116  0.0084  0.0085  
 2   0.0087     -    0.0013  0.0038  0.0016  0.0015  
 3   0.0081  0.0013     -    0.0035  0.0007  0.0008  
 4   0.0116  0.0038  0.0035     -    0.0042  0.0041  
 5   0.0084  0.0016  0.0007  0.0042     -    0.0013  
 6   0.0085  0.0015  0.0008  0.0041  0.0013     -    

Average distances (expected heterozygosity) between individuals in same cluster:
cluster  1  : 0.2527 
cluster  2  : 0.2846 
cluster  3  : 0.2863 
cluster  4  : 0.2790 
cluster  5  : 0.2850 
cluster  6  : 0.2845 

--------------------------------------------
Estimated Ln Prob of Data   = -249306.1
Mean value of ln likelihood = -245876.9
Variance of ln likelihood   = 6858.3
Mean value of alpha         = 0.1488

Mean value of Fst_1         = 0.0751
Mean value of Fst_2         = 0.0159
Mean value of Fst_3         = 0.0105
Mean value of Fst_4         = 0.0295
Mean value of Fst_5         = 0.0152
Mean value of Fst_6         = 0.0142


Inferred ancestry of individuals:
        Label (%Miss) Pop:  Inferred clusters
  1 OmyAC19ROGR    (0)    1 :  0.013 0.196 0.204 0.233 0.100 0.254 
  2 OmyAC19ROGR    (1)    1 :  0.061 0.386 0.074 0.097 0.146 0.235 
  3 OmyAC19ROGR    (1)    1 :  0.042 0.261 0.188 0.094 0.037 0.378 
  4 OmyAC19ROGR    (1)    1 :  0.018 0.128 0.346 0.090 0.206 0.211 
  5 OmyAC19ROGR    (2)    1 :  0.941 0.011 0.011 0.009 0.014 0.013 
  6 OmyAC19ROGR    (1)    1 :  0.169 0.071 0.222 0.033 0.054 0.451 
  7 OmyAC19ROGR    (1)    1 :  0.157 0.115 0.092 0.106 0.389 0.141 
  8 OmyAC19ROGR    (0)    1 :  0.011 0.689 0.130 0.055 0.055 0.058 
  9 OmyAC19ROGR    (1)    1 :  0.144 0.133 0.160 0.124 0.052 0.387 
 10 OmyAC19ROGR    (1)    1 :  0.490 0.126 0.061 0.094 0.164 0.065 
 11 OmyAC19ROGR    (0)    1 :  0.091 0.087 0.319 0.117 0.134 0.251 
 12 OmyAC19ROGR    (0)    1 :  0.095 0.066 0.101 0.051 0.069 0.617 
 13 OmyAC19ROGR    (1)    1 :  0.024 0.434 0.214 0.111 0.167 0.050 
 14 OmyAC19ROGR    (1)    1 :  0.426 0.072 0.141 0.022 0.199 0.140 
 15 OmyAC19ROGR    (2)    1 :  0.383 0.065 0.146 0.040 0.282 0.083 
 16 OmyAC19ROGR    (1)    1 :  0.086 0.147 0.325 0.098 0.124 0.220 
 17 OmyAC19ROGR    (1)    1 :  0.064 0.590 0.128 0.015 0.083 0.120 
 18 OmyAC19ROGR    (2)    1 :  0.018 0.392 0.176 0.125 0.232 0.057 
 19 OmyAC19ROGR    (1)    1 :  0.034 0.169 0.281 0.071 0.379 0.065 
 20 OmyAC19ROGR    (1)    1 :  0.204 0.133 0.118 0.016 0.317 0.212 
 21 OmyAC19ROGR    (1)    1 :  0.160 0.414 0.104 0.058 0.185 0.079 
 22 OmyAC19ROGR    (1)    1 :  0.043 0.112 0.171 0.263 0.145 0.266 
 23 OmyAC19ROGR    (1)    1 :  0.134 0.441 0.131 0.091 0.055 0.149 
 24 OmyAC19ROGR    (1)    1 :  0.013 0.022 0.051 0.851 0.019 0.044 
 25 OmyAC19ROGR    (1)    1 :  0.174 0.178 0.202 0.060 0.320 0.066 
 26 OmyAC19ROGR    (1)    1 :  0.086 0.249 0.194 0.286 0.086 0.099 
 27 OmyAC19ROGR    (1)    1 :  0.036 0.083 0.418 0.039 0.264 0.161 
 28 OmyAC19ROGR    (1)    1 :  0.018 0.021 0.034 0.864 0.019 0.043 
 29 OmyAC19ROGR    (1)    1 :  0.048 0.239 0.204 0.089 0.143 0.276 
 30 OmyAC19ROGR    (1)    1 :  0.605 0.112 0.090 0.034 0.066 0.093 
 31 OmyAC19ROGR    (1)    1 :  0.027 0.429 0.168 0.088 0.106 0.182 
 32 OmyAC19ROGR    (1)    1 :  0.063 0.579 0.073 0.142 0.075 0.069 
 33 OmyAC19ROGR    (1)    1 :  0.125 0.152 0.199 0.287 0.096 0.141 
 34 OmyAC19ROGR    (1)    1 :  0.526 0.083 0.120 0.031 0.176 0.065 
 35 OmyAC19ROGR    (0)    1 :  0.067 0.450 0.081 0.148 0.134 0.120 
 36 OmyAC19ROGR    (1)    1 :  0.132 0.303 0.194 0.067 0.112 0.192 
 37 OmyAC19ROGR    (1)    1 :  0.065 0.039 0.154 0.473 0.182 0.086 
 38 OmyAC19ROGR    (1)    1 :  0.448 0.077 0.053 0.360 0.033 0.029 
 39 OmyAC19ROGR    (1)    1 :  0.079 0.533 0.075 0.027 0.222 0.064 
 40 OmyAC19ROGR    (0)    1 :  0.223 0.046 0.117 0.027 0.314 0.274 
 41 OmyAC19ROGR    (1)    1 :  0.023 0.087 0.190 0.069 0.350 0.281 
 42 OmyAC19ROGR    (1)    1 :  0.787 0.072 0.044 0.018 0.035 0.045 
 43 OmyAC19ROGR    (1)    1 :  0.030 0.351 0.082 0.090 0.084 0.362 
 44 OmyAC19ROGR    (7)    1 :  0.030 0.390 0.147 0.056 0.042 0.335 
 45 OmyAC19ROGR    (2)    1 :  0.329 0.073 0.103 0.280 0.039 0.175 
 46 OmyAC19ROGR    (1)    1 :  0.045 0.136 0.168 0.337 0.258 0.056 
 47 OmyAC19ROGR    (0)    1 :  0.061 0.035 0.062 0.702 0.058 0.081 
 48 OmyAC19ROGR    (1)    1 :  0.037 0.319 0.158 0.096 0.071 0.320 
 49 OmyAC19ROGR    (0)    1 :  0.030 0.126 0.237 0.220 0.296 0.092 
 50 OmyAC19ROGR    (1)    1 :  0.019 0.245 0.107 0.018 0.473 0.139 
 51 OmyAC19ROGR    (2)    1 :  0.703 0.043 0.094 0.050 0.048 0.062 
 52 OmyAC19ROGR    (1)    1 :  0.858 0.035 0.029 0.024 0.029 0.024 
 53 OmyAC19ROGR    (2)    1 :  0.027 0.070 0.071 0.652 0.055 0.126 
 54 OmyAC19ROGR    (1)    1 :  0.049 0.082 0.087 0.504 0.150 0.127 
 55 OmyAC19ROGR    (3)    1 :  0.062 0.562 0.137 0.045 0.124 0.070 
 56 OmyAC19ROGR    (1)    1 :  0.064 0.082 0.167 0.431 0.183 0.071 
 57 OmyAC19ROGR    (0)    1 :  0.014 0.132 0.129 0.571 0.086 0.068 
 58 OmyAC19ROGR    (1)    1 :  0.693 0.089 0.087 0.042 0.034 0.055 
 59 OmyAC19ROGR    (0)    1 :  0.017 0.101 0.084 0.502 0.111 0.185 
 60 OmyAC19ROGR    (2)    1 :  0.079 0.078 0.472 0.056 0.151 0.163 
 61 OmyAC19ROGR    (1)    1 :  0.051 0.123 0.111 0.329 0.269 0.116 
 62 OmyAC19ROGR    (1)    1 :  0.035 0.185 0.256 0.055 0.101 0.367 
 63 OmyAC19ROGR    (0)    1 :  0.167 0.126 0.155 0.329 0.090 0.134 
 64 OmyAC19ROGR    (3)    1 :  0.047 0.089 0.323 0.085 0.150 0.307 
 65 OmyAC19ROGR    (1)    1 :  0.045 0.340 0.320 0.066 0.100 0.128 
 66 OmyAC19ROGR    (4)    1 :  0.194 0.116 0.126 0.025 0.468 0.070 
 67 OmyAC19ROGR    (0)    1 :  0.031 0.061 0.337 0.240 0.259 0.073 
 68 OmyAC19ROGR    (2)    1 :  0.044 0.196 0.107 0.415 0.087 0.151 
 69 OmyAC19ROGR    (2)    1 :  0.211 0.158 0.061 0.456 0.068 0.046 
 70 OmyAC19ROGR    (1)    1 :  0.023 0.571 0.100 0.118 0.075 0.113 
 71 OmyAC19ROGR    (0)    1 :  0.021 0.470 0.196 0.062 0.087 0.164 
 72 OmyAC19ROGR    (5)    1 :  0.014 0.128 0.317 0.129 0.114 0.297 
 73 OmyAC19ROGR    (1)    1 :  0.161 0.556 0.048 0.147 0.041 0.048 
 74 OmyAC19ROGR    (1)    1 :  0.032 0.066 0.215 0.034 0.247 0.406 
 75 OmyAC19ROGR    (1)    1 :  0.090 0.233 0.146 0.327 0.152 0.051 
 76 OmyAC19ROGR    (1)    1 :  0.033 0.107 0.086 0.645 0.080 0.048 
 77 OmyAC19ROGR    (1)    1 :  0.905 0.012 0.023 0.013 0.023 0.024 
 78 OmyAC19ROGR    (1)    1 :  0.029 0.538 0.090 0.088 0.066 0.189 
 79 OmyAC19ROGR    (2)    1 :  0.037 0.624 0.081 0.064 0.074 0.121 
 80 OmyAC19ROGR    (2)    1 :  0.712 0.047 0.065 0.075 0.052 0.049 
 81 OmyAC19ROGR    (2)    1 :  0.371 0.073 0.075 0.060 0.135 0.285 
 82 OmyAC19ROGR    (1)    1 :  0.016 0.113 0.134 0.522 0.040 0.175 
 83 OmyAC19ROGR    (0)    1 :  0.029 0.370 0.117 0.159 0.237 0.088 
 84 OmyAC19ROGR    (1)    1 :  0.143 0.106 0.217 0.045 0.221 0.269 
 85 OmyAC19ROGR    (6)    1 :  0.027 0.521 0.145 0.097 0.132 0.077 
 86 OmyAC19ROGR    (1)    1 :  0.060 0.066 0.177 0.017 0.478 0.203 
 87 OmyAC19ROGR    (2)    1 :  0.025 0.047 0.165 0.225 0.222 0.317 
 88 OmyJC19ROGR    (0)    2 :  0.814 0.064 0.019 0.013 0.060 0.030 
 89 OmyJC19ROGR    (1)    2 :  0.036 0.122 0.216 0.044 0.523 0.060 
 90 OmyJC19ROGR    (1)    2 :  0.882 0.031 0.032 0.018 0.021 0.017 
 91 OmyJC19ROGR    (2)    2 :  0.012 0.081 0.237 0.310 0.186 0.175 
 92 OmyJC19ROGR    (1)    2 :  0.031 0.268 0.116 0.448 0.077 0.061 
 93 OmyJC19ROGR    (1)    2 :  0.012 0.052 0.063 0.798 0.040 0.036 
 94 OmyJC19ROGR    (1)    2 :  0.146 0.427 0.157 0.027 0.129 0.114 
 95 OmyJC19ROGR    (0)    2 :  0.166 0.384 0.104 0.025 0.143 0.178 
 96 OmyJC19ROGR    (2)    2 :  0.077 0.134 0.455 0.068 0.168 0.099 
 97 OmyJC19ROGR    (1)    2 :  0.110 0.063 0.028 0.759 0.016 0.023 
 98 OmyJC19ROGR    (0)    2 :  0.033 0.191 0.399 0.085 0.137 0.155 
 99 OmyJC19ROGR    (0)    2 :  0.080 0.091 0.188 0.354 0.082 0.204 
100 OmyJC19ROGR    (1)    2 :  0.028 0.631 0.210 0.046 0.032 0.054 
101 OmyJC19ROGR    (1)    2 :  0.477 0.184 0.092 0.096 0.069 0.083 
102 OmyJC19ROGR    (1)    2 :  0.046 0.091 0.389 0.029 0.381 0.064 
103 OmyJC19ROGR    (2)    2 :  0.148 0.207 0.194 0.106 0.221 0.124 
104 OmyJC19ROGR    (1)    2 :  0.027 0.238 0.195 0.388 0.066 0.085 
105 OmyJC19ROGR    (1)    2 :  0.180 0.025 0.101 0.502 0.052 0.140 
106 OmyJC19ROGR    (1)    2 :  0.905 0.009 0.015 0.037 0.015 0.018 
107 OmyJC19ROGR    (2)    2 :  0.064 0.054 0.481 0.081 0.221 0.100 
108 OmyJC19ROGR    (0)    2 :  0.042 0.182 0.276 0.175 0.139 0.186 
109 OmyJC19ROGR    (1)    2 :  0.163 0.090 0.373 0.021 0.237 0.116 
110 OmyJC19ROGR    (1)    2 :  0.168 0.151 0.104 0.443 0.048 0.085 
111 OmyJC19ROGR    (1)    2 :  0.051 0.129 0.224 0.356 0.098 0.142 
112 OmyJC19ROGR    (2)    2 :  0.061 0.304 0.304 0.047 0.116 0.168 
113 OmyJC19ROGR    (1)    2 :  0.488 0.082 0.089 0.034 0.227 0.080 
114 OmyJC19ROGR    (3)    2 :  0.025 0.509 0.111 0.037 0.165 0.154 
115 OmyJC19ROGR    (2)    2 :  0.041 0.059 0.067 0.342 0.031 0.460 
116 OmyJC19ROGR    (0)    2 :  0.082 0.435 0.217 0.041 0.114 0.111 
117 OmyJC19ROGR    (1)    2 :  0.129 0.522 0.129 0.036 0.098 0.085 
118 OmyJC19ROGR    (1)    2 :  0.024 0.327 0.198 0.094 0.299 0.057 
119 OmyJC19ROGR    (3)    2 :  0.043 0.138 0.294 0.035 0.328 0.162 
120 OmyJC19ROGR    (1)    2 :  0.009 0.052 0.080 0.770 0.053 0.035 
121 OmyJC19ROGR    (0)    2 :  0.034 0.257 0.155 0.023 0.275 0.257 
122 OmyJC19ROGR    (1)    2 :  0.044 0.165 0.228 0.162 0.254 0.148 
123 OmyJC19ROGR    (1)    2 :  0.017 0.196 0.350 0.205 0.131 0.100 
124 OmyJC19ROGR    (0)    2 :  0.084 0.144 0.187 0.030 0.064 0.491 
125 OmyJC19ROGR    (1)    2 :  0.079 0.168 0.101 0.406 0.062 0.184 
126 OmyJC19ROGR    (1)    2 :  0.621 0.115 0.090 0.041 0.057 0.077 
127 OmyJC19ROGR    (1)    2 :  0.040 0.042 0.266 0.043 0.547 0.061 
128 OmyJC19ROGR    (1)    2 :  0.027 0.084 0.129 0.659 0.067 0.034 
129 OmyJC19ROGR    (1)    2 :  0.136 0.685 0.040 0.032 0.063 0.045 
130 OmyJC19ROGR    (1)    2 :  0.058 0.179 0.202 0.028 0.069 0.465 
131 OmyJC19ROGR    (1)    2 :  0.051 0.504 0.112 0.103 0.074 0.156 
132 OmyJC19ROGR    (1)    2 :  0.037 0.064 0.177 0.439 0.181 0.102 
133 OmyJC19ROGR    (1)    2 :  0.021 0.519 0.143 0.040 0.070 0.209 
134 OmyJC19ROGR    (1)    2 :  0.038 0.057 0.078 0.038 0.520 0.270 
135 OmyJC19ROGR    (1)    2 :  0.013 0.021 0.023 0.906 0.018 0.020 
136 OmyJC19ROGR    (3)    2 :  0.034 0.194 0.299 0.087 0.306 0.081 
137 OmyJC19ROGR    (1)    2 :  0.172 0.056 0.138 0.036 0.353 0.245 
138 OmyJC19ROGR    (1)    2 :  0.694 0.119 0.058 0.023 0.043 0.063 
139 OmyJC19ROGR    (2)    2 :  0.017 0.615 0.072 0.034 0.080 0.183 
140 OmyJC19ROGR    (3)    2 :  0.085 0.618 0.101 0.039 0.101 0.058 
141 OmyJC19ROGR    (0)    2 :  0.331 0.311 0.082 0.092 0.102 0.082 
142 OmyJC19ROGR    (1)    2 :  0.283 0.096 0.236 0.164 0.135 0.086 
143 OmyJC19ROGR    (0)    2 :  0.050 0.127 0.101 0.579 0.026 0.117 
144 OmyJC19ROGR    (1)    2 :  0.010 0.710 0.056 0.033 0.027 0.163 
145 OmyJC19ROGR    (1)    2 :  0.018 0.053 0.455 0.020 0.081 0.373 
146 OmyJC19ROGR    (2)    2 :  0.052 0.227 0.069 0.506 0.090 0.055 
147 OmyJC19ROGR    (1)    2 :  0.040 0.048 0.420 0.073 0.349 0.071 
148 OmyJC19ROGR    (1)    2 :  0.014 0.076 0.251 0.126 0.186 0.347 
149 OmyJC19ROGR    (2)    2 :  0.056 0.182 0.162 0.259 0.213 0.129 
150 OmyJC19ROGR    (2)    2 :  0.049 0.087 0.139 0.328 0.323 0.074 
151 OmyJC19ROGR    (1)    2 :  0.059 0.614 0.065 0.070 0.146 0.047 
152 OmyJC19ROGR    (0)    2 :  0.039 0.045 0.376 0.077 0.196 0.267 
153 OmyJC19ROGR    (1)    2 :  0.030 0.029 0.040 0.843 0.027 0.031 
154 OmyJC19ROGR    (2)    2 :  0.039 0.055 0.242 0.031 0.368 0.264 
155 OmyJC19ROGR    (1)    2 :  0.062 0.205 0.165 0.138 0.262 0.169 
156 OmyJC19ROGR    (1)    2 :  0.101 0.046 0.096 0.122 0.406 0.230 
157 OmyJC19ROGR    (0)    2 :  0.053 0.180 0.219 0.152 0.092 0.305 
158 OmyJC19ROGR    (2)    2 :  0.016 0.137 0.390 0.098 0.271 0.088 
159 OmyJC19ROGR    (1)    2 :  0.028 0.091 0.298 0.027 0.380 0.176 
160 OmyJC19ROGR    (0)    2 :  0.044 0.135 0.129 0.172 0.342 0.179 
161 OmyJC19ROGR    (1)    2 :  0.028 0.127 0.190 0.317 0.173 0.165 
162 OmyJC19ROGR    (1)    2 :  0.052 0.097 0.278 0.182 0.287 0.105 
163 OmyJC19ROGR    (1)    2 :  0.029 0.043 0.118 0.485 0.127 0.198 
164 OmyJC19ROGR    (1)    2 :  0.018 0.181 0.475 0.036 0.155 0.135 
165 OmyJC19ROGR    (0)    2 :  0.015 0.134 0.271 0.125 0.052 0.403 
166 OmyJC19ROGR    (0)    2 :  0.033 0.058 0.107 0.033 0.173 0.595 
167 OmyJC19ROGR    (2)    2 :  0.068 0.080 0.183 0.209 0.234 0.226 
168 OmyJC19ROGR    (0)    2 :  0.040 0.498 0.252 0.044 0.126 0.040 
169 OmyJC19ROGR    (1)    2 :  0.924 0.012 0.020 0.010 0.018 0.015 
170 OmyJC19ROGR    (1)    2 :  0.058 0.080 0.105 0.579 0.044 0.134 
171 OmyJC19ROGR    (1)    2 :  0.020 0.306 0.222 0.084 0.139 0.230 
172 OmyJC19ROGR    (0)    2 :  0.342 0.109 0.161 0.224 0.099 0.065 
173 OmyJC19ROGR    (1)    2 :  0.910 0.013 0.016 0.013 0.029 0.020 
174 OmyJC19ROGR    (0)    2 :  0.022 0.122 0.193 0.081 0.059 0.524 
175 OmyJC19ROGR    (1)    2 :  0.021 0.540 0.203 0.055 0.099 0.081 
176 OmyJC19ROGR    (1)    2 :  0.035 0.116 0.113 0.482 0.227 0.027 
177 OmyJC19ROGR    (1)    2 :  0.012 0.032 0.085 0.718 0.044 0.109 
178 OmyJC19ROGR    (0)    2 :  0.027 0.049 0.520 0.019 0.229 0.156 
179 OmyJC19ROGR    (1)    2 :  0.017 0.203 0.147 0.373 0.112 0.149 
180 OmyJC19ROGR    (1)    2 :  0.808 0.059 0.029 0.040 0.038 0.025 
181 OmyJC19ROGR    (1)    2 :  0.026 0.137 0.232 0.048 0.201 0.356 
182 OmyJC19ROGR    (1)    2 :  0.092 0.648 0.069 0.045 0.063 0.083 
183 OmyJC19ROGR    (1)    2 :  0.026 0.197 0.125 0.056 0.144 0.452 
184 OmyJC19ROGR    (1)    2 :  0.488 0.185 0.083 0.088 0.097 0.059 
185 OmyJC19ROGR    (2)    2 :  0.008 0.765 0.121 0.029 0.048 0.029 
186 OmyJC19ROGR    (1)    2 :  0.080 0.332 0.082 0.386 0.045 0.076 
187 OmyJC19ROGR    (0)    2 :  0.017 0.028 0.222 0.039 0.073 0.623 
188 OmyJC19ROGR    (1)    2 :  0.033 0.712 0.078 0.045 0.028 0.103 
189 OmyJC19ROGR    (0)    2 :  0.120 0.263 0.158 0.232 0.124 0.102 
190 OmyJC19ROGR    (0)    2 :  0.041 0.049 0.154 0.577 0.112 0.067 
191 OmyJC19ROGR    (2)    2 :  0.028 0.085 0.103 0.493 0.043 0.248 
192 OmyJC19ROGR    (1)    2 :  0.024 0.041 0.414 0.019 0.464 0.038 
193 OmyJC19ROGR    (1)    2 :  0.083 0.072 0.418 0.079 0.254 0.094 
194 OmyJC19ROGR    (0)    2 :  0.010 0.029 0.243 0.035 0.645 0.039 
195 OmyJC19ROGR    (1)    2 :  0.804 0.047 0.041 0.011 0.037 0.060 
196 OmyJC19ROGR    (1)    2 :  0.018 0.159 0.066 0.019 0.083 0.656 
197 OmyJC19ROGR    (1)    2 :  0.045 0.181 0.061 0.327 0.192 0.194 
198 OmyJC19ROGR    (1)    2 :  0.741 0.033 0.096 0.049 0.056 0.026 
199 OmyJC19ROGR    (0)    2 :  0.022 0.581 0.109 0.047 0.093 0.149 
200 OmyJC19ROGR    (0)    2 :  0.037 0.077 0.059 0.662 0.097 0.068 
201 OmyJC19ROGR    (1)    2 :  0.018 0.086 0.366 0.048 0.232 0.251 
202 OmyJC19ROGR    (0)    2 :  0.010 0.032 0.064 0.782 0.078 0.034 
203 OmyJC19ROGR    (0)    2 :  0.026 0.147 0.222 0.089 0.098 0.418 
204 OmyJC19ROGR    (1)    2 :  0.041 0.171 0.320 0.116 0.145 0.208 
205 OmyJC19ROGR    (1)    2 :  0.073 0.086 0.212 0.069 0.043 0.517 
206 OmyJC19ROGR    (1)    2 :  0.815 0.048 0.054 0.027 0.033 0.022 
207 OmyJC19ROGR    (1)    2 :  0.184 0.068 0.309 0.059 0.125 0.256 
208 OmyJC19ROGR    (1)    2 :  0.028 0.291 0.313 0.046 0.172 0.149 
209 OmyJC19ROGR    (0)    2 :  0.479 0.236 0.060 0.118 0.051 0.056 
210 OmyJC19ROGR    (1)    2 :  0.899 0.018 0.018 0.011 0.021 0.033 
211 OmyJC19ROGR    (0)    2 :  0.090 0.088 0.283 0.041 0.392 0.106 
212 OmyJC19ROGR    (1)    2 :  0.200 0.036 0.129 0.268 0.129 0.237 
213 OmyJC19ROGR    (1)    2 :  0.021 0.228 0.161 0.043 0.038 0.509 
214 OmyJC19ROGR    (1)    2 :  0.037 0.030 0.407 0.034 0.082 0.410 
215 OmyJC19ROGR    (1)    2 :  0.020 0.100 0.082 0.035 0.701 0.062 
216 OmyJC19ROGR    (1)    2 :  0.794 0.047 0.032 0.028 0.030 0.070 
217 OmyJC19ROGR    (1)    2 :  0.338 0.082 0.215 0.071 0.153 0.141 
218 OmyJC19ROGR    (1)    2 :  0.026 0.079 0.162 0.438 0.063 0.232 
219 OmyJC19ROGR    (1)    2 :  0.091 0.072 0.119 0.023 0.522 0.173 
220 OmyJC19ROGR    (1)    2 :  0.012 0.164 0.434 0.095 0.242 0.053 
221 OmyJC19ROGR    (0)    2 :  0.218 0.063 0.284 0.038 0.045 0.352 
222 OmyJC19ROGR    (1)    2 :  0.027 0.151 0.169 0.139 0.165 0.349 
223 OmyJC19ROGR    (0)    2 :  0.040 0.056 0.150 0.051 0.276 0.426 
224 OmyJC19ROGR    (1)    2 :  0.023 0.127 0.333 0.085 0.335 0.097 
225 OmyJC19ROGR    (1)    2 :  0.923 0.015 0.013 0.015 0.021 0.013 
226 OmyJC19ROGR    (0)    2 :  0.156 0.404 0.130 0.027 0.178 0.105 
227 OmyJC19ROGR    (1)    2 :  0.880 0.020 0.021 0.032 0.021 0.026 
228 OmyJC19ROGR    (1)    2 :  0.037 0.105 0.242 0.029 0.179 0.409 
229 OmyJC19ROGR    (2)    2 :  0.022 0.520 0.117 0.084 0.039 0.218 
230 OmyJC19ROGR    (1)    2 :  0.169 0.150 0.301 0.114 0.039 0.228 
231 OmyJC19ROGR    (1)    2 :  0.051 0.136 0.159 0.034 0.254 0.367 
232 OmyJC19ROGR    (2)    2 :  0.034 0.317 0.204 0.143 0.132 0.170 
233 OmyJC19ROGR    (1)    2 :  0.079 0.136 0.325 0.066 0.177 0.218 
234 OmyJC19ROGR    (1)    2 :  0.897 0.021 0.020 0.024 0.021 0.017 
235 OmyJC19ROGR    (0)    2 :  0.485 0.079 0.124 0.069 0.181 0.062 
236 OmyJC19ROGR    (1)    2 :  0.020 0.042 0.542 0.151 0.159 0.086 
237 OmyJC19ROGR    (1)    2 :  0.075 0.092 0.310 0.137 0.266 0.120 
238 OmyJC19ROGR    (0)    2 :  0.091 0.030 0.471 0.036 0.111 0.261 
239 OmyJC19ROGR    (1)    2 :  0.055 0.165 0.111 0.027 0.599 0.043 
240 OmyJC19ROGR    (1)    2 :  0.030 0.400 0.204 0.042 0.134 0.190 
241 OmyJC19ROGR    (0)    2 :  0.064 0.222 0.069 0.339 0.155 0.150 
242 OmyJC19ROGR    (1)    2 :  0.016 0.040 0.091 0.108 0.656 0.089 
243 OmyJC19ROGR    (1)    2 :  0.045 0.101 0.115 0.286 0.130 0.324 
244 OmyJC19ROGR    (1)    2 :  0.044 0.156 0.204 0.170 0.069 0.358 
245 OmyJC19ROGR    (0)    2 :  0.928 0.017 0.011 0.010 0.020 0.014 
246 OmyJC19ROGR    (1)    2 :  0.141 0.051 0.101 0.527 0.106 0.074 
247 OmyJC19ROGR    (0)    2 :  0.482 0.109 0.115 0.093 0.048 0.153 
248 OmyJC19ROGR    (1)    2 :  0.432 0.383 0.042 0.035 0.054 0.053 
249 OmyJC19ROGR    (1)    2 :  0.045 0.167 0.312 0.041 0.144 0.291 
250 OmyJC19ROGR    (0)    2 :  0.069 0.426 0.196 0.060 0.137 0.112 
251 OmyJC19ROGR    (1)    2 :  0.041 0.082 0.155 0.052 0.167 0.503 
252 OmyJC19ROGR    (0)    2 :  0.029 0.042 0.041 0.781 0.040 0.067 
253 OmyJC19ROGR    (0)    2 :  0.047 0.629 0.076 0.028 0.172 0.047 
254 OmyJC19ROGR    (1)    2 :  0.045 0.178 0.127 0.278 0.125 0.246 
255 OmyJC19ROGR    (1)    2 :  0.025 0.059 0.173 0.414 0.060 0.270 
256 OmyJC19ROGR    (1)    2 :  0.248 0.032 0.122 0.249 0.149 0.201 
257 OmyJC19ROGR    (0)    2 :  0.055 0.200 0.229 0.049 0.069 0.397 
258 OmyAC19ROGR    (1)    1 :  0.187 0.222 0.130 0.122 0.172 0.167 
259 OmyAC19ROGR    (2)    1 :  0.408 0.073 0.176 0.078 0.212 0.054 
260 OmyAC19ROGR    (1)    1 :  0.016 0.395 0.088 0.059 0.395 0.047 
261 OmyAC19ROGR    (0)    1 :  0.041 0.457 0.171 0.032 0.074 0.225 
262 OmyAC19ROGR    (1)    1 :  0.109 0.241 0.197 0.160 0.182 0.112 
263 OmyAC19ROGR    (0)    1 :  0.032 0.059 0.182 0.381 0.104 0.243 
264 OmyAC19ROGR    (1)    1 :  0.038 0.091 0.139 0.037 0.174 0.520 
265 OmyAC19ROGR    (1)    1 :  0.032 0.052 0.187 0.101 0.415 0.214 
266 OmyAC19ROGR    (1)    1 :  0.015 0.139 0.203 0.043 0.083 0.518 
267 OmyAC19ROGR    (1)    1 :  0.137 0.221 0.311 0.069 0.156 0.106 
268 OmyAC19ROGR    (2)    1 :  0.120 0.164 0.167 0.377 0.085 0.086 
269 OmyAC19ROGR    (1)    1 :  0.137 0.559 0.091 0.035 0.110 0.069 
270 OmyAC19ROGR    (1)    1 :  0.028 0.100 0.168 0.435 0.044 0.225 
271 OmyAC19ROGR    (1)    1 :  0.268 0.351 0.143 0.059 0.103 0.076 
272 OmyAC19ROGR    (0)    1 :  0.162 0.130 0.108 0.023 0.125 0.453 
273 OmyAC19ROGR    (0)    1 :  0.030 0.642 0.088 0.054 0.079 0.108 
274 OmyAC19ROGR    (1)    1 :  0.758 0.045 0.059 0.024 0.053 0.061 
275 OmyAC19ROGR    (1)    1 :  0.114 0.127 0.257 0.154 0.239 0.109 
276 OmyAC19ROGR    (1)    1 :  0.039 0.133 0.158 0.047 0.435 0.187 
277 OmyAC19ROGR    (1)    1 :  0.069 0.230 0.116 0.034 0.279 0.273 
278 OmyAC19ROGR    (1)    1 :  0.251 0.079 0.366 0.042 0.116 0.146 
279 OmyAC19ROGR    (0)    1 :  0.146 0.102 0.282 0.031 0.390 0.049 
280 OmyAC19ROGR    (1)    1 :  0.091 0.112 0.211 0.372 0.099 0.115 
281 OmyAC19ROGR    (1)    1 :  0.038 0.430 0.230 0.043 0.179 0.078 
282 OmyAC19ROGR    (1)    1 :  0.146 0.152 0.198 0.082 0.212 0.209 
283 OmyAC19ROGR    (1)    1 :  0.046 0.143 0.158 0.047 0.363 0.244 
284 OmyAC19ROGR    (0)    1 :  0.023 0.081 0.117 0.091 0.091 0.597 
285 OmyAC19ROGR    (1)    1 :  0.036 0.143 0.175 0.194 0.290 0.163 
286 OmyAC19ROGR    (1)    1 :  0.018 0.255 0.208 0.103 0.210 0.206 
287 OmyAC19ROGR    (1)    1 :  0.945 0.011 0.008 0.008 0.018 0.009 
288 OmyAC19ROGR    (1)    1 :  0.739 0.059 0.092 0.033 0.034 0.043 
289 OmyAC19ROGR    (1)    1 :  0.100 0.296 0.200 0.036 0.256 0.112 
290 OmyAC19ROGR    (1)    1 :  0.913 0.014 0.014 0.020 0.019 0.019 
291 OmyAC19ROGR    (1)    1 :  0.386 0.081 0.171 0.157 0.052 0.154 
292 OmyAC19ROGR    (1)    1 :  0.201 0.379 0.150 0.046 0.122 0.101 
293 OmyAC19ROGR    (1)    1 :  0.027 0.100 0.092 0.648 0.045 0.088 
294 OmyAC19ROGR    (1)    1 :  0.148 0.068 0.161 0.027 0.453 0.143 
295 OmyAC19ROGR    (0)    1 :  0.016 0.507 0.080 0.090 0.179 0.128 
296 OmyAC19ROGR    (0)    1 :  0.026 0.069 0.203 0.081 0.336 0.285 
297 OmyAC19ROGR    (1)    1 :  0.751 0.052 0.057 0.024 0.053 0.062 
298 OmyAC19ROGR    (0)    1 :  0.021 0.045 0.232 0.035 0.520 0.147 
299 OmyAC19ROGR    (1)    1 :  0.181 0.040 0.206 0.246 0.232 0.094 
300 OmyAC19ROGR    (1)    1 :  0.026 0.279 0.246 0.071 0.301 0.077 
301 OmyAC19ROGR    (0)    1 :  0.875 0.039 0.020 0.021 0.023 0.021 
302 OmyAC19ROGR    (1)    1 :  0.422 0.039 0.186 0.038 0.178 0.136 
303 OmyAC19ROGR    (1)    1 :  0.089 0.479 0.188 0.034 0.128 0.082 
304 OmyAC19ROGR    (1)    1 :  0.134 0.120 0.307 0.062 0.330 0.049 
305 OmyAC19ROGR    (1)    1 :  0.024 0.154 0.420 0.075 0.206 0.122 
306 OmyAC19ROGR    (1)    1 :  0.556 0.138 0.038 0.012 0.052 0.203 
307 OmyAC19ROGR    (2)    1 :  0.018 0.193 0.323 0.160 0.187 0.120 
308 OmyAC19ROGR    (0)    1 :  0.085 0.098 0.226 0.031 0.447 0.112 
309 OmyAC19ROGR    (2)    1 :  0.884 0.024 0.023 0.023 0.019 0.028 
310 OmyAC19ROGR    (0)    1 :  0.401 0.114 0.120 0.050 0.167 0.147 
311 OmyAC19ROGR    (0)    1 :  0.447 0.059 0.099 0.035 0.254 0.106 
312 OmyAC19ROGR    (0)    1 :  0.032 0.091 0.268 0.439 0.086 0.085 
313 OmyAC19ROGR    (1)    1 :  0.013 0.044 0.439 0.096 0.189 0.220 
314 OmyAC19ROGR    (0)    1 :  0.048 0.095 0.097 0.554 0.125 0.081 
315 OmyAC19ROGR    (1)    1 :  0.041 0.331 0.135 0.063 0.067 0.363 
316 OmyAC19ROGR    (1)    1 :  0.025 0.113 0.198 0.040 0.408 0.217 
317 OmyAC19ROGR    (1)    1 :  0.028 0.597 0.108 0.152 0.083 0.033 
318 OmyAC19ROGR    (1)    1 :  0.026 0.227 0.159 0.379 0.085 0.124 
319 OmyAC19ROGR    (1)    1 :  0.014 0.410 0.148 0.070 0.137 0.222 
320 OmyAC19ROGR    (0)    1 :  0.010 0.037 0.391 0.063 0.202 0.298 
321 OmyAC19ROGR    (1)    1 :  0.017 0.170 0.315 0.038 0.285 0.175 
322 OmyAC19ROGR    (0)    1 :  0.287 0.370 0.108 0.043 0.096 0.096 
323 OmyAC19ROGR    (1)    1 :  0.018 0.123 0.203 0.026 0.212 0.417 
324 OmyAC19ROGR    (1)    1 :  0.014 0.036 0.133 0.088 0.194 0.536 
325 OmyAC19ROGR    (1)    1 :  0.345 0.337 0.063 0.031 0.078 0.146 
326 OmyAC19ROGR    (1)    1 :  0.040 0.172 0.214 0.051 0.178 0.345 
327 OmyAC19ROGR    (1)    1 :  0.028 0.035 0.126 0.074 0.371 0.366 
328 OmyJC18ROGR    (1)    2 :  0.039 0.042 0.113 0.613 0.110 0.083 
329 OmyJC18ROGR    (0)    2 :  0.040 0.229 0.198 0.045 0.105 0.383 
330 OmyJC18ROGR    (0)    2 :  0.051 0.106 0.149 0.015 0.260 0.419 
331 OmyJC18ROGR    (1)    2 :  0.641 0.049 0.102 0.056 0.078 0.073 
332 OmyJC18ROGR    (1)    2 :  0.705 0.065 0.053 0.040 0.102 0.036 
333 OmyJC18ROGR    (1)    2 :  0.813 0.070 0.042 0.016 0.034 0.024 
334 OmyJC18ROGR    (1)    2 :  0.129 0.120 0.082 0.122 0.055 0.493 
335 OmyJC18ROGR    (0)    2 :  0.015 0.047 0.278 0.334 0.200 0.127 
336 OmyJC18ROGR    (1)    2 :  0.843 0.041 0.035 0.016 0.030 0.034 
337 OmyJC18ROGR    (1)    2 :  0.026 0.304 0.241 0.037 0.235 0.157 
338 OmyJC18ROGR    (1)    2 :  0.843 0.032 0.033 0.017 0.046 0.028 
339 OmyJC18ROGR    (1)    2 :  0.027 0.648 0.082 0.021 0.063 0.159 
340 OmyJC18ROGR    (0)    2 :  0.112 0.033 0.141 0.413 0.180 0.121 
341 OmyJC18ROGR    (1)    2 :  0.011 0.099 0.104 0.121 0.321 0.344 
342 OmyJC18ROGR    (2)    2 :  0.287 0.047 0.082 0.048 0.366 0.170 
343 OmyJC18ROGR    (2)    2 :  0.260 0.133 0.221 0.122 0.129 0.136 
344 OmyJC18ROGR    (3)    2 :  0.360 0.213 0.102 0.084 0.187 0.053 
345 OmyJC18ROGR    (2)    2 :  0.609 0.036 0.110 0.067 0.069 0.110 
346 OmyJC18ROGR    (4)    2 :  0.017 0.069 0.092 0.021 0.082 0.719 
347 OmyJC18ROGR    (3)    2 :  0.034 0.233 0.272 0.033 0.242 0.187 
348 OmyJC18ROGR    (1)    2 :  0.138 0.199 0.230 0.049 0.231 0.153 
349 OmyJC18ROGR    (1)    2 :  0.022 0.077 0.372 0.031 0.424 0.074 
350 OmyJC18ROGR    (1)    2 :  0.032 0.071 0.619 0.020 0.186 0.072 
351 OmyJC18ROGR    (0)    2 :  0.664 0.096 0.086 0.019 0.105 0.030 
352 OmyJC18ROGR    (4)    2 :  0.278 0.051 0.367 0.040 0.124 0.141 
353 OmyJC18ROGR    (2)    2 :  0.123 0.095 0.143 0.107 0.170 0.363 
354 OmyJC18ROGR    (1)    2 :  0.068 0.475 0.052 0.028 0.088 0.290 
355 OmyJC18ROGR    (2)    2 :  0.028 0.386 0.128 0.052 0.124 0.283 
356 OmyJC18ROGR    (1)    2 :  0.028 0.060 0.276 0.325 0.132 0.178 
357 OmyJC18ROGR    (2)    2 :  0.654 0.032 0.029 0.217 0.042 0.025 
358 OmyJC18ROGR    (2)    2 :  0.015 0.218 0.099 0.261 0.283 0.125 
359 OmyJC18ROGR    (3)    2 :  0.061 0.170 0.132 0.079 0.483 0.075 
360 OmyJC18ROGR    (0)    2 :  0.039 0.299 0.147 0.321 0.069 0.125 
361 OmyJC18ROGR    (1)    2 :  0.015 0.073 0.177 0.039 0.128 0.567 
362 OmyJC18ROGR    (1)    2 :  0.125 0.126 0.089 0.053 0.185 0.423 
363 OmyJC18ROGR    (2)    2 :  0.146 0.347 0.096 0.127 0.061 0.223 
364 OmyJC18ROGR    (3)    2 :  0.015 0.086 0.167 0.026 0.642 0.064 
365 OmyJC18ROGR    (4)    2 :  0.030 0.185 0.243 0.026 0.234 0.282 
366 OmyJC18ROGR    (4)    2 :  0.024 0.086 0.310 0.201 0.269 0.110 
367 OmyJC18ROGR    (3)    2 :  0.749 0.056 0.050 0.027 0.040 0.078 
368 OmyJC18ROGR    (3)    2 :  0.339 0.132 0.219 0.045 0.163 0.102 
369 OmyJC18ROGR    (2)    2 :  0.058 0.238 0.140 0.276 0.165 0.123 
370 OmyJC18ROGR    (3)    2 :  0.039 0.120 0.383 0.051 0.186 0.220 
371 OmyJC18ROGR    (1)    2 :  0.028 0.279 0.159 0.075 0.290 0.170 
372 OmyJC18ROGR    (3)    2 :  0.059 0.164 0.126 0.064 0.481 0.105 
373 OmyJC18ROGR    (5)    2 :  0.070 0.177 0.087 0.465 0.073 0.128 
374 OmyJC18ROGR    (5)    2 :  0.015 0.074 0.058 0.759 0.061 0.032 
375 OmyJC18ROGR    (3)    2 :  0.074 0.252 0.294 0.046 0.142 0.191 
376 OmyJC18ROGR    (3)    2 :  0.879 0.017 0.030 0.020 0.030 0.024 
377 OmyJC18ROGR    (4)    2 :  0.180 0.142 0.125 0.339 0.084 0.129 
378 OmyJC18ROGR    (0)    2 :  0.053 0.106 0.185 0.140 0.392 0.123 
379 OmyJC18ROGR    (5)    2 :  0.065 0.054 0.163 0.081 0.397 0.240 
380 OmyJC18ROGR    (4)    2 :  0.103 0.344 0.117 0.079 0.199 0.157 
381 OmyJC18ROGR    (1)    2 :  0.035 0.387 0.170 0.066 0.263 0.078 
382 OmyJC18ROGR    (1)    2 :  0.022 0.122 0.356 0.075 0.220 0.205 
383 OmyJC18ROGR    (3)    2 :  0.346 0.320 0.068 0.050 0.068 0.148 
384 OmyJC18ROGR    (2)    2 :  0.149 0.029 0.299 0.017 0.372 0.133 
385 OmyJC18ROGR    (4)    2 :  0.033 0.120 0.152 0.021 0.101 0.572 
386 OmyJC18ROGR    (2)    2 :  0.292 0.070 0.225 0.029 0.313 0.071 
387 OmyJC18ROGR    (1)    2 :  0.242 0.088 0.148 0.214 0.216 0.093 
388 OmyJC18ROGR    (6)    2 :  0.043 0.463 0.146 0.225 0.061 0.062 
389 OmyJC18ROGR    (1)    2 :  0.105 0.247 0.190 0.037 0.152 0.268 
390 OmyJC18ROGR    (1)    2 :  0.051 0.153 0.218 0.058 0.379 0.142 
391 OmyJC18ROGR    (3)    2 :  0.842 0.030 0.035 0.042 0.029 0.022 
392 OmyJC18ROGR    (2)    2 :  0.022 0.100 0.257 0.221 0.234 0.165 
393 OmyJC18ROGR    (4)    2 :  0.057 0.047 0.053 0.716 0.064 0.062 
394 OmyJC18ROGR    (3)    2 :  0.711 0.044 0.139 0.018 0.046 0.042 
395 OmyJC18ROGR    (7)    2 :  0.172 0.191 0.147 0.330 0.095 0.066 
396 OmyJC18ROGR    (4)    2 :  0.544 0.051 0.107 0.167 0.063 0.068 
397 OmyJC18ROGR    (1)    2 :  0.041 0.222 0.291 0.089 0.158 0.200 
398 OmyJC18ROGR    (3)    2 :  0.158 0.130 0.133 0.082 0.119 0.378 
399 OmyJC18ROGR    (2)    2 :  0.270 0.265 0.119 0.211 0.056 0.079 
400 OmyJC18ROGR    (0)    2 :  0.041 0.090 0.272 0.084 0.235 0.277 
401 OmyJC18ROGR    (6)    2 :  0.045 0.088 0.052 0.660 0.053 0.101 
402 OmyJC18ROGR    (5)    2 :  0.181 0.203 0.086 0.303 0.070 0.156 
403 OmyJC18ROGR    (1)    2 :  0.101 0.222 0.144 0.187 0.215 0.132 
404 OmyJC18ROGR    (2)    2 :  0.073 0.536 0.187 0.032 0.067 0.104 
405 OmyJC18ROGR    (3)    2 :  0.029 0.049 0.320 0.065 0.381 0.156 
406 OmyJC18ROGR    (2)    2 :  0.027 0.241 0.178 0.034 0.296 0.224 
407 OmyJC18ROGR    (2)    2 :  0.081 0.040 0.192 0.172 0.446 0.070 
408 OmyJC18ROGR    (2)    2 :  0.084 0.035 0.244 0.216 0.234 0.187 
409 OmyJC18ROGR    (1)    2 :  0.025 0.092 0.263 0.230 0.181 0.209 
410 OmyJC18ROGR    (1)    2 :  0.015 0.082 0.214 0.030 0.127 0.531 
411 OmyJC18ROGR    (1)    2 :  0.018 0.488 0.071 0.034 0.023 0.366 
412 OmyJC18ROGR    (0)    2 :  0.017 0.117 0.336 0.037 0.382 0.111 
413 OmyJC18ROGR    (1)    2 :  0.031 0.069 0.365 0.018 0.136 0.381 
414 OmyJC18ROGR    (2)    2 :  0.019 0.410 0.105 0.035 0.217 0.214 
415 OmyJC18ROGR    (2)    2 :  0.012 0.329 0.146 0.101 0.056 0.357 
416 OmyJC18ROGR    (3)    2 :  0.053 0.311 0.201 0.047 0.129 0.259 
417 OmyJC18ROGR    (1)    2 :  0.029 0.048 0.089 0.277 0.237 0.321 
418 OmyJC18ROGR    (0)    2 :  0.039 0.076 0.061 0.686 0.031 0.107 
419 OmyJC18ROGR    (1)    2 :  0.020 0.188 0.274 0.188 0.096 0.234 
420 OmyJC18ROGR    (0)    2 :  0.025 0.243 0.157 0.026 0.047 0.502 
421 OmyJC18ROGR    (1)    2 :  0.047 0.101 0.204 0.061 0.470 0.117 
422 OmyJC18ROGR    (6)    2 :  0.031 0.679 0.137 0.051 0.037 0.065 
423 OmyJC18ROGR    (2)    2 :  0.037 0.125 0.136 0.071 0.062 0.568 
424 OmyJC18ROGR    (1)    2 :  0.148 0.028 0.136 0.130 0.082 0.477 
425 OmyJC18ROGR    (1)    2 :  0.230 0.110 0.367 0.036 0.070 0.186 
426 OmyJC18ROGR    (3)    2 :  0.024 0.043 0.211 0.083 0.359 0.280 
427 OmyJC18ROGR    (2)    2 :  0.547 0.132 0.087 0.019 0.163 0.051 
428 OmyJC18ROGR    (6)    2 :  0.013 0.041 0.115 0.022 0.072 0.737 
429 OmyJC18ROGR    (1)    2 :  0.136 0.306 0.095 0.016 0.243 0.204 
430 OmyJC18ROGR    (1)    2 :  0.086 0.566 0.123 0.089 0.064 0.071 
431 OmyJC18ROGR    (0)    2 :  0.031 0.118 0.126 0.033 0.113 0.579 
432 OmyJC18ROGR    (2)    2 :  0.767 0.072 0.049 0.031 0.049 0.032 
433 OmyJC18ROGR    (2)    2 :  0.069 0.154 0.055 0.559 0.105 0.058 
434 OmyJC18ROGR    (2)    2 :  0.063 0.593 0.050 0.037 0.042 0.215 
435 OmyJC18ROGR    (8)    2 :  0.049 0.036 0.215 0.098 0.155 0.447 
436 OmyJC18ROGR    (2)    2 :  0.023 0.084 0.269 0.087 0.131 0.406 
437 OmyJC18ROGR    (4)    2 :  0.020 0.140 0.213 0.155 0.279 0.193 
438 OmyJC18ROGR    (1)    2 :  0.053 0.056 0.050 0.738 0.033 0.070 
439 OmyJC18ROGR    (2)    2 :  0.423 0.274 0.099 0.052 0.103 0.050 
440 OmyJC18ROGR    (0)    2 :  0.113 0.055 0.038 0.734 0.030 0.031 
441 OmyJC18ROGR    (1)    2 :  0.015 0.032 0.073 0.020 0.813 0.048 
442 OmyJC18ROGR    (6)    2 :  0.075 0.168 0.436 0.118 0.144 0.058 
443 OmyJC18ROGR    (1)    2 :  0.014 0.136 0.239 0.034 0.438 0.138 
444 OmyJC18ROGR    (6)    2 :  0.038 0.066 0.294 0.285 0.079 0.238 
445 OmyJC18ROGR    (2)    2 :  0.056 0.127 0.269 0.158 0.082 0.309 
446 OmyJC18ROGR    (3)    2 :  0.240 0.090 0.105 0.172 0.098 0.294 
447 OmyJC18ROGR    (2)    2 :  0.086 0.215 0.255 0.076 0.228 0.140 
448 OmyJC18ROGR    (3)    2 :  0.037 0.704 0.130 0.029 0.067 0.032 
449 OmyJC18ROGR    (1)    2 :  0.024 0.055 0.387 0.069 0.370 0.095 
450 OmyJC18ROGR    (4)    2 :  0.163 0.035 0.121 0.125 0.063 0.493 
451 OmyJC18ROGR    (3)    2 :  0.031 0.281 0.229 0.070 0.174 0.215 
452 OmyJC18ROGR    (1)    2 :  0.051 0.399 0.178 0.027 0.195 0.149 
453 OmyJC18ROGR    (1)    2 :  0.020 0.106 0.254 0.018 0.295 0.308 
454 OmyJC18ROGR    (4)    2 :  0.044 0.090 0.180 0.295 0.297 0.094 
455 OmyJC18ROGR    (4)    2 :  0.371 0.140 0.082 0.112 0.169 0.126 
456 OmyJC18ROGR    (5)    2 :  0.096 0.133 0.093 0.050 0.055 0.574 
457 OmyJC18ROGR    (3)    2 :  0.018 0.497 0.078 0.228 0.062 0.117 
458 OmyJC18ROGR    (1)    2 :  0.032 0.042 0.240 0.093 0.099 0.494 
459 OmyJC18ROGR    (1)    2 :  0.838 0.037 0.034 0.023 0.031 0.038 
460 OmyJC18ROGR    (2)    2 :  0.028 0.082 0.121 0.033 0.351 0.385 
461 OmyJC18ROGR    (1)    2 :  0.667 0.158 0.028 0.067 0.041 0.039 
462 OmyJC18ROGR    (1)    2 :  0.013 0.134 0.503 0.142 0.106 0.101 
463 OmyJC18ROGR    (4)    2 :  0.038 0.186 0.179 0.051 0.439 0.107 
464 OmyJC18ROGR    (6)    2 :  0.017 0.071 0.222 0.194 0.323 0.173 
465 OmyJC18ROGR    (3)    2 :  0.026 0.047 0.115 0.432 0.064 0.316 
466 OmyJC18ROGR    (3)    2 :  0.062 0.068 0.285 0.268 0.176 0.140 
467 OmyJC18ROGR    (2)    2 :  0.040 0.684 0.067 0.021 0.128 0.060 
468 OmyJC18ROGR    (2)    2 :  0.015 0.067 0.168 0.066 0.139 0.546 
469 OmyJC18ROGR    (1)    2 :  0.910 0.016 0.019 0.015 0.019 0.021 
470 OmyJC18ROGR    (0)    2 :  0.194 0.144 0.068 0.412 0.097 0.085 
471 OmyJC18ROGR    (2)    2 :  0.068 0.402 0.105 0.042 0.034 0.350 
472 OmyJC18ROGR    (2)    2 :  0.008 0.038 0.219 0.020 0.089 0.626 
473 OmyJC18ROGR    (1)    2 :  0.058 0.092 0.240 0.048 0.362 0.200 
474 OmyJC18ROGR    (3)    2 :  0.036 0.068 0.202 0.036 0.093 0.565 
475 OmyJC18ROGR    (1)    2 :  0.057 0.264 0.137 0.277 0.161 0.104 
476 OmyJC18ROGR    (2)    2 :  0.025 0.300 0.177 0.064 0.322 0.111 
477 OmyJC18ROGR    (0)    2 :  0.049 0.451 0.180 0.171 0.043 0.106 
478 OmyJC18ROGR    (1)    2 :  0.052 0.158 0.173 0.056 0.259 0.303 
479 OmyJC18ROGR    (1)    2 :  0.044 0.372 0.159 0.136 0.072 0.218 
480 OmyJC18ROGR    (1)    2 :  0.054 0.297 0.124 0.034 0.133 0.358 
481 OmyJC18ROGR    (1)    2 :  0.027 0.124 0.405 0.044 0.128 0.272 
482 OmyJC18ROGR    (1)    2 :  0.030 0.311 0.284 0.211 0.076 0.087 
483 OmyJC18ROGR    (0)    2 :  0.024 0.121 0.479 0.106 0.126 0.144 
484 OmyJC18ROGR    (0)    2 :  0.052 0.202 0.331 0.033 0.337 0.046 
485 OmyJC18ROGR    (0)    2 :  0.023 0.592 0.099 0.179 0.042 0.066 
486 OmyJC18ROGR    (0)    2 :  0.035 0.096 0.214 0.119 0.245 0.292 
487 OmyJC18ROGR    (1)    2 :  0.023 0.380 0.051 0.470 0.045 0.031 
488 OmyJC18ROGR    (1)    2 :  0.044 0.285 0.167 0.221 0.097 0.187 
489 OmyJC18ROGR    (1)    2 :  0.024 0.064 0.090 0.037 0.639 0.146 
490 OmyJC18ROGR    (0)    2 :  0.011 0.086 0.234 0.020 0.345 0.304 
491 OmyJC18ROGR    (0)    2 :  0.046 0.062 0.157 0.549 0.117 0.069 
492 OmyJC18ROGR    (5)    2 :  0.758 0.059 0.029 0.087 0.033 0.034 
493 OmyJC18ROGR    (1)    2 :  0.147 0.546 0.077 0.115 0.051 0.065 
494 OmyJC18ROGR    (3)    2 :  0.025 0.191 0.107 0.069 0.133 0.475 
495 OmyJC18ROGR    (1)    2 :  0.072 0.346 0.138 0.133 0.101 0.210 
496 OmyJC18ROGR    (1)    2 :  0.077 0.119 0.080 0.020 0.059 0.645 
497 OmyJC18ROGR    (1)    2 :  0.014 0.332 0.096 0.134 0.094 0.331 
498 OmyJC18ROGR    (1)    2 :  0.043 0.085 0.364 0.217 0.203 0.089 
499 OmyJC18ROGR    (1)    2 :  0.026 0.105 0.302 0.144 0.204 0.219 
500 OmyJC18ROGR    (1)    2 :  0.078 0.132 0.294 0.021 0.160 0.315 
501 OmyJC18ROGR    (2)    2 :  0.015 0.083 0.268 0.278 0.127 0.229 
502 OmyJC18ROGR    (1)    2 :  0.162 0.132 0.211 0.318 0.114 0.064 
503 OmyJC18ROGR    (2)    2 :  0.075 0.039 0.426 0.104 0.159 0.197 
504 OmyJC18ROGR    (2)    2 :  0.044 0.144 0.106 0.527 0.085 0.094 
505 OmyJC18ROGR    (2)    2 :  0.052 0.031 0.084 0.047 0.174 0.613 
506 OmyJC18ROGR    (3)    2 :  0.050 0.091 0.188 0.078 0.041 0.552 
507 OmyJC18ROGR    (1)    2 :  0.076 0.240 0.368 0.032 0.050 0.234 
508 OmyJC18ROGR    (7)    2 :  0.022 0.305 0.145 0.062 0.056 0.411 
509 OmyJC18ROGR    (1)    2 :  0.107 0.575 0.101 0.114 0.034 0.069 
510 OmyJC18ROGR    (1)    2 :  0.930 0.016 0.013 0.014 0.018 0.010 
511 OmyJC18ROGR    (2)    2 :  0.153 0.047 0.110 0.486 0.099 0.106 
512 OmyJC18ROGR    (1)    2 :  0.016 0.064 0.140 0.344 0.133 0.303 
513 OmyJC18ROGR    (3)    2 :  0.019 0.537 0.162 0.030 0.132 0.122 
514 OmyJC18ROGR    (1)    2 :  0.022 0.026 0.041 0.840 0.036 0.035 
515 OmyJC18ROGR    (5)    2 :  0.026 0.205 0.401 0.052 0.141 0.174 
516 OmyJC18ROGR    (3)    2 :  0.269 0.104 0.073 0.379 0.044 0.131 
517 OmyJC18ROGR    (1)    2 :  0.019 0.067 0.340 0.299 0.200 0.075 
518 OmyJC18ROGR    (1)    2 :  0.470 0.152 0.076 0.130 0.078 0.095 
519 OmyJC18ROGR    (0)    2 :  0.081 0.235 0.153 0.172 0.041 0.319 
520 OmyJC18ROGR    (0)    2 :  0.022 0.090 0.141 0.116 0.594 0.036 
521 OmyJC18ROGR    (2)    2 :  0.048 0.161 0.372 0.061 0.186 0.173 
522 OmyJC18ROGR    (2)    2 :  0.273 0.138 0.090 0.056 0.102 0.341 
523 OmyJC18ROGR    (1)    2 :  0.202 0.177 0.068 0.181 0.278 0.094 
524 OmyJC18ROGR    (3)    2 :  0.076 0.089 0.121 0.076 0.198 0.440 
525 OmyJC18ROGR    (1)    2 :  0.023 0.803 0.050 0.051 0.050 0.023 
526 OmyJC18ROGR    (7)    2 :  0.012 0.064 0.138 0.030 0.555 0.201 
527 OmyJC18ROGR    (4)    2 :  0.069 0.054 0.135 0.045 0.334 0.363 
528 OmyJC18ROGR    (1)    2 :  0.014 0.122 0.246 0.149 0.306 0.163 
529 OmyJC18ROGR    (2)    2 :  0.024 0.042 0.406 0.043 0.237 0.248 
530 OmyJC18ROGR    (1)    2 :  0.045 0.121 0.176 0.305 0.085 0.268 
531 OmyJC18ROGR    (2)    2 :  0.028 0.111 0.213 0.056 0.469 0.123 
532 OmyJC18ROGR    (2)    2 :  0.012 0.102 0.450 0.074 0.077 0.285 
533 OmyJC18ROGR    (5)    2 :  0.875 0.034 0.017 0.031 0.030 0.013 
534 OmyJC18ROGR    (2)    2 :  0.071 0.083 0.212 0.076 0.114 0.443 
535 OmyJC18ROGR    (3)    2 :  0.039 0.063 0.139 0.240 0.428 0.092 
536 OmyJC18ROGR    (0)    2 :  0.097 0.250 0.159 0.042 0.199 0.253 
537 OmyJC18ROGR    (3)    2 :  0.173 0.310 0.086 0.047 0.182 0.203 
538 OmyJC18ROGR    (1)    2 :  0.021 0.407 0.197 0.122 0.091 0.162 
539 OmyJC18ROGR    (1)    2 :  0.037 0.230 0.147 0.275 0.115 0.196 
540 OmyJC18ROGR    (1)    2 :  0.035 0.097 0.260 0.066 0.367 0.175 
541 OmyJC18ROGR    (5)    2 :  0.010 0.213 0.116 0.190 0.245 0.227 
542 OmyJC18ROGR    (4)    2 :  0.056 0.199 0.129 0.053 0.380 0.184 
543 OmyJC18ROGR    (2)    2 :  0.014 0.172 0.178 0.280 0.104 0.253 
544 OmyJC18ROGR    (2)    2 :  0.034 0.539 0.053 0.138 0.057 0.179 
545 OmyJC18ROGR    (2)    2 :  0.204 0.068 0.227 0.113 0.299 0.089 
546 OmyJC18ROGR    (1)    2 :  0.029 0.086 0.208 0.247 0.198 0.232 
547 OmyJC18ROGR    (1)    2 :  0.040 0.156 0.236 0.148 0.153 0.268 
548 OmyJC18ROGR    (1)    2 :  0.721 0.060 0.065 0.026 0.048 0.080 
549 OmyJC18ROGR    (1)    2 :  0.229 0.126 0.195 0.109 0.286 0.055 
550 OmyJC18ROGR    (2)    2 :  0.187 0.114 0.133 0.042 0.349 0.173 
