%!PS-Adobe-3.0 EPSF-3.0 
% Graphical display of results from structure
% distruct by Noah Rosenberg, version 1.0 Nov 2002 
%                             version 1.1 Jun 2007 
% Command line arguments: distruct/distruct1.1 -K 4 -M 4 -N 882 -p 1597525617/pop -i 1597525617/ind -o 1597525617/out.ps -b 1597525617/labels -c 1597525617/perm -d 1597525617/drawparams 
gsave

% Population Q values from the file: 1597525617/pop
% 4 clusters, 4 populations, 0 individuals
% Pop. code, number of individuals, membership coefficients
% 1	157	0.274	0.265	0.235	0.226	
% 2	643	0.268	0.269	0.238	0.224	
% 3	40	0.407	0.402	0.116	0.076	
% 4	42	0.099	0.087	0.752	0.062	


% Individual Q values from the file: 1597525617/ind
% Population code, individual label, membership coefficients
% 1	1	0.3477	0.0245	0.3892	0.2386	
% 1	2	0.2952	0.1244	0.3661	0.2143	
% 1	3	0.4053	0.0875	0.2989	0.2084	
% 1	4	0.4955	0.037	0.196	0.2715	
% 1	5	0.0215	0.937	0.0175	0.024	
% 1	6	0.4535	0.2855	0.082	0.179	
% 1	7	0.2125	0.2615	0.2165	0.3095	
% 1	8	0.2175	0.027	0.245	0.5105	
% 1	9	0.3345	0.242	0.2535	0.17	
% 1	10	0.1235	0.536	0.1605	0.18	
% 1	11	0.4058	0.1509	0.2294	0.2139	
% 1	12	0.479	0.1615	0.091	0.2685	
% 1	13	0.1994	0.05	0.2689	0.4817	
% 1	14	0.213	0.5025	0.0405	0.244	
% 1	15	0.1825	0.485	0.0525	0.28	
% 1	16	0.2565	0.153	0.214	0.3765	
% 1	17	0.37	0.1415	0.034	0.4545	
% 1	18	0.203	0.038	0.4065	0.3525	
% 1	19	0.2395	0.084	0.208	0.4685	
% 1	20	0.3385	0.251	0.0445	0.366	
% 1	21	0.2201	0.2756	0.1571	0.3472	
% 1	22	0.214	0.1015	0.4715	0.213	
% 1	23	0.37	0.24	0.1545	0.2355	
% 1	24	0.07	0.027	0.843	0.06	
% 1	25	0.2375	0.2675	0.1185	0.3765	
% 1	26	0.263	0.1675	0.3825	0.187	
% 1	27	0.4605	0.0775	0.0765	0.3855	
% 1	28	0.0425	0.0355	0.8821	0.04	
% 1	29	0.3393	0.088	0.2279	0.3448	
% 1	30	0.1201	0.6948	0.0835	0.1016	
% 1	31	0.3315	0.0575	0.2485	0.3625	
% 1	32	0.19	0.157	0.2875	0.3655	
% 1	33	0.205	0.1775	0.4325	0.185	
% 1	34	0.1125	0.588	0.074	0.2255	
% 1	35	0.185	0.135	0.3495	0.3305	
% 1	36	0.4195	0.247	0.111	0.2225	
% 1	37	0.1761	0.1471	0.5358	0.1411	
% 1	38	0.0565	0.5257	0.3563	0.0615	
% 1	39	0.252	0.2215	0.091	0.4355	
% 1	40	0.341	0.318	0.06	0.281	
% 1	41	0.3945	0.0505	0.133	0.422	
% 1	42	0.082	0.8165	0.0305	0.071	
% 1	43	0.3555	0.0645	0.267	0.313	
% 1	44	0.5457	0.067	0.1474	0.2399	
% 1	45	0.1519	0.3833	0.3553	0.1094	
% 1	46	0.2354	0.087	0.4443	0.2334	
% 1	47	0.0925	0.095	0.7401	0.0725	
% 1	48	0.364	0.066	0.193	0.377	
% 1	49	0.3001	0.0575	0.4137	0.2286	
% 1	50	0.2669	0.037	0.042	0.6542	
% 1	51	0.0959	0.7371	0.078	0.089	
% 1	52	0.04	0.8685	0.052	0.0395	
% 1	53	0.1195	0.0475	0.7225	0.1105	
% 1	54	0.1601	0.0981	0.5943	0.1476	
% 1	55	0.2659	0.1494	0.1035	0.4813	
% 1	56	0.1491	0.1231	0.5893	0.1386	
% 1	57	0.1515	0.0365	0.6695	0.1425	
% 1	58	0.1036	0.7389	0.069	0.0885	
% 1	59	0.1579	0.04	0.5717	0.2304	
% 1	60	0.42	0.168	0.119	0.293	
% 1	61	0.164	0.091	0.5215	0.2235	
% 1	62	0.4645	0.0655	0.1435	0.3265	
% 1	63	0.1646	0.2651	0.4447	0.1256	
% 1	64	0.4423	0.096	0.1514	0.3103	
% 1	65	0.2646	0.094	0.1731	0.4682	
% 1	66	0.2059	0.3528	0.06	0.3813	
% 1	67	0.2156	0.054	0.4437	0.2866	
% 1	68	0.1955	0.0765	0.5835	0.1445	
% 1	69	0.0715	0.2829	0.5487	0.0969	
% 1	70	0.303	0.0555	0.343	0.2985	
% 1	71	0.301	0.055	0.1365	0.5075	
% 1	72	0.4075	0.036	0.2	0.3565	
% 1	73	0.1105	0.344	0.406	0.1395	
% 1	74	0.66	0.0485	0.055	0.2365	
% 1	75	0.1574	0.1604	0.3898	0.2923	
% 1	76	0.1126	0.0611	0.7377	0.0886	
% 1	77	0.0305	0.918	0.023	0.0285	
% 1	78	0.3402	0.0605	0.1736	0.4257	
% 1	79	0.2376	0.0835	0.2812	0.3977	
% 1	80	0.078	0.7511	0.1015	0.0695	
% 1	81	0.2153	0.4815	0.1324	0.1708	
% 1	82	0.1949	0.0285	0.6462	0.1304	
% 1	83	0.1875	0.0675	0.456	0.289	
% 1	84	0.3812	0.2491	0.089	0.2806	
% 1	85	0.316	0.051	0.2345	0.3985	
% 1	86	0.445	0.108	0.041	0.406	
% 1	87	0.3694	0.0536	0.3959	0.1812	
% 2	88	0.047	0.8625	0.032	0.0585	
% 2	89	0.3555	0.101	0.11	0.4335	
% 2	90	0.042	0.891	0.0325	0.0345	
% 2	91	0.3212	0.0215	0.3692	0.2881	
% 2	92	0.1179	0.0685	0.6786	0.1349	
% 2	93	0.0765	0.027	0.8285	0.068	
% 2	94	0.347	0.2545	0.0585	0.34	
% 2	95	0.348	0.2685	0.0555	0.328	
% 2	96	0.293	0.1295	0.129	0.4485	
% 2	97	0.0465	0.154	0.756	0.0435	
% 2	98	0.39	0.063	0.157	0.39	
% 2	99	0.1311	0.1431	0.5363	0.1896	
% 2	100	0.3952	0.061	0.1501	0.3937	
% 2	101	0.1119	0.5537	0.2154	0.1189	
% 2	102	0.341	0.099	0.0625	0.4975	
% 2	103	0.2384	0.2549	0.2774	0.2294	
% 2	104	0.1339	0.0539	0.6484	0.1638	
% 2	105	0.1219	0.2414	0.5657	0.071	
% 2	106	0.023	0.9105	0.042	0.0245	
% 2	107	0.295	0.14	0.152	0.413	
% 2	108	0.2471	0.0865	0.3867	0.2797	
% 2	109	0.3867	0.2846	0.045	0.2836	
% 2	110	0.1005	0.2359	0.5432	0.1204	
% 2	111	0.1326	0.0961	0.5788	0.1926	
% 2	112	0.3875	0.1405	0.071	0.401	
% 2	113	0.1706	0.5853	0.069	0.1751	
% 2	114	0.3127	0.07	0.1521	0.4652	
% 2	115	0.2927	0.0864	0.5025	0.1184	
% 2	116	0.3555	0.151	0.1225	0.371	
% 2	117	0.3102	0.2927	0.0924	0.3047	
% 2	118	0.2603	0.046	0.2823	0.4114	
% 2	119	0.367	0.09	0.085	0.458	
% 2	120	0.0675	0.0215	0.8366	0.0745	
% 2	121	0.4555	0.068	0.062	0.4145	
% 2	122	0.2918	0.088	0.2903	0.3299	
% 2	123	0.3108	0.0315	0.3063	0.3514	
% 2	124	0.5235	0.151	0.0675	0.258	
% 2	125	0.1474	0.1324	0.5687	0.1514	
% 2	126	0.142	0.6885	0.0695	0.1	
% 2	127	0.285	0.088	0.0915	0.5355	
% 2	128	0.079	0.0465	0.7971	0.0775	
% 2	129	0.1635	0.336	0.203	0.2975	
% 2	130	0.5665	0.0855	0.0445	0.3035	
% 2	131	0.306	0.125	0.29	0.279	
% 2	132	0.1791	0.0695	0.5883	0.1631	
% 2	133	0.4647	0.044	0.1246	0.3667	
% 2	134	0.3023	0.1064	0.1219	0.4693	
% 2	135	0.0355	0.0275	0.906	0.031	
% 2	136	0.361	0.0535	0.1555	0.43	
% 2	137	0.366	0.2765	0.0695	0.288	
% 2	138	0.1479	0.7111	0.034	0.107	
% 2	139	0.4203	0.0355	0.1114	0.4328	
% 2	140	0.2564	0.1504	0.1085	0.4847	
% 2	141	0.1499	0.4401	0.1903	0.2198	
% 2	142	0.1571	0.3677	0.2661	0.2091	
% 2	143	0.126	0.089	0.7015	0.0835	
% 2	144	0.4048	0.0225	0.089	0.4838	
% 2	145	0.6157	0.0415	0.0645	0.2784	
% 2	146	0.1194	0.09	0.6537	0.1369	
% 2	147	0.3447	0.067	0.1746	0.4137	
% 2	148	0.3572	0.029	0.2716	0.3422	
% 2	149	0.1909	0.1054	0.4458	0.2579	
% 2	150	0.1401	0.0815	0.5808	0.1976	
% 2	151	0.198	0.1375	0.234	0.4305	
% 2	152	0.5535	0.083	0.1625	0.201	
% 2	153	0.0405	0.043	0.8614	0.055	
% 2	154	0.5088	0.0855	0.0655	0.3402	
% 2	155	0.2848	0.1264	0.2889	0.2999	
% 2	156	0.2436	0.1621	0.2196	0.3747	
% 2	157	0.3528	0.0975	0.3128	0.2369	
% 2	158	0.34	0.031	0.2285	0.4005	
% 2	159	0.4442	0.059	0.055	0.4417	
% 2	160	0.2191	0.0815	0.3532	0.3462	
% 2	161	0.1936	0.0555	0.4917	0.2591	
% 2	162	0.2854	0.1004	0.2963	0.3178	
% 2	163	0.1455	0.0585	0.6515	0.1445	
% 2	164	0.4297	0.037	0.0925	0.4407	
% 2	165	0.4073	0.0305	0.2504	0.3118	
% 2	166	0.5362	0.0725	0.084	0.3074	
% 2	167	0.258	0.1395	0.35	0.2525	
% 2	168	0.3657	0.0995	0.1206	0.4142	
% 2	169	0.0315	0.9176	0.0195	0.0315	
% 2	170	0.1074	0.0785	0.7256	0.0885	
% 2	171	0.4293	0.0485	0.1264	0.3958	
% 2	172	0.0855	0.4377	0.3442	0.1326	
% 2	173	0.031	0.9065	0.032	0.0305	
% 2	174	0.54	0.052	0.143	0.265	
% 2	175	0.453	0.048	0.125	0.374	
% 2	176	0.1051	0.059	0.6463	0.1896	
% 2	177	0.088	0.0205	0.8256	0.066	
% 2	178	0.5195	0.0585	0.036	0.386	
% 2	179	0.1954	0.032	0.5512	0.2214	
% 2	180	0.049	0.8235	0.0775	0.05	
% 2	181	0.4352	0.061	0.1136	0.3902	
% 2	182	0.2374	0.2139	0.09	0.4588	
% 2	183	0.3697	0.0515	0.1171	0.4617	
% 2	184	0.12	0.5855	0.136	0.1585	
% 2	185	0.3543	0.0205	0.1264	0.4988	
% 2	186	0.1346	0.1381	0.5993	0.1281	
% 2	187	0.6538	0.039	0.0755	0.2316	
% 2	188	0.3743	0.091	0.1959	0.3388	
% 2	189	0.168	0.1995	0.3975	0.235	
% 2	190	0.1105	0.07	0.711	0.1085	
% 2	191	0.1751	0.052	0.6698	0.1031	
% 2	192	0.3447	0.053	0.037	0.5653	
% 2	193	0.3213	0.1634	0.1779	0.3373	
% 2	194	0.3218	0.027	0.0665	0.5847	
% 2	195	0.0785	0.8046	0.034	0.083	
% 2	196	0.6443	0.043	0.043	0.2696	
% 2	197	0.1716	0.088	0.5198	0.2206	
% 2	198	0.0725	0.791	0.062	0.0745	
% 2	199	0.3985	0.047	0.109	0.4455	
% 2	200	0.1111	0.0705	0.7139	0.1046	
% 2	201	0.4718	0.038	0.1174	0.3728	
% 2	202	0.0845	0.0205	0.8081	0.087	
% 2	203	0.4103	0.0535	0.1939	0.3423	
% 2	204	0.2779	0.0835	0.1949	0.4438	
% 2	205	0.5022	0.1351	0.1236	0.2391	
% 2	206	0.0555	0.8455	0.047	0.052	
% 2	207	0.3805	0.2885	0.109	0.222	
% 2	208	0.3657	0.058	0.088	0.4883	
% 2	209	0.1089	0.5832	0.1974	0.1104	
% 2	210	0.035	0.909	0.0225	0.0335	
% 2	211	0.3135	0.2085	0.1425	0.3355	
% 2	212	0.1321	0.2656	0.4537	0.1486	
% 2	213	0.4677	0.04	0.1454	0.3468	
% 2	214	0.6428	0.07	0.0765	0.2106	
% 2	215	0.2655	0.042	0.107	0.5855	
% 2	216	0.0724	0.8402	0.0345	0.0529	
% 2	217	0.235	0.432	0.114	0.219	
% 2	218	0.2044	0.048	0.6307	0.1169	
% 2	219	0.336	0.148	0.0455	0.4705	
% 2	220	0.3962	0.019	0.2051	0.3797	
% 2	221	0.44	0.2965	0.088	0.1755	
% 2	222	0.282	0.057	0.3135	0.3475	
% 2	223	0.4895	0.09	0.1215	0.299	
% 2	224	0.385	0.038	0.101	0.476	
% 2	225	0.025	0.9265	0.0235	0.025	
% 2	226	0.3395	0.265	0.0635	0.332	
% 2	227	0.0335	0.8791	0.0505	0.037	
% 2	228	0.4688	0.064	0.051	0.4163	
% 2	229	0.4678	0.0465	0.2049	0.2809	
% 2	230	0.3053	0.2539	0.2664	0.1744	
% 2	231	0.5215	0.09	0.0675	0.321	
% 2	232	0.3917	0.0665	0.2356	0.3062	
% 2	233	0.428	0.1355	0.1205	0.316	
% 2	234	0.0345	0.901	0.032	0.0325	
% 2	235	0.1245	0.5785	0.1295	0.1675	
% 2	236	0.3175	0.0415	0.342	0.299	
% 2	237	0.2975	0.1215	0.2145	0.3665	
% 2	238	0.485	0.165	0.071	0.279	
% 2	239	0.2285	0.124	0.078	0.5695	
% 2	240	0.5373	0.063	0.1101	0.2897	
% 2	241	0.1294	0.1144	0.5754	0.1808	
% 2	242	0.1745	0.0295	0.2445	0.5515	
% 2	243	0.2231	0.074	0.4933	0.2096	
% 2	244	0.3087	0.0875	0.3807	0.2231	
% 2	245	0.024	0.9335	0.022	0.0205	
% 2	246	0.088	0.2266	0.5838	0.1016	
% 2	247	0.1592	0.5425	0.1722	0.1261	
% 2	248	0.1549	0.5892	0.1119	0.1439	
% 2	249	0.5515	0.1015	0.087	0.26	
% 2	250	0.2514	0.1604	0.1974	0.3908	
% 2	251	0.5078	0.087	0.1129	0.2923	
% 2	252	0.071	0.0535	0.812	0.0635	
% 2	253	0.2591	0.1076	0.0925	0.5408	
% 2	254	0.2104	0.0885	0.5178	0.1834	
% 2	255	0.233	0.0435	0.604	0.1195	
% 2	256	0.136	0.379	0.387	0.098	
% 2	257	0.487	0.1195	0.1145	0.279	
% 1	258	0.234	0.289	0.2225	0.2545	
% 1	259	0.1425	0.5395	0.127	0.191	
% 1	260	0.2471	0.0375	0.1406	0.5748	
% 1	261	0.4543	0.0875	0.0685	0.3897	
% 1	262	0.2685	0.183	0.225	0.3235	
% 1	263	0.1986	0.055	0.5643	0.1821	
% 1	264	0.464	0.104	0.1195	0.3125	
% 1	265	0.4915	0.07	0.156	0.2825	
% 1	266	0.644	0.026	0.08	0.25	
% 1	267	0.2693	0.2197	0.1627	0.3483	
% 1	268	0.1595	0.1895	0.501	0.15	
% 1	269	0.2176	0.2251	0.1026	0.4547	
% 1	270	0.2696	0.052	0.5628	0.1156	
% 1	271	0.2189	0.4333	0.1189	0.2289	
% 1	272	0.3297	0.2461	0.0565	0.3677	
% 1	273	0.2261	0.062	0.2211	0.4907	
% 1	274	0.0905	0.794	0.0445	0.071	
% 1	275	0.2175	0.173	0.279	0.3305	
% 1	276	0.2935	0.0885	0.0985	0.5195	
% 1	277	0.363	0.1225	0.065	0.4495	
% 1	278	0.3238	0.3683	0.0745	0.2334	
% 1	279	0.213	0.234	0.062	0.491	
% 1	280	0.2936	0.1696	0.4152	0.1216	
% 1	281	0.3843	0.0745	0.0955	0.4458	
% 1	282	0.2671	0.2641	0.1881	0.2806	
% 1	283	0.3582	0.0815	0.0995	0.4607	
% 1	284	0.3913	0.041	0.2169	0.3508	
% 1	285	0.2275	0.073	0.367	0.3325	
% 1	286	0.3643	0.0375	0.2119	0.3863	
% 1	287	0.0165	0.951	0.0135	0.019	
% 1	288	0.082	0.7735	0.0615	0.083	
% 1	289	0.243	0.1565	0.075	0.5255	
% 1	290	0.026	0.922	0.027	0.025	
% 1	291	0.1401	0.4497	0.2776	0.1326	
% 1	292	0.2921	0.2941	0.093	0.3207	
% 1	293	0.1254	0.053	0.6936	0.1279	
% 1	294	0.344	0.258	0.0715	0.3265	
% 1	295	0.3135	0.0405	0.239	0.407	
% 1	296	0.3112	0.0529	0.1508	0.485	
% 1	297	0.077	0.8051	0.035	0.083	
% 1	298	0.5193	0.0355	0.064	0.3812	
% 1	299	0.1705	0.2885	0.355	0.186	
% 1	300	0.4485	0.0635	0.137	0.351	
% 1	301	0.044	0.8799	0.0335	0.0425	
% 1	302	0.2465	0.4825	0.071	0.2	
% 1	303	0.2245	0.2005	0.0795	0.4955	
% 1	304	0.23	0.2065	0.1175	0.446	
% 1	305	0.368	0.049	0.138	0.445	
% 1	306	0.1755	0.6835	0.028	0.113	
% 1	307	0.3902	0.032	0.3257	0.2521	
% 1	308	0.4136	0.1528	0.0804	0.3531	
% 1	309	0.03	0.9055	0.035	0.0295	
% 1	310	0.2085	0.5	0.1025	0.189	
% 1	311	0.1235	0.5585	0.068	0.25	
% 1	312	0.1549	0.058	0.6282	0.1589	
% 1	313	0.493	0.03	0.1845	0.2925	
% 1	314	0.1181	0.067	0.6723	0.1426	
% 1	315	0.4155	0.0935	0.16	0.331	
% 1	316	0.5123	0.053	0.1081	0.3267	
% 1	317	0.1655	0.0715	0.4155	0.3475	
% 1	318	0.2145	0.05	0.523	0.2125	
% 1	319	0.266	0.0285	0.1975	0.508	
% 1	320	0.51	0.023	0.1115	0.3555	
% 1	321	0.439	0.0435	0.11	0.4075	
% 1	322	0.2199	0.3818	0.092	0.3063	
% 1	323	0.491	0.04	0.0465	0.4225	
% 1	324	0.4575	0.045	0.232	0.2655	
% 1	325	0.2565	0.4765	0.071	0.196	
% 1	326	0.5383	0.082	0.071	0.3086	
% 1	327	0.452	0.0569	0.2103	0.2807	
% 2	328	0.1525	0.061	0.6455	0.141	
% 2	329	0.465	0.1025	0.103	0.3295	
% 2	330	0.6003	0.096	0.0425	0.2611	
% 2	331	0.1206	0.6673	0.0955	0.1166	
% 2	332	0.0695	0.751	0.0825	0.097	
% 2	333	0.051	0.845	0.0395	0.0645	
% 2	334	0.2865	0.245	0.259	0.2095	
% 2	335	0.215	0.033	0.5355	0.2165	
% 2	336	0.048	0.8731	0.03	0.049	
% 2	337	0.2874	0.061	0.065	0.5867	
% 2	338	0.0575	0.859	0.0265	0.057	
% 2	339	0.3983	0.075	0.0645	0.4623	
% 2	340	0.1374	0.1669	0.5197	0.1759	
% 2	341	0.2336	0.0265	0.3197	0.4202	
% 2	342	0.202	0.4445	0.111	0.2425	
% 2	343	0.158	0.368	0.321	0.153	
% 2	344	0.1219	0.5022	0.1694	0.2064	
% 2	345	0.114	0.6905	0.104	0.0915	
% 2	346	0.715	0.0345	0.0385	0.212	
% 2	347	0.3112	0.064	0.062	0.5628	
% 2	348	0.3495	0.247	0.1115	0.292	
% 2	349	0.4127	0.05	0.072	0.4652	
% 2	350	0.4513	0.062	0.053	0.4338	
% 2	351	0.09	0.7389	0.0425	0.1286	
% 2	352	0.229	0.471	0.1075	0.1925	
% 2	353	0.3195	0.2445	0.233	0.203	
% 2	354	0.3865	0.1175	0.0805	0.4155	
% 2	355	0.5088	0.049	0.0996	0.3427	
% 2	356	0.2405	0.056	0.483	0.2205	
% 2	357	0.0509	0.6778	0.2118	0.0594	
% 2	358	0.185	0.029	0.4695	0.3165	
% 2	359	0.2275	0.1175	0.1295	0.5255	
% 2	360	0.2134	0.0705	0.4997	0.2164	
% 2	361	0.5985	0.0295	0.0945	0.2775	
% 2	362	0.3735	0.23	0.107	0.2895	
% 2	363	0.2085	0.302	0.2725	0.217	
% 2	364	0.3345	0.032	0.079	0.5545	
% 2	365	0.4518	0.053	0.055	0.4403	
% 2	366	0.2371	0.058	0.4492	0.2556	
% 2	367	0.0995	0.7905	0.042	0.068	
% 2	368	0.2294	0.3978	0.091	0.2819	
% 2	369	0.2728	0.1079	0.4218	0.1974	
% 2	370	0.4855	0.0885	0.1215	0.3045	
% 2	371	0.351	0.0535	0.2085	0.387	
% 2	372	0.2735	0.1395	0.171	0.416	
% 2	373	0.1335	0.126	0.6055	0.135	
% 2	374	0.078	0.029	0.7851	0.1079	
% 2	375	0.502	0.133	0.076	0.289	
% 2	376	0.0375	0.8939	0.029	0.0395	
% 2	377	0.117	0.2505	0.5255	0.107	
% 2	378	0.2627	0.1159	0.2418	0.3796	
% 2	379	0.2561	0.1546	0.2196	0.3697	
% 2	380	0.2414	0.1929	0.2879	0.2779	
% 2	381	0.2726	0.072	0.1786	0.4767	
% 2	382	0.2968	0.0535	0.1974	0.4523	
% 2	383	0.2195	0.4845	0.0975	0.1985	
% 2	384	0.351	0.2505	0.041	0.3575	
% 2	385	0.551	0.073	0.038	0.338	
% 2	386	0.2275	0.3865	0.05	0.336	
% 2	387	0.1529	0.3378	0.3158	0.1934	
% 2	388	0.1725	0.089	0.4795	0.259	
% 2	389	0.3555	0.175	0.084	0.3855	
% 2	390	0.337	0.0995	0.1135	0.45	
% 2	391	0.044	0.8484	0.0665	0.041	
% 2	392	0.35	0.051	0.3065	0.2925	
% 2	393	0.0805	0.0975	0.7541	0.068	
% 2	394	0.0985	0.771	0.0375	0.093	
% 2	395	0.1239	0.2669	0.5013	0.1079	
% 2	396	0.1061	0.5458	0.2471	0.1011	
% 2	397	0.371	0.0815	0.1695	0.378	
% 2	398	0.3297	0.2586	0.1901	0.2216	
% 2	399	0.1766	0.3832	0.2931	0.1471	
% 2	400	0.4925	0.08	0.1325	0.295	
% 2	401	0.1065	0.085	0.714	0.0945	
% 2	402	0.1435	0.2545	0.5	0.102	
% 2	403	0.2365	0.188	0.2855	0.29	
% 2	404	0.3503	0.2034	0.064	0.3823	
% 2	405	0.4683	0.051	0.1204	0.3603	
% 2	406	0.4738	0.0535	0.064	0.4088	
% 2	407	0.1889	0.1869	0.3548	0.2694	
% 2	408	0.2445	0.154	0.398	0.2035	
% 2	409	0.4135	0.0495	0.337	0.2	
% 2	410	0.593	0.0405	0.0915	0.275	
% 2	411	0.498	0.058	0.1115	0.3325	
% 2	412	0.3525	0.0315	0.0645	0.5515	
% 2	413	0.6063	0.0565	0.0535	0.2837	
% 2	414	0.3226	0.038	0.072	0.5673	
% 2	415	0.4953	0.028	0.2424	0.2344	
% 2	416	0.44	0.1	0.0805	0.3795	
% 2	417	0.2459	0.071	0.4283	0.2549	
% 2	418	0.1005	0.0465	0.7766	0.0765	
% 2	419	0.289	0.037	0.404	0.27	
% 2	420	0.5825	0.0475	0.0465	0.3235	
% 2	421	0.4427	0.073	0.086	0.3982	
% 2	422	0.3915	0.074	0.189	0.3455	
% 2	423	0.5547	0.075	0.1384	0.2319	
% 2	424	0.273	0.275	0.2655	0.1865	
% 2	425	0.3362	0.3342	0.0814	0.2483	
% 2	426	0.3903	0.0505	0.2464	0.3128	
% 2	427	0.1211	0.6263	0.029	0.2236	
% 2	428	0.6203	0.0275	0.054	0.2981	
% 2	429	0.3195	0.2315	0.039	0.41	
% 2	430	0.2844	0.1954	0.2519	0.2684	
% 2	431	0.4765	0.0795	0.0715	0.3725	
% 2	432	0.0595	0.7981	0.0705	0.072	
% 2	433	0.1071	0.1081	0.6568	0.1281	
% 2	434	0.346	0.1685	0.0835	0.402	
% 2	435	0.4192	0.1101	0.1901	0.2806	
% 2	436	0.5067	0.0455	0.1726	0.2751	
% 2	437	0.3614	0.0501	0.2893	0.2993	
% 2	438	0.0775	0.09	0.7824	0.05	
% 2	439	0.1476	0.5508	0.1096	0.1921	
% 2	440	0.0515	0.1435	0.752	0.053	
% 2	441	0.2755	0.0435	0.06	0.621	
% 2	442	0.2559	0.1739	0.2429	0.3273	
% 2	443	0.387	0.0295	0.048	0.5355	
% 2	444	0.3427	0.0635	0.4237	0.1701	
% 2	445	0.3687	0.1061	0.3046	0.2206	
% 2	446	0.158	0.327	0.389	0.126	
% 2	447	0.3413	0.1409	0.1494	0.3683	
% 2	448	0.2625	0.0855	0.1	0.552	
% 2	449	0.3425	0.045	0.1075	0.505	
% 2	450	0.3363	0.2364	0.2909	0.1364	
% 2	451	0.328	0.0625	0.1125	0.497	
% 2	452	0.2946	0.09	0.05	0.5653	
% 2	453	0.4128	0.035	0.041	0.5112	
% 2	454	0.1786	0.079	0.4947	0.2476	
% 2	455	0.1261	0.4822	0.2086	0.1831	
% 2	456	0.4552	0.1716	0.1166	0.2566	
% 2	457	0.2195	0.045	0.537	0.1985	
% 2	458	0.4227	0.0755	0.2341	0.2677	
% 2	459	0.0545	0.8705	0.0315	0.0435	
% 2	460	0.4387	0.059	0.075	0.4272	
% 2	461	0.0595	0.756	0.101	0.0835	
% 2	462	0.2795	0.0275	0.3365	0.3565	
% 2	463	0.3457	0.085	0.1106	0.4587	
% 2	464	0.4238	0.041	0.3014	0.2339	
% 2	465	0.215	0.0505	0.6115	0.123	
% 2	466	0.254	0.115	0.3455	0.2855	
% 2	467	0.2932	0.1166	0.1005	0.4897	
% 2	468	0.5867	0.0285	0.1379	0.2469	
% 2	469	0.0325	0.913	0.0235	0.031	
% 2	470	0.0845	0.2716	0.4952	0.1486	
% 2	471	0.4785	0.1095	0.1355	0.2765	
% 2	472	0.707	0.0145	0.0385	0.24	
% 2	473	0.4692	0.1181	0.1121	0.3007	
% 2	474	0.5655	0.0895	0.105	0.24	
% 2	475	0.1421	0.1306	0.4532	0.2741	
% 2	476	0.3543	0.059	0.1249	0.4618	
% 2	477	0.2764	0.1369	0.3958	0.1909	
% 2	478	0.3922	0.1201	0.1151	0.3727	
% 2	479	0.399	0.0705	0.252	0.2785	
% 2	480	0.3722	0.1356	0.094	0.3982	
% 2	481	0.4442	0.06	0.1031	0.3927	
% 2	482	0.1933	0.0544	0.5819	0.1703	
% 2	483	0.3473	0.053	0.2344	0.3653	
% 2	484	0.2875	0.0875	0.0745	0.5505	
% 2	485	0.199	0.0445	0.546	0.2105	
% 2	486	0.395	0.0745	0.228	0.3025	
% 2	487	0.0755	0.045	0.7455	0.134	
% 2	488	0.2694	0.1029	0.3938	0.2339	
% 2	489	0.3105	0.0715	0.072	0.546	
% 2	490	0.6118	0.031	0.053	0.3041	
% 2	491	0.1595	0.0795	0.606	0.155	
% 2	492	0.0435	0.7855	0.119	0.052	
% 2	493	0.1501	0.3062	0.2936	0.2501	
% 2	494	0.3745	0.061	0.2015	0.363	
% 2	495	0.3315	0.137	0.2735	0.258	
% 2	496	0.4955	0.1495	0.0535	0.3015	
% 2	497	0.364	0.026	0.306	0.304	
% 2	498	0.237	0.097	0.3665	0.2995	
% 2	499	0.3442	0.0585	0.2886	0.3087	
% 2	500	0.463	0.1271	0.046	0.3639	
% 2	501	0.2921	0.04	0.5153	0.1526	
% 2	502	0.097	0.2599	0.5082	0.1349	
% 2	503	0.2535	0.1445	0.2835	0.3185	
% 2	504	0.1541	0.09	0.5833	0.1726	
% 2	505	0.4473	0.1144	0.1314	0.3068	
% 2	506	0.4975	0.087	0.1385	0.277	
% 2	507	0.5225	0.136	0.0585	0.283	
% 2	508	0.5073	0.0515	0.1301	0.3111	
% 2	509	0.2019	0.2094	0.3463	0.2424	
% 2	510	0.0215	0.934	0.0235	0.021	
% 2	511	0.141	0.171	0.576	0.112	
% 2	512	0.2136	0.0395	0.5668	0.1801	
% 2	513	0.4882	0.051	0.074	0.3867	
% 2	514	0.054	0.033	0.864	0.049	
% 2	515	0.4975	0.0495	0.1115	0.3415	
% 2	516	0.073	0.347	0.504	0.076	
% 2	517	0.2049	0.032	0.4278	0.3353	
% 2	518	0.101	0.5505	0.181	0.1675	
% 2	519	0.326	0.1415	0.316	0.2165	
% 2	520	0.24	0.0545	0.1975	0.508	
% 2	521	0.3945	0.1265	0.171	0.308	
% 2	522	0.2832	0.4216	0.1324	0.1628	
% 2	523	0.1209	0.3313	0.3588	0.1889	
% 2	524	0.4263	0.1589	0.1459	0.2689	
% 2	525	0.1679	0.071	0.3338	0.4273	
% 2	526	0.5377	0.027	0.0865	0.3488	
% 2	527	0.3865	0.1345	0.1005	0.3785	
% 2	528	0.318	0.037	0.257	0.388	
% 2	529	0.579	0.044	0.0695	0.3075	
% 2	530	0.2516	0.087	0.5243	0.1371	
% 2	531	0.3728	0.0495	0.1239	0.4538	
% 2	532	0.5262	0.027	0.1449	0.3019	
% 2	533	0.0295	0.887	0.0435	0.04	
% 2	534	0.3838	0.1454	0.2064	0.2644	
% 2	535	0.2425	0.0805	0.4125	0.2645	
% 2	536	0.4273	0.1494	0.093	0.3304	
% 2	537	0.1945	0.2995	0.1335	0.3725	
% 2	538	0.4118	0.0515	0.2389	0.2979	
% 2	539	0.238	0.076	0.4075	0.2785	
% 2	540	0.427	0.0725	0.1405	0.36	
% 2	541	0.2089	0.0205	0.4028	0.3678	
% 2	542	0.2691	0.1406	0.1416	0.4487	
% 2	543	0.3415	0.029	0.445	0.1845	
% 2	544	0.3048	0.08	0.3978	0.2174	
% 2	545	0.1661	0.3467	0.2206	0.2666	
% 2	546	0.316	0.0645	0.3725	0.247	
% 2	547	0.295	0.088	0.354	0.263	
% 2	548	0.1006	0.7644	0.0445	0.0905	
% 2	549	0.1576	0.3422	0.2096	0.2907	
% 2	550	0.3095	0.3005	0.0985	0.2915	
% 2	551	0.3143	0.1774	0.0775	0.4308	
% 2	552	0.3832	0.0495	0.028	0.5393	
% 2	553	0.066	0.0395	0.833	0.0615	
% 2	554	0.168	0.0275	0.57	0.2345	
% 2	555	0.2255	0.042	0.447	0.2855	
% 2	556	0.336	0.1165	0.2525	0.295	
% 2	557	0.3545	0.053	0.2085	0.384	
% 2	558	0.24	0.0945	0.4065	0.259	
% 2	559	0.1885	0.3375	0.1015	0.3725	
% 2	560	0.173	0.0425	0.543	0.2415	
% 2	561	0.3513	0.2039	0.044	0.4008	
% 2	562	0.1675	0.0735	0.6375	0.1215	
% 2	563	0.111	0.3465	0.2775	0.265	
% 2	564	0.305	0.4035	0.1345	0.157	
% 2	565	0.504	0.0735	0.0445	0.378	
% 2	566	0.4938	0.0365	0.1539	0.3158	
% 2	567	0.3092	0.052	0.064	0.5748	
% 2	568	0.2624	0.034	0.0885	0.6152	
% 2	569	0.4075	0.0535	0.1425	0.3965	
% 2	570	0.161	0.309	0.3155	0.2145	
% 2	571	0.1495	0.602	0.1165	0.132	
% 2	572	0.1005	0.1935	0.5795	0.1265	
% 2	573	0.181	0.2045	0.1795	0.435	
% 2	574	0.2879	0.2029	0.0715	0.4378	
% 2	575	0.2863	0.0435	0.3273	0.3428	
% 2	576	0.13	0.0255	0.6755	0.169	
% 2	577	0.2151	0.3297	0.1091	0.3462	
% 2	578	0.29	0.034	0.029	0.647	
% 2	579	0.1754	0.095	0.4283	0.3013	
% 2	580	0.2371	0.027	0.4172	0.3187	
% 2	581	0.1126	0.1531	0.5858	0.1486	
% 2	582	0.5523	0.1071	0.058	0.2826	
% 2	583	0.2101	0.084	0.3317	0.3742	
% 2	584	0.1454	0.3538	0.2394	0.2614	
% 2	585	0.3108	0.2759	0.0375	0.3758	
% 2	586	0.1311	0.6143	0.1136	0.1411	
% 2	587	0.4236	0.047	0.2378	0.2917	
% 2	588	0.1349	0.4843	0.1344	0.2464	
% 2	589	0.0695	0.0435	0.8244	0.0625	
% 2	590	0.35	0.1795	0.25	0.2205	
% 2	591	0.178	0.456	0.176	0.19	
% 2	592	0.3162	0.0615	0.2801	0.3422	
% 2	593	0.3842	0.3017	0.0625	0.2516	
% 2	594	0.488	0.0539	0.1359	0.3222	
% 2	595	0.273	0.117	0.129	0.481	
% 2	596	0.524	0.1085	0.097	0.2705	
% 2	597	0.5255	0.108	0.0685	0.298	
% 2	598	0.1254	0.6142	0.095	0.1654	
% 2	599	0.1874	0.1054	0.4338	0.2734	
% 2	600	0.2021	0.057	0.5227	0.2181	
% 2	601	0.0891	0.021	0.7548	0.1351	
% 2	602	0.578	0.0975	0.057	0.2675	
% 2	603	0.2887	0.063	0.3972	0.2511	
% 2	604	0.248	0.0655	0.252	0.4345	
% 2	605	0.218	0.048	0.5635	0.1705	
% 2	606	0.2246	0.4617	0.0625	0.2511	
% 2	607	0.47	0.0785	0.1905	0.261	
% 2	608	0.2978	0.063	0.4033	0.2359	
% 2	609	0.048	0.066	0.813	0.073	
% 2	610	0.2389	0.2214	0.3503	0.1894	
% 2	611	0.391	0.0735	0.266	0.2695	
% 2	612	0.336	0.1555	0.109	0.3994	
% 2	613	0.115	0.606	0.165	0.114	
% 2	614	0.0696	0.3003	0.5626	0.0676	
% 2	615	0.521	0.0475	0.091	0.3405	
% 2	616	0.581	0.048	0.068	0.303	
% 2	617	0.3535	0.038	0.367	0.2415	
% 2	618	0.3773	0.1754	0.052	0.3953	
% 2	619	0.3385	0.129	0.0645	0.468	
% 2	620	0.34	0.3115	0.144	0.2045	
% 2	621	0.2435	0.2235	0.351	0.182	
% 2	622	0.3802	0.02	0.2837	0.3161	
% 2	623	0.2224	0.3213	0.074	0.3823	
% 2	624	0.214	0.1055	0.2265	0.454	
% 2	625	0.3885	0.05	0.0385	0.523	
% 2	626	0.574	0.0265	0.1215	0.278	
% 2	627	0.3688	0.0415	0.091	0.4987	
% 2	628	0.191	0.5495	0.072	0.1875	
% 2	629	0.0415	0.8995	0.021	0.038	
% 2	630	0.276	0.1	0.045	0.579	
% 2	631	0.0994	0.3253	0.4358	0.1394	
% 2	632	0.5092	0.084	0.1366	0.2702	
% 2	633	0.2945	0.336	0.042	0.3275	
% 2	634	0.253	0.0265	0.354	0.3665	
% 2	635	0.3337	0.0245	0.028	0.6138	
% 2	636	0.348	0.081	0.134	0.437	
% 2	637	0.058	0.044	0.8315	0.0665	
% 2	638	0.3225	0.1585	0.0485	0.4705	
% 2	639	0.152	0.0795	0.477	0.2915	
% 2	640	0.5255	0.142	0.1055	0.227	
% 2	641	0.3069	0.1334	0.2099	0.3498	
% 2	642	0.2252	0.3939	0.1567	0.2242	
% 2	643	0.3695	0.022	0.042	0.5665	
% 2	644	0.5112	0.041	0.0575	0.3902	
% 2	645	0.3265	0.2735	0.0985	0.3015	
% 3	646	0.4467	0.081	0.1941	0.2782	
% 2	647	0.2895	0.111	0.123	0.4765	
% 3	648	0.4875	0.029	0.147	0.3365	
% 3	649	0.3273	0.0225	0.032	0.6182	
% 3	650	0.309	0.1015	0.0455	0.544	
% 2	651	0.2945	0.0565	0.2255	0.4235	
% 3	652	0.2915	0.058	0.1275	0.523	
% 4	653	0.1515	0.051	0.513	0.2845	
% 2	654	0.3008	0.035	0.0886	0.5756	
% 4	655	0.1835	0.1885	0.4945	0.1335	
% 4	656	0.097	0.0565	0.7655	0.081	
% 4	657	0.0395	0.023	0.9065	0.031	
% 4	658	0.036	0.0525	0.879	0.0325	
% 4	659	0.045	0.0305	0.8741	0.0505	
% 3	660	0.5762	0.1534	0.0345	0.2359	
% 2	661	0.343	0.0925	0.2245	0.34	
% 3	662	0.3145	0.0665	0.098	0.521	
% 3	663	0.2295	0.048	0.0585	0.664	
% 3	664	0.5643	0.085	0.1046	0.2461	
% 3	665	0.4317	0.1341	0.0375	0.3967	
% 2	666	0.103	0.648	0.1385	0.1105	
% 3	667	0.2424	0.055	0.047	0.6557	
% 4	668	0.1816	0.3417	0.2911	0.1856	
% 4	669	0.0395	0.0415	0.8756	0.0435	
% 4	670	0.0785	0.027	0.7841	0.1104	
% 4	671	0.1324	0.064	0.6192	0.1844	
% 4	672	0.097	0.047	0.7556	0.1005	
% 4	673	0.2125	0.0515	0.539	0.197	
% 3	674	0.4082	0.0435	0.1391	0.4092	
% 3	675	0.5548	0.0775	0.1146	0.2531	
% 3	676	0.2835	0.0255	0.233	0.458	
% 3	677	0.4495	0.2215	0.069	0.26	
% 3	678	0.463	0.072	0.12	0.345	
% 2	679	0.3247	0.2921	0.1601	0.2231	
% 3	680	0.3141	0.1966	0.1401	0.3492	
% 4	681	0.0755	0.1401	0.6558	0.1286	
% 2	682	0.173	0.1515	0.5555	0.12	
% 4	683	0.1851	0.045	0.5158	0.2541	
% 4	684	0.0335	0.1319	0.7946	0.04	
% 4	685	0.0425	0.047	0.8634	0.047	
% 4	686	0.0345	0.0285	0.9025	0.0345	
% 3	687	0.5927	0.073	0.0945	0.2399	
% 3	688	0.2842	0.0325	0.0705	0.6128	
% 3	689	0.5295	0.0675	0.114	0.289	
% 3	690	0.5907	0.072	0.06	0.2774	
% 2	691	0.1246	0.0996	0.6553	0.1206	
% 3	692	0.3035	0.0735	0.0985	0.5245	
% 2	693	0.5198	0.083	0.1449	0.2524	
% 4	694	0.2581	0.055	0.3202	0.3667	
% 4	695	0.09	0.0175	0.812	0.0805	
% 4	696	0.1469	0.1714	0.5937	0.088	
% 4	697	0.049	0.0505	0.863	0.0375	
% 4	698	0.075	0.0545	0.8045	0.066	
% 3	699	0.486	0.107	0.1555	0.2515	
% 2	700	0.2176	0.3587	0.1136	0.3102	
% 3	701	0.3725	0.058	0.1575	0.412	
% 3	702	0.5333	0.0425	0.1066	0.3176	
% 3	703	0.346	0.128	0.062	0.464	
% 3	704	0.3222	0.0565	0.051	0.5703	
% 2	705	0.2963	0.1439	0.0525	0.5073	
% 3	706	0.3408	0.063	0.0625	0.5337	
% 2	707	0.0815	0.8276	0.032	0.059	
% 4	708	0.0415	0.019	0.888	0.0515	
% 2	709	0.05	0.8175	0.0865	0.046	
% 4	710	0.136	0.054	0.605	0.205	
% 4	711	0.083	0.0645	0.7441	0.1084	
% 4	712	0.0825	0.092	0.7486	0.077	
% 4	713	0.0385	0.0245	0.8995	0.0375	
% 3	714	0.2089	0.1039	0.4818	0.2054	
% 2	715	0.211	0.038	0.2125	0.5385	
% 3	716	0.5902	0.0425	0.053	0.3144	
% 3	717	0.3745	0.088	0.1645	0.373	
% 3	718	0.3195	0.049	0.0565	0.575	
% 3	719	0.4276	0.1044	0.1838	0.2842	
% 2	720	0.352	0.1665	0.146	0.3355	
% 2	721	0.3565	0.1245	0.2425	0.2765	
% 4	722	0.1204	0.1025	0.6772	0.1	
% 4	723	0.0415	0.0635	0.8501	0.045	
% 4	724	0.0515	0.0135	0.8754	0.0595	
% 4	725	0.0529	0.027	0.8686	0.0514	
% 4	726	0.033	0.0245	0.9035	0.039	
% 2	727	0.1776	0.034	0.083	0.7054	
% 3	728	0.6513	0.048	0.0495	0.2511	
% 3	729	0.35	0.102	0.133	0.415	
% 3	730	0.3872	0.0905	0.3327	0.1896	
% 3	731	0.3392	0.0989	0.0714	0.4905	
% 4	732	0.1065	0.198	0.5735	0.122	
% 4	733	0.0565	0.0445	0.818	0.081	
% 4	734	0.0565	0.026	0.8755	0.042	
% 4	735	0.0545	0.04	0.8104	0.095	
% 4	736	0.0415	0.016	0.9001	0.0425	
% 2	737	0.119	0.5195	0.263	0.0985	
% 3	738	0.5203	0.042	0.063	0.3747	
% 3	739	0.371	0.0445	0.24	0.3445	
% 3	740	0.3872	0.0855	0.1436	0.3837	
% 2	741	0.269	0.1845	0.2985	0.248	
% 2	742	0.4705	0.0475	0.137	0.345	
% 4	743	0.182	0.0425	0.6375	0.138	
% 4	744	0.0505	0.048	0.861	0.0405	
% 4	745	0.0375	0.014	0.9105	0.038	
% 4	746	0.136	0.0245	0.5725	0.267	
% 4	747	0.0485	0.0285	0.8641	0.059	
% 2	748	0.1334	0.6172	0.101	0.1484	
% 2	749	0.1796	0.4977	0.0915	0.2311	
% 2	750	0.0745	0.076	0.735	0.1145	
% 2	751	0.041	0.8671	0.06	0.032	
% 2	752	0.124	0.054	0.6905	0.1315	
% 2	753	0.3325	0.1105	0.06	0.497	
% 2	754	0.1795	0.11	0.53	0.1805	
% 2	755	0.4945	0.139	0.0525	0.314	
% 2	756	0.035	0.8861	0.042	0.037	
% 2	757	0.0575	0.713	0.1725	0.057	
% 2	758	0.063	0.8395	0.0295	0.068	
% 2	759	0.429	0.0755	0.0645	0.431	
% 2	760	0.3598	0.0865	0.1614	0.3923	
% 2	761	0.3737	0.051	0.2661	0.3092	
% 2	762	0.4188	0.1169	0.069	0.3953	
% 2	763	0.1506	0.5043	0.1991	0.1461	
% 2	764	0.1464	0.4291	0.2443	0.1803	
% 2	765	0.29	0.159	0.2725	0.2785	
% 2	766	0.0905	0.5045	0.2775	0.1275	
% 2	767	0.2947	0.046	0.1146	0.5448	
% 2	768	0.032	0.8995	0.0305	0.038	
% 2	769	0.3522	0.049	0.043	0.5558	
% 2	770	0.168	0.051	0.0215	0.7595	
% 2	771	0.4825	0.149	0.1165	0.252	
% 2	772	0.4038	0.0975	0.1389	0.3598	
% 2	773	0.103	0.1071	0.6218	0.1681	
% 2	774	0.2845	0.2065	0.1315	0.3775	
% 2	775	0.4058	0.2549	0.1059	0.2334	
% 2	776	0.5813	0.023	0.0915	0.3042	
% 2	777	0.1541	0.0445	0.6073	0.1941	
% 2	778	0.297	0.056	0.327	0.32	
% 2	779	0.04	0.8934	0.0285	0.038	
% 2	780	0.5886	0.048	0.1231	0.2402	
% 2	781	0.234	0.1425	0.2125	0.411	
% 2	782	0.0865	0.0335	0.7685	0.1115	
% 2	783	0.3026	0.1471	0.0795	0.4707	
% 2	784	0.2325	0.432	0.1285	0.207	
% 2	785	0.1359	0.5087	0.2404	0.115	
% 2	786	0.3605	0.039	0.054	0.5465	
% 2	787	0.5482	0.1244	0.0395	0.2879	
% 2	788	0.3317	0.0345	0.1866	0.4472	
% 2	789	0.1399	0.0565	0.6192	0.1844	
% 2	790	0.2469	0.4573	0.0435	0.2524	
% 2	791	0.032	0.9179	0.0225	0.0275	
% 2	792	0.3113	0.03	0.1029	0.5557	
% 2	793	0.083	0.0375	0.8065	0.073	
% 2	794	0.0615	0.0505	0.824	0.064	
% 2	795	0.053	0.8399	0.058	0.049	
% 2	796	0.2296	0.091	0.2046	0.4747	
% 2	797	0.4577	0.1721	0.1376	0.2326	
% 2	798	0.0935	0.1159	0.6917	0.099	
% 2	799	0.1045	0.601	0.2165	0.078	
% 2	800	0.277	0.5365	0.041	0.1455	
% 2	801	0.062	0.8345	0.042	0.0615	
% 2	802	0.2196	0.0515	0.6018	0.1271	
% 2	803	0.068	0.033	0.8334	0.0655	
% 2	804	0.559	0.0395	0.1115	0.29	
% 2	805	0.3265	0.083	0.0435	0.547	
% 2	806	0.4158	0.065	0.064	0.4553	
% 2	807	0.2085	0.3935	0.115	0.283	
% 2	808	0.069	0.8199	0.043	0.068	
% 2	809	0.2761	0.3292	0.0345	0.3602	
% 2	810	0.0415	0.8654	0.0495	0.0435	
% 2	811	0.035	0.904	0.031	0.03	
% 2	812	0.291	0.1145	0.1375	0.457	
% 2	813	0.0625	0.8045	0.08	0.053	
% 2	814	0.029	0.8796	0.0599	0.0315	
% 2	815	0.3437	0.0805	0.2451	0.3307	
% 2	816	0.0844	0.2238	0.6259	0.0659	
% 2	817	0.4575	0.1515	0.0835	0.3075	
% 2	818	0.0495	0.829	0.0775	0.044	
% 2	819	0.04	0.3263	0.5877	0.046	
% 2	820	0.4292	0.2036	0.08	0.2872	
% 2	821	0.034	0.9025	0.0275	0.036	
% 2	822	0.4348	0.1939	0.0665	0.3049	
% 2	823	0.1775	0.582	0.0645	0.176	
% 2	824	0.0849	0.7667	0.0764	0.0719	
% 2	825	0.4567	0.0175	0.0885	0.4372	
% 2	826	0.0785	0.8154	0.036	0.07	
% 2	827	0.2325	0.1575	0.3315	0.2785	
% 2	828	0.3635	0.0435	0.2145	0.3785	
% 2	829	0.1725	0.535	0.176	0.1165	
% 2	830	0.3873	0.0465	0.066	0.5003	
% 2	831	0.0415	0.802	0.119	0.0375	
% 2	832	0.4533	0.065	0.1954	0.2864	
% 2	833	0.3257	0.031	0.1329	0.5105	
% 2	834	0.344	0.0775	0.1555	0.423	
% 2	835	0.1867	0.4269	0.2683	0.1181	
% 2	836	0.0775	0.657	0.1765	0.089	
% 2	837	0.2684	0.2589	0.1614	0.3113	
% 2	838	0.053	0.051	0.838	0.058	
% 2	839	0.3362	0.042	0.1601	0.4617	
% 2	840	0.349	0.1405	0.0805	0.43	
% 2	841	0.154	0.553	0.1295	0.1635	
% 2	842	0.046	0.8779	0.0285	0.0475	
% 2	843	0.035	0.9035	0.0285	0.033	
% 2	844	0.2	0.4925	0.1465	0.161	
% 2	845	0.3285	0.1055	0.1535	0.4125	
% 2	846	0.2181	0.1076	0.2561	0.4182	
% 2	847	0.6025	0.0435	0.105	0.249	
% 2	848	0.0365	0.906	0.0215	0.036	
% 2	849	0.2039	0.05	0.5212	0.2249	
% 2	850	0.343	0.076	0.156	0.425	
% 2	851	0.3437	0.105	0.1666	0.3847	
% 2	852	0.15	0.4385	0.289	0.1225	
% 2	853	0.071	0.6075	0.2155	0.106	
% 2	854	0.1286	0.5478	0.2186	0.1051	
% 2	855	0.327	0.0765	0.09	0.5065	
% 2	856	0.3543	0.1524	0.1524	0.3408	
% 2	857	0.5752	0.0425	0.062	0.3203	
% 2	858	0.1301	0.0835	0.5838	0.2026	
% 2	859	0.088	0.7744	0.0615	0.076	
% 2	860	0.0335	0.9125	0.0225	0.0315	
% 2	861	0.042	0.8689	0.045	0.044	
% 2	862	0.1305	0.115	0.6345	0.12	
% 2	863	0.036	0.8719	0.0545	0.0375	
% 2	864	0.0875	0.7345	0.09	0.088	
% 2	865	0.042	0.056	0.8646	0.0375	
% 2	866	0.274	0.201	0.037	0.488	
% 2	867	0.133	0.053	0.5975	0.2165	
% 2	868	0.3818	0.0595	0.1364	0.4223	
% 2	869	0.1765	0.0645	0.578	0.181	
% 2	870	0.0625	0.7935	0.083	0.061	
% 2	871	0.0415	0.108	0.805	0.0455	
% 2	872	0.164	0.155	0.5515	0.1295	
% 2	873	0.0435	0.887	0.0315	0.038	
% 2	874	0.3692	0.0735	0.071	0.4862	
% 2	875	0.1374	0.1623	0.532	0.1683	
% 2	876	0.1691	0.1086	0.6143	0.1081	
% 2	877	0.2806	0.4602	0.065	0.1941	
% 2	878	0.3632	0.2451	0.1381	0.2536	
% 2	879	0.0265	0.93	0.021	0.0225	
% 2	880	0.1994	0.2904	0.3043	0.2059	
% 2	881	0.085	0.759	0.069	0.087	
% 2	882	0.4373	0.0835	0.1864	0.2929	


% PARAMETERS
72 500 translate 
1 1 scale
0 rotate
/setrim {3 setlinewidth} def 
/setsep {0.3 setlinewidth} def 
/setind {0.3 setlinewidth} def 
/fh {6} def    	% Font height 
/da {5} def    	% Distance above box at which to print names 
/db {-7} def    	% Distance below box at which to print names 
/bh {50} def    	% Height of the box 
/wi {0.530612} def    	% Width of an individual 
/aato {60} def  	% Angle at which to print text atop box 
/abel {60} def  	% Angle at which to print text below box 
/tot {882} def   	% Total number of individuals 
/Helvetica-Bold findfont fh scalefont setfont 

% ABBREVIATED COMMANDS
/M {moveto} def
/R {rmoveto} def
/L {lineto} def
/V {rlineto} def
/Cfs {closepath fill stroke} def
/rotshow {
  dup dup stringwidth pop abel cos mul neg exch 
  stringwidth pop abel sin mul neg R
  gsave abel rotate show grestore
} def
/bhm {bh mul} def 	% Multiply by height of the box 
/nwi {wi neg} def   	% Negative width of an individual 
/wm {wi mul} def 	% Multiply by width of an individual 
/ru {bhm M wi 0 V 0} def   	% Right-upwards box motion 
/ld {bhm V nwi 0 V Cfs} def	% Left-downwards box closure motion
/bbm {-.3 add 2 div add wm fh 2 div add db M} def       	% Below-box motion
/abm {-.3 add 2 div add wm fh 2 div add bh da add M} def	% Above-box motion
/sc {setrgbcolor} def

% COLORS
/c0 {0.0 0.0 0.0 sc} def    % black 
/c1 {2.1 0.6 0.3 sc} def    % orange 
/c2 {0 0.6 0.9 sc} def      % blue   
/c3 {.9 2.1 0 sc} def       % yellow 
/c4 {1.5 0.6 0.9 sc} def    % pink   
/c5 {.2 .6 .2 sc} def       % green  
/c6 {.5 0 .5 sc} def        % purple 
/c7 {1.2 0.0 0.3 sc} def    % red     
/c8 {0 1 0 sc} def          % light_green 
/c9 {0 0 1 sc} def          % dark_blue 
/c10 {1.2 0 1.8 sc} def     % light_purple 
/c11 {1.5 0.9 0.6 sc} def   % light_yellow 
/c12 {0.7 0.3 0.0 sc} def   % brown 
/c13 {0 1.2 1.8 sc} def     % light_blue 
/c14 {0.5 0.5 0.0 sc} def   % olive_green 
/c15 {1.8 0.6 0.6 sc} def   % peach 
/c16 {0 0.5 0.5 sc} def     % sea_green 
/c17 {.6 .75 .15 sc} def    % yellow_green 
/c18 {0.45 .15 .9 sc} def   % blue_purple  
/c19 {0.15 0.75 0.6 sc} def % blue_green 
/c20 {0.5 setgray} def      % gray 
/c21 {0.05 0.4 0.05 sc} def % dark_green 
/c22 {0.75 setgray} def     % light_gray 
/c23 {1 0 0 sc} def         % red2 
/c24 {0.6 0.9 1.5 sc} def   % light_blue2 
/c25 {1 0.6 0.4 sc} def     % light_orange 
/c26 {0.25 setgray} def     % dark_gray 
/c27 {1.2 0.9 0.9 sc} def   % light_pink 
/c28 {.6 .2 .2 sc} def      % dark_brown 
/c29 {1.6 0.4 0 sc} def     % dark_orange 
/c30 {0.2 0 0.3 sc} def     % dark_purple 
/c31 {1 setgray} def        % white 
/c32 {2.7 .3 0 sc} def      % color32 
/c33 {2.4 .6 0 sc} def      % color33 
/c34 {2.1 .3 .6 sc} def     % color34 
/c35 {1.5 .6 .9 sc} def     % color35 
/c36 {1.2 1.2 .6 sc} def    % color36 
/c37 {1.2 1.2 .9 sc} def    % color37 
/c38 {1.2 .9 .9 sc} def     % color38 
/c39 {.9 1.8 .3 sc} def     % color39 
/c40 {.9 .9 1.2 sc} def     % color40 
/c41 {.9 .6 1.5 sc} def     % color41 
/c42 {.6 2.1 .3 sc} def     % color42 
/c43 {.6 1.8 .6 sc} def     % color43 
/c44 {.6 1.5 .9 sc} def     % color44 
/c45 {.6 1.2 1.2 sc} def    % color45 
/c46 {.6 .9 1.5 sc} def     % color46 
/c47 {.6 .6 1.8 sc} def     % color47 
/c48 {.6 .3 2.1 sc} def     % color48 
/c49 {.3 .6 2.1 sc} def     % color49 
/c50 {0 2.4 .6 sc} def      % color50 
/c51 {0 2.1 .9 sc} def      % color51 
/c52 {0 .9 2.1 sc} def      % color52 
/c53 {.8 .1 .1 sc} def      % color53 
/c54 {.7 .3 0 sc} def       % color54 
/c55 {.7 .2 .1 sc} def      % color55 
/c56 {.7 .1 .2 sc} def      % color56 
/c57 {.6 .4 0 sc} def       % color57 
/c58 {.6 .3 .1 sc} def      % color58 
/c59 {.3 .4 .3 sc} def      % color59 
/c60 {.6 .1 .3 sc} def      % color60 
/c61 {.5 .3 .2 sc} def      % color61 
/c62 {.5 .2 .3 sc} def      % color62 
/c63 {.5 .1 .4 sc} def      % color63 
/c64 {.4 .3 .3 sc} def      % color64 
/c65 {.4 .2 .4 sc} def      % color65 
/c66 {1.2 .4 .4 sc} def     % color66 
/c67 {1.2 .2 .6 sc} def     % color67 
/c68 {1 .8 .2 sc} def       % color68 
/c69 {1 .6 .4 sc} def       % color69 
/c70 {1 .4 .6 sc} def       % color70 
/c100 {0.996094 0.996094 0.996094 sc} def   % color100 
/c101 {0.996094 0.695312 0.695312 sc} def   % color101 
/c102 {0.894531 0.492188 0.492188 sc} def   % color102 
/c103 {0.796875 0.316406 0.316406 sc} def   % color103 
/c104 {0.695312 0.171875 0.171875 sc} def   % color104 
/c105 {0.597656 0.0585938 0.0585938 sc} def % color105 
/c106 {0.894531 0.84375 0.695312 sc} def    % color106 
/c107 {0.761719 0.691406 0.492188 sc} def   % color107 
/c108 {0.636719 0.554688 0.316406 sc} def   % color108 
/c109 {0.519531 0.433594 0.171875 sc} def   % color109 
/c110 {0.417969 0.328125 0.0585938 sc} def  % color110 
/c111 {0.894531 0.996094 0.695312 sc} def   % color111 
/c112 {0.761719 0.894531 0.492188 sc} def   % color112 
/c113 {0.636719 0.796875 0.316406 sc} def   % color113 
/c114 {0.519531 0.695312 0.171875 sc} def   % color114 
/c115 {0.417969 0.597656 0.0585938 sc} def  % color115 
/c116 {0.695312 0.894531 0.996094 sc} def   % color116 
/c117 {0.492188 0.761719 0.894531 sc} def   % color117 
/c118 {0.316406 0.636719 0.796875 sc} def   % color118 
/c119 {0.171875 0.519531 0.695312 sc} def   % color119 
/c120 {0.0585938 0.417969 0.597656 sc} def  % color120 
/c121 {0.746094 0.695312 0.996094 sc} def   % color121 
/c122 {0.558594 0.492188 0.894531 sc} def   % color122 
/c123 {0.394531 0.316406 0.796875 sc} def   % color123 
/c124 {0.257812 0.171875 0.695312 sc} def   % color124 
/c125 {0.148438 0.0585938 0.597656 sc} def  % color125 
/c126 {0.996094 0.996094 0.597656 sc} def   % color126 
/c127 {0.996094 0.996094 0 sc} def          % color127 
/c128 {0.996094 0.796875 0 sc} def          % color128 
/c129 {0.996094 0.597656 0 sc} def          % color129 
/c130 {0.996094 0.398438 0 sc} def          % color130 
/c1001 {0.496094 0.785156 0.496094 sc} def   % Accent_3_qual_1 
/c1002 {0.742188 0.679688 0.828125 sc} def   % Accent_3_qual_2 
/c1003 {0.988281 0.75 0.523438 sc} def       % Accent_3_qual_3 
/c1004 {0.496094 0.785156 0.496094 sc} def   % Accent_4_qual_1 
/c1005 {0.742188 0.679688 0.828125 sc} def   % Accent_4_qual_2 
/c1006 {0.988281 0.75 0.523438 sc} def 	    % Accent_4_qual_3 
/c1007 {0.996094 0.996094 0.597656 sc} def   % Accent_4_qual_4 
/c1008 {0.496094 0.785156 0.496094 sc} def   % Accent_5_qual_1 
/c1009 {0.742188 0.679688 0.828125 sc} def   % Accent_5_qual_2 
/c1010 {0.988281 0.75 0.523438 sc} def 	    % Accent_5_qual_3 
/c1011 {0.996094 0.996094 0.597656 sc} def   % Accent_5_qual_4 
/c1012 {0.21875 0.421875 0.6875 sc} def 	    % Accent_5_qual_5 
/c1013 {0.496094 0.785156 0.496094 sc} def   % Accent_6_qual_1 
/c1014 {0.742188 0.679688 0.828125 sc} def   % Accent_6_qual_2 
/c1015 {0.988281 0.75 0.523438 sc} def 	    % Accent_6_qual_3 
/c1016 {0.996094 0.996094 0.597656 sc} def   % Accent_6_qual_4 
/c1017 {0.21875 0.421875 0.6875 sc} def 	    % Accent_6_qual_5 
/c1018 {0.9375 0.0078125 0.496094 sc} def    % Accent_6_qual_6 
/c1019 {0.496094 0.785156 0.496094 sc} def   % Accent_7_qual_1 
/c1020 {0.742188 0.679688 0.828125 sc} def   % Accent_7_qual_2 
/c1021 {0.988281 0.75 0.523438 sc} def 	    % Accent_7_qual_3 
/c1022 {0.996094 0.996094 0.597656 sc} def   % Accent_7_qual_4 
/c1023 {0.21875 0.421875 0.6875 sc} def 	    % Accent_7_qual_5 
/c1024 {0.9375 0.0078125 0.496094 sc} def    % Accent_7_qual_6 
/c1025 {0.746094 0.355469 0.0898438 sc} def  % Accent_7_qual_7 
/c1026 {0.496094 0.785156 0.496094 sc} def   % Accent_8_qual_1 
/c1027 {0.742188 0.679688 0.828125 sc} def   % Accent_8_qual_2 
/c1028 {0.988281 0.75 0.523438 sc} def 	    % Accent_8_qual_3 
/c1029 {0.996094 0.996094 0.597656 sc} def   % Accent_8_qual_4 
/c1030 {0.21875 0.421875 0.6875 sc} def 	    % Accent_8_qual_5 
/c1031 {0.9375 0.0078125 0.496094 sc} def    % Accent_8_qual_6 
/c1032 {0.746094 0.355469 0.0898438 sc} def  % Accent_8_qual_7 
