%!PS-Adobe-3.0 EPSF-3.0 
% Graphical display of results from structure
% distruct by Noah Rosenberg, version 1.0 Nov 2002 
%                             version 1.1 Jun 2007 
% Command line arguments: distruct/distruct1.1 -K 5 -M 4 -N 882 -p 1597525617/pop -i 1597525617/ind -o 1597525617/out.ps -b 1597525617/labels -c 1597525617/perm -d 1597525617/drawparams 
gsave

% Population Q values from the file: 1597525617/pop
% 5 clusters, 4 populations, 0 individuals
% Pop. code, number of individuals, membership coefficients
% 1	157	0.204	0.218	0.204	0.194	0.18	
% 2	643	0.207	0.201	0.21	0.196	0.187	
% 3	40	0.276	0.266	0.31	0.059	0.089	
% 4	42	0.103	0.085	0.073	0.049	0.689	


% Individual Q values from the file: 1597525617/ind
% Population code, individual label, membership coefficients
% 1	1	0.143	0.015	0.31	0.36	0.172	
% 1	2	0.222	0.082	0.209	0.248	0.239	
% 1	3	0.104	0.069	0.179	0.449	0.199	
% 1	4	0.27	0.033	0.134	0.339	0.224	
% 1	5	0.018	0.929	0.017	0.018	0.018	
% 1	6	0.0901	0.2262	0.043	0.5465	0.0941	
% 1	7	0.262	0.21	0.176	0.164	0.188	
% 1	8	0.217	0.018	0.106	0.107	0.552	
% 1	9	0.092	0.191	0.174	0.443	0.1	
% 1	10	0.1692	0.4915	0.1231	0.0731	0.1431	
% 1	11	0.129	0.105	0.128	0.478	0.16	
% 1	12	0.109	0.129	0.067	0.583	0.112	
% 1	13	0.3083	0.034	0.1301	0.0751	0.4525	
% 1	14	0.2507	0.4595	0.029	0.1279	0.1329	
% 1	15	0.211	0.436	0.049	0.098	0.206	
% 1	16	0.226	0.12	0.147	0.283	0.224	
% 1	17	0.164	0.101	0.021	0.174	0.54	
% 1	18	0.276	0.032	0.208	0.079	0.405	
% 1	19	0.445	0.054	0.103	0.063	0.335	
% 1	20	0.335	0.224	0.022	0.21	0.209	
% 1	21	0.2867	0.1978	0.0889	0.1149	0.3117	
% 1	22	0.1838	0.0789	0.3596	0.2108	0.1668	
% 1	23	0.1259	0.1648	0.1189	0.2687	0.3217	
% 1	24	0.033	0.02	0.822	0.088	0.037	
% 1	25	0.269	0.221	0.082	0.11	0.318	
% 1	26	0.188	0.119	0.312	0.155	0.226	
% 1	27	0.399	0.059	0.053	0.243	0.246	
% 1	28	0.037	0.032	0.8378	0.0581	0.035	
% 1	29	0.276	0.07	0.125	0.216	0.313	
% 1	30	0.133	0.611	0.058	0.079	0.119	
% 1	31	0.196	0.041	0.166	0.216	0.381	
% 1	32	0.192	0.111	0.178	0.081	0.438	
% 1	33	0.145	0.149	0.346	0.205	0.155	
% 1	34	0.1471	0.5516	0.0511	0.0611	0.1892	
% 1	35	0.335	0.092	0.198	0.134	0.241	
% 1	36	0.167	0.172	0.083	0.282	0.296	
% 1	37	0.1612	0.1241	0.5035	0.1221	0.0891	
% 1	38	0.061	0.487	0.325	0.056	0.071	
% 1	39	0.3213	0.1121	0.041	0.0681	0.4575	
% 1	40	0.217	0.292	0.037	0.328	0.126	
% 1	41	0.3724	0.04	0.0941	0.2452	0.2482	
% 1	42	0.044	0.8042	0.028	0.0579	0.0659	
% 1	43	0.2078	0.043	0.1718	0.3287	0.2488	
% 1	44	0.1329	0.0539	0.0949	0.4645	0.2537	
% 1	45	0.073	0.356	0.303	0.167	0.101	
% 1	46	0.2112	0.0831	0.3954	0.1461	0.1642	
% 1	47	0.051	0.065	0.73	0.101	0.053	
% 1	48	0.168	0.052	0.127	0.434	0.219	
% 1	49	0.254	0.038	0.313	0.221	0.174	
% 1	50	0.407	0.026	0.031	0.117	0.419	
% 1	51	0.079	0.683	0.068	0.091	0.079	
% 1	52	0.038	0.827	0.051	0.04	0.044	
% 1	53	0.104	0.026	0.624	0.141	0.105	
% 1	54	0.0981	0.0761	0.5666	0.1381	0.1211	
% 1	55	0.2028	0.1019	0.0639	0.1309	0.5005	
% 1	56	0.222	0.075	0.484	0.075	0.144	
% 1	57	0.1311	0.026	0.5986	0.0851	0.1592	
% 1	58	0.0811	0.7007	0.0531	0.0751	0.0901	
% 1	59	0.1808	0.033	0.5095	0.1289	0.1479	
% 1	60	0.191	0.132	0.087	0.399	0.191	
% 1	61	0.199	0.072	0.461	0.139	0.129	
% 1	62	0.222	0.05	0.091	0.467	0.17	
% 1	63	0.0971	0.2322	0.3804	0.1892	0.1011	
% 1	64	0.194	0.071	0.094	0.416	0.225	
% 1	65	0.255	0.065	0.114	0.142	0.424	
% 1	66	0.333	0.276	0.037	0.095	0.259	
% 1	67	0.306	0.044	0.352	0.094	0.204	
% 1	68	0.1642	0.0511	0.4484	0.2162	0.1201	
% 1	69	0.0859	0.2388	0.4955	0.0769	0.1029	
% 1	70	0.266	0.041	0.216	0.19	0.287	
% 1	71	0.228	0.033	0.08	0.181	0.478	
% 1	72	0.1499	0.024	0.1329	0.5415	0.1518	
% 1	73	0.144	0.259	0.258	0.07	0.269	
% 1	74	0.2448	0.033	0.038	0.5754	0.1089	
% 1	75	0.17	0.119	0.355	0.088	0.268	
% 1	76	0.142	0.047	0.629	0.09	0.092	
% 1	77	0.024	0.9091	0.017	0.03	0.02	
% 1	78	0.224	0.04	0.134	0.174	0.428	
% 1	79	0.317	0.059	0.126	0.128	0.37	
% 1	80	0.075	0.714	0.081	0.069	0.061	
% 1	81	0.152	0.425	0.108	0.229	0.086	
% 1	82	0.102	0.023	0.574	0.182	0.119	
% 1	83	0.2633	0.049	0.2793	0.1201	0.2883	
% 1	84	0.313	0.199	0.077	0.247	0.164	
% 1	85	0.223	0.029	0.125	0.127	0.496	
% 1	86	0.4136	0.0889	0.03	0.2587	0.2088	
% 1	87	0.167	0.038	0.353	0.365	0.077	
% 2	88	0.06	0.818	0.026	0.031	0.065	
% 2	89	0.532	0.055	0.061	0.134	0.218	
% 2	90	0.034	0.8811	0.021	0.03	0.034	
% 2	91	0.257	0.016	0.342	0.207	0.178	
% 2	92	0.149	0.053	0.526	0.106	0.166	
% 2	93	0.0701	0.018	0.7958	0.0511	0.0651	
% 2	94	0.167	0.18	0.039	0.185	0.429	
% 2	95	0.178	0.214	0.036	0.28	0.292	
% 2	96	0.218	0.095	0.108	0.209	0.37	
% 2	97	0.043	0.147	0.733	0.029	0.048	
% 2	98	0.254	0.049	0.105	0.27	0.322	
% 2	99	0.1642	0.1051	0.4695	0.1401	0.1211	
% 2	100	0.209	0.037	0.091	0.125	0.538	
% 2	101	0.09	0.518	0.143	0.116	0.133	
% 2	102	0.3974	0.0921	0.043	0.1371	0.3303	
% 2	103	0.252	0.196	0.166	0.203	0.183	
% 2	104	0.158	0.035	0.511	0.109	0.187	
% 2	105	0.057	0.197	0.534	0.179	0.033	
% 2	106	0.015	0.8959	0.0511	0.022	0.016	
% 2	107	0.322	0.11	0.131	0.175	0.262	
% 2	108	0.242	0.061	0.231	0.219	0.247	
% 2	109	0.303	0.231	0.028	0.203	0.235	
% 2	110	0.0949	0.2028	0.4915	0.1119	0.0989	
% 2	111	0.1558	0.0819	0.4625	0.1469	0.1528	
% 2	112	0.1748	0.1079	0.0589	0.2567	0.4016	
% 2	113	0.189	0.518	0.056	0.085	0.152	
% 2	114	0.338	0.045	0.073	0.16	0.384	
% 2	115	0.056	0.053	0.333	0.496	0.062	
% 2	116	0.207	0.09	0.068	0.209	0.426	
% 2	117	0.1912	0.1942	0.0561	0.1792	0.3794	
% 2	118	0.392	0.036	0.181	0.074	0.317	
% 2	119	0.466	0.063	0.064	0.18	0.227	
% 2	120	0.0601	0.017	0.8148	0.043	0.0651	
% 2	121	0.411	0.062	0.034	0.235	0.258	
% 2	122	0.2573	0.0661	0.2062	0.1872	0.2833	
% 2	123	0.255	0.028	0.236	0.19	0.291	
% 2	124	0.128	0.1	0.044	0.604	0.124	
% 2	125	0.127	0.108	0.507	0.132	0.126	
% 2	126	0.0601	0.6436	0.0631	0.1291	0.1041	
% 2	127	0.5075	0.0589	0.0599	0.0719	0.3017	
% 2	128	0.1131	0.035	0.7077	0.0581	0.0861	
% 2	129	0.155	0.232	0.086	0.096	0.431	
% 2	130	0.1508	0.0579	0.031	0.5504	0.2098	
% 2	131	0.2378	0.0699	0.1558	0.2468	0.2897	
% 2	132	0.215	0.042	0.464	0.197	0.082	
% 2	133	0.255	0.028	0.06	0.249	0.408	
% 2	134	0.5816	0.0631	0.0691	0.1001	0.1862	
% 2	135	0.03	0.021	0.8849	0.036	0.028	
% 2	136	0.3836	0.042	0.1049	0.1688	0.3007	
% 2	137	0.229	0.245	0.044	0.338	0.144	
% 2	138	0.094	0.646	0.027	0.078	0.155	
% 2	139	0.2422	0.023	0.0721	0.2613	0.4014	
% 2	140	0.1842	0.1011	0.0521	0.0881	0.5746	
% 2	141	0.148	0.392	0.137	0.091	0.232	
% 2	142	0.1578	0.3307	0.2038	0.1309	0.1768	
% 2	143	0.0601	0.0731	0.6436	0.1491	0.0741	
% 2	144	0.2318	0.014	0.04	0.1469	0.5674	
% 2	145	0.109	0.033	0.055	0.681	0.122	
% 2	146	0.1391	0.0591	0.5415	0.1001	0.1602	
% 2	147	0.395	0.057	0.103	0.167	0.278	
% 2	148	0.263	0.024	0.222	0.255	0.236	
% 2	149	0.2488	0.0849	0.3247	0.1409	0.2008	
% 2	150	0.2537	0.0639	0.4366	0.0969	0.1489	
% 2	151	0.239	0.094	0.155	0.076	0.436	
% 2	152	0.181	0.056	0.129	0.519	0.115	
% 2	153	0.052	0.04	0.838	0.039	0.031	
% 2	154	0.3784	0.0611	0.049	0.3293	0.1822	
% 2	155	0.186	0.093	0.235	0.259	0.227	
% 2	156	0.2543	0.1572	0.1772	0.2523	0.1592	
% 2	157	0.154	0.07	0.212	0.366	0.198	
% 2	158	0.383	0.022	0.139	0.124	0.332	
% 2	159	0.2633	0.044	0.042	0.3183	0.3323	
% 2	160	0.302	0.061	0.254	0.168	0.215	
% 2	161	0.1632	0.042	0.3614	0.2142	0.2192	
% 2	162	0.317	0.066	0.222	0.205	0.19	
% 2	163	0.138	0.056	0.571	0.152	0.083	
% 2	164	0.226	0.027	0.08	0.324	0.343	
% 2	165	0.114	0.019	0.205	0.416	0.246	
% 2	166	0.2428	0.0509	0.0569	0.5425	0.1069	
% 2	167	0.233	0.105	0.361	0.16	0.141	
% 2	168	0.2913	0.0611	0.0771	0.1131	0.4575	
% 2	169	0.025	0.9071	0.014	0.034	0.02	
% 2	170	0.0801	0.0721	0.6476	0.1181	0.0821	
% 2	171	0.284	0.036	0.104	0.256	0.32	
% 2	172	0.142	0.414	0.272	0.063	0.109	
% 2	173	0.031	0.8881	0.025	0.031	0.025	
% 2	174	0.1049	0.038	0.1089	0.5704	0.1778	
% 2	175	0.246	0.028	0.069	0.142	0.515	
% 2	176	0.26	0.056	0.5	0.052	0.132	
% 2	177	0.057	0.016	0.786	0.091	0.05	
% 2	178	0.3674	0.0541	0.025	0.3163	0.2372	
% 2	179	0.151	0.02	0.451	0.198	0.18	
% 2	180	0.0511	0.7928	0.0631	0.035	0.0581	
% 2	181	0.313	0.04	0.077	0.374	0.196	
% 2	182	0.1998	0.1289	0.0589	0.0829	0.5295	
% 2	183	0.2673	0.036	0.0961	0.3013	0.2993	
% 2	184	0.1141	0.5335	0.0951	0.0581	0.1992	
% 2	185	0.322	0.012	0.033	0.053	0.58	
% 2	186	0.1369	0.0999	0.4366	0.0849	0.2418	
% 2	187	0.066	0.022	0.056	0.807	0.049	
% 2	188	0.18	0.062	0.105	0.22	0.433	
% 2	189	0.26	0.155	0.298	0.087	0.2	
% 2	190	0.1888	0.05	0.5914	0.0769	0.0929	
% 2	191	0.0751	0.035	0.5185	0.2833	0.0881	
% 2	192	0.5864	0.031	0.023	0.0559	0.3037	
% 2	193	0.3113	0.1231	0.1301	0.2212	0.2142	
% 2	194	0.639	0.015	0.039	0.056	0.251	
% 2	195	0.0541	0.7998	0.02	0.0591	0.0671	
% 2	196	0.0849	0.034	0.03	0.6893	0.1618	
% 2	197	0.247	0.063	0.404	0.143	0.143	
% 2	198	0.075	0.748	0.062	0.043	0.072	
% 2	199	0.222	0.034	0.068	0.139	0.537	
% 2	200	0.079	0.057	0.669	0.131	0.064	
% 2	201	0.326	0.028	0.083	0.346	0.217	
% 2	202	0.078	0.018	0.802	0.06	0.042	
% 2	203	0.24	0.046	0.123	0.409	0.182	
% 2	204	0.201	0.066	0.153	0.362	0.218	
% 2	205	0.0869	0.0889	0.0939	0.6224	0.1079	
% 2	206	0.046	0.8118	0.044	0.048	0.0501	
% 2	207	0.208	0.239	0.067	0.35	0.136	
% 2	208	0.1888	0.043	0.0639	0.2787	0.4256	
% 2	209	0.086	0.535	0.162	0.074	0.143	
% 2	210	0.031	0.8899	0.018	0.038	0.023	
% 2	211	0.349	0.172	0.083	0.169	0.227	
% 2	212	0.18	0.252	0.333	0.141	0.094	
% 2	213	0.1522	0.029	0.0791	0.5135	0.2262	
% 2	214	0.094	0.053	0.046	0.737	0.07	
% 2	215	0.588	0.029	0.064	0.044	0.275	
% 2	216	0.048	0.8008	0.026	0.0721	0.0531	
% 2	217	0.204	0.393	0.089	0.194	0.12	
% 2	218	0.0749	0.029	0.5025	0.3087	0.0849	
% 2	219	0.4124	0.1121	0.033	0.1732	0.2693	
% 2	220	0.453	0.014	0.111	0.165	0.257	
% 2	221	0.1129	0.2637	0.0599	0.4865	0.0769	
% 2	222	0.25	0.044	0.251	0.231	0.224	
% 2	223	0.2747	0.0719	0.0839	0.4466	0.1229	
% 2	224	0.3546	0.031	0.0879	0.1489	0.3776	
% 2	225	0.023	0.909	0.018	0.029	0.021	
% 2	226	0.2553	0.1762	0.043	0.1221	0.4034	
% 2	227	0.027	0.867	0.038	0.04	0.028	
% 2	228	0.251	0.049	0.046	0.476	0.178	
% 2	229	0.143	0.026	0.109	0.334	0.388	
% 2	230	0.0839	0.2028	0.1758	0.3986	0.1389	
% 2	231	0.267	0.072	0.048	0.408	0.205	
% 2	232	0.2617	0.0519	0.1878	0.2617	0.2368	
% 2	233	0.2577	0.0989	0.0829	0.3437	0.2168	
% 2	234	0.028	0.897	0.021	0.026	0.028	
% 2	235	0.1678	0.5175	0.0979	0.0839	0.1329	
% 2	236	0.246	0.031	0.293	0.219	0.211	
% 2	237	0.355	0.088	0.17	0.175	0.212	
% 2	238	0.309	0.136	0.045	0.349	0.161	
% 2	239	0.607	0.086	0.038	0.053	0.216	
% 2	240	0.205	0.054	0.084	0.354	0.303	
% 2	241	0.203	0.083	0.434	0.094	0.186	
% 2	242	0.476	0.019	0.172	0.045	0.288	
% 2	243	0.1692	0.0541	0.3544	0.2272	0.1952	
% 2	244	0.099	0.053	0.283	0.439	0.126	
% 2	245	0.027	0.922	0.015	0.014	0.022	
% 2	246	0.1	0.172	0.576	0.096	0.056	
% 2	247	0.1119	0.4775	0.1558	0.1538	0.1009	
% 2	248	0.119	0.504	0.058	0.072	0.247	
% 2	249	0.1451	0.0641	0.046	0.6056	0.1391	
% 2	250	0.1812	0.1191	0.1241	0.1872	0.3884	
% 2	251	0.2733	0.0681	0.0901	0.4204	0.1481	
% 2	252	0.044	0.036	0.8008	0.0811	0.038	
% 2	253	0.3127	0.0629	0.041	0.0659	0.5175	
% 2	254	0.135	0.065	0.438	0.209	0.153	
% 2	255	0.083	0.032	0.514	0.303	0.068	
% 2	256	0.085	0.326	0.338	0.203	0.048	
% 2	257	0.144	0.076	0.065	0.582	0.133	
% 1	258	0.227	0.2	0.154	0.22	0.199	
% 1	259	0.1832	0.4765	0.0871	0.0821	0.1712	
% 1	260	0.45	0.03	0.1	0.091	0.329	
% 1	261	0.1968	0.0599	0.043	0.2338	0.4665	
% 1	262	0.236	0.129	0.198	0.162	0.275	
% 1	263	0.1119	0.041	0.4685	0.2837	0.0949	
% 1	264	0.2132	0.0701	0.0881	0.4224	0.2062	
% 1	265	0.358	0.048	0.132	0.321	0.141	
% 1	266	0.09	0.018	0.056	0.622	0.214	
% 1	267	0.2627	0.1538	0.1079	0.1898	0.2857	
% 1	268	0.1361	0.1532	0.3764	0.1431	0.1912	
% 1	269	0.249	0.148	0.053	0.08	0.47	
% 1	270	0.063	0.036	0.509	0.32	0.072	
% 1	271	0.208	0.319	0.062	0.101	0.31	
% 1	272	0.2292	0.2262	0.045	0.3333	0.1662	
% 1	273	0.2927	0.036	0.1079	0.0969	0.4665	
% 1	274	0.057	0.747	0.048	0.054	0.094	
% 1	275	0.2737	0.1349	0.2398	0.1688	0.1828	
% 1	276	0.4446	0.0609	0.0719	0.1678	0.2547	
% 1	277	0.29	0.088	0.05	0.234	0.338	
% 1	278	0.166	0.316	0.055	0.285	0.178	
% 1	279	0.3313	0.2072	0.0521	0.1141	0.2953	
% 1	280	0.116	0.123	0.346	0.284	0.131	
% 1	281	0.264	0.058	0.064	0.122	0.492	
% 1	282	0.278	0.2	0.142	0.181	0.199	
% 1	283	0.3183	0.0591	0.0681	0.2232	0.3313	
% 1	284	0.151	0.03	0.158	0.489	0.172	
% 1	285	0.3483	0.0591	0.2603	0.1331	0.1992	
% 1	286	0.317	0.031	0.14	0.197	0.315	
% 1	287	0.016	0.9451	0.011	0.012	0.016	
% 1	288	0.0589	0.7383	0.0549	0.0729	0.0749	
% 1	289	0.2687	0.1259	0.038	0.1289	0.4386	
% 1	290	0.019	0.906	0.02	0.026	0.029	
% 1	291	0.138	0.437	0.197	0.147	0.081	
% 1	292	0.241	0.218	0.069	0.132	0.34	
% 1	293	0.109	0.038	0.631	0.108	0.114	
% 1	294	0.2903	0.2032	0.043	0.2362	0.2272	
% 1	295	0.233	0.028	0.155	0.277	0.307	
% 1	296	0.345	0.044	0.116	0.193	0.302	
% 1	297	0.0551	0.7718	0.029	0.0791	0.0651	
% 1	298	0.4094	0.026	0.043	0.2773	0.2442	
% 1	299	0.2298	0.2468	0.2917	0.1189	0.1129	
% 1	300	0.32	0.047	0.091	0.221	0.321	
% 1	301	0.035	0.856	0.032	0.042	0.035	
% 1	302	0.185	0.463	0.052	0.17	0.13	
% 1	303	0.238	0.125	0.047	0.08	0.51	
% 1	304	0.3766	0.1379	0.0789	0.0859	0.3207	
% 1	305	0.332	0.035	0.087	0.215	0.331	
% 1	306	0.0739	0.6004	0.019	0.2058	0.1009	
% 1	307	0.295	0.03	0.199	0.264	0.212	
% 1	308	0.362	0.108	0.054	0.3	0.176	
% 1	309	0.03	0.8919	0.026	0.024	0.028	
% 1	310	0.218	0.426	0.052	0.135	0.169	
% 1	311	0.2603	0.4645	0.042	0.0881	0.1451	
% 1	312	0.1041	0.0521	0.5616	0.1231	0.1592	
% 1	313	0.3093	0.022	0.1321	0.3674	0.1692	
% 1	314	0.1351	0.0521	0.5916	0.1071	0.1141	
% 1	315	0.224	0.068	0.103	0.33	0.275	
% 1	316	0.35	0.038	0.063	0.425	0.124	
% 1	317	0.2563	0.035	0.2032	0.046	0.4595	
% 1	318	0.157	0.033	0.45	0.164	0.196	
% 1	319	0.315	0.023	0.119	0.171	0.372	
% 1	320	0.147	0.017	0.093	0.566	0.177	
% 1	321	0.262	0.029	0.071	0.335	0.303	
% 1	322	0.198	0.316	0.056	0.102	0.328	
% 1	323	0.2507	0.031	0.036	0.3916	0.2907	
% 1	324	0.151	0.026	0.167	0.592	0.064	
% 1	325	0.1489	0.3836	0.047	0.1878	0.2328	
% 1	326	0.1822	0.0581	0.0511	0.4615	0.2472	
% 1	327	0.231	0.037	0.126	0.513	0.093	
% 2	328	0.128	0.045	0.615	0.129	0.083	
% 2	329	0.2322	0.0641	0.0641	0.3634	0.2763	
% 2	330	0.1762	0.0651	0.029	0.5305	0.1992	
% 2	331	0.1071	0.6066	0.0711	0.1281	0.0871	
% 2	332	0.126	0.687	0.066	0.045	0.076	
% 2	333	0.0501	0.8118	0.033	0.031	0.0741	
% 2	334	0.1169	0.1948	0.2068	0.2997	0.1818	
% 2	335	0.1992	0.022	0.4414	0.2082	0.1291	
% 2	336	0.06	0.831	0.025	0.033	0.051	
% 2	337	0.253	0.037	0.044	0.175	0.491	
% 2	338	0.056	0.821	0.023	0.046	0.054	
% 2	339	0.238	0.053	0.035	0.142	0.532	
% 2	340	0.161	0.144	0.455	0.151	0.089	
% 2	341	0.3536	0.02	0.2527	0.1908	0.1828	
% 2	342	0.26	0.383	0.088	0.127	0.142	
% 2	343	0.1658	0.3227	0.2318	0.1698	0.1099	
% 2	344	0.225	0.435	0.083	0.068	0.189	
% 2	345	0.071	0.655	0.096	0.118	0.06	
% 2	346	0.072	0.027	0.028	0.795	0.078	
% 2	347	0.34	0.054	0.048	0.113	0.445	
% 2	348	0.2817	0.1708	0.0669	0.1888	0.2917	
% 2	349	0.5	0.0331	0.0551	0.1202	0.2916	
% 2	350	0.358	0.051	0.038	0.204	0.349	
% 2	351	0.118	0.688	0.041	0.056	0.097	
% 2	352	0.159	0.404	0.082	0.232	0.123	
% 2	353	0.2	0.19	0.157	0.339	0.114	
% 2	354	0.24	0.099	0.048	0.318	0.295	
% 2	355	0.232	0.037	0.063	0.352	0.316	
% 2	356	0.19	0.04	0.438	0.214	0.118	
% 2	357	0.035	0.641	0.249	0.033	0.042	
% 2	358	0.2927	0.021	0.3237	0.1449	0.2178	
% 2	359	0.497	0.084	0.09	0.09	0.239	
% 2	360	0.143	0.053	0.383	0.173	0.248	
% 2	361	0.1071	0.018	0.045	0.7287	0.1011	
% 2	362	0.226	0.19	0.089	0.33	0.165	
% 2	363	0.1411	0.2082	0.1892	0.1992	0.2623	
% 2	364	0.5335	0.023	0.05	0.1069	0.2867	
% 2	365	0.316	0.039	0.04	0.326	0.279	
% 2	366	0.2458	0.042	0.3846	0.1878	0.1399	
% 2	367	0.056	0.752	0.028	0.098	0.066	
% 2	368	0.182	0.354	0.076	0.158	0.23	
% 2	369	0.19	0.089	0.305	0.177	0.239	
% 2	370	0.2897	0.0579	0.0709	0.3796	0.2018	
% 2	371	0.29	0.043	0.128	0.246	0.293	
% 2	372	0.4444	0.0831	0.1191	0.1371	0.2162	
% 2	373	0.11	0.104	0.493	0.188	0.105	
% 2	374	0.101	0.025	0.723	0.059	0.092	
% 2	375	0.23	0.099	0.048	0.304	0.319	
% 2	376	0.048	0.863	0.027	0.035	0.027	
% 2	377	0.114	0.221	0.425	0.126	0.114	
% 2	378	0.369	0.09	0.17	0.115	0.256	
% 2	379	0.3804	0.1161	0.1461	0.1962	0.1612	
% 2	380	0.2242	0.1652	0.1572	0.2462	0.2072	
% 2	381	0.3183	0.047	0.1041	0.1101	0.4204	
% 2	382	0.36	0.041	0.139	0.209	0.251	
% 2	383	0.101	0.42	0.064	0.17	0.245	
% 2	384	0.362	0.196	0.03	0.224	0.188	
% 2	385	0.134	0.052	0.029	0.611	0.174	
% 2	386	0.2318	0.3267	0.045	0.1379	0.2587	
% 2	387	0.244	0.26	0.249	0.096	0.151	
% 2	388	0.1451	0.0621	0.3453	0.1041	0.3433	
% 2	389	0.2527	0.1339	0.0559	0.2298	0.3277	
% 2	390	0.3253	0.0681	0.0671	0.2533	0.2863	
% 2	391	0.04	0.835	0.052	0.044	0.029	
% 2	392	0.256	0.04	0.28	0.263	0.161	
% 2	393	0.059	0.074	0.724	0.09	0.053	
% 2	394	0.0719	0.7433	0.03	0.0769	0.0779	
% 2	395	0.1341	0.2052	0.3964	0.1241	0.1401	
% 2	396	0.0831	0.5355	0.2142	0.0691	0.0981	
% 2	397	0.225	0.057	0.115	0.321	0.282	
% 2	398	0.1479	0.2068	0.1229	0.3846	0.1379	
% 2	399	0.133	0.292	0.258	0.11	0.207	
% 2	400	0.252	0.059	0.102	0.406	0.181	
% 2	401	0.081	0.065	0.638	0.129	0.087	
% 2	402	0.1081	0.2192	0.4234	0.1552	0.0941	
% 2	403	0.237	0.153	0.193	0.135	0.282	
% 2	404	0.1578	0.1199	0.044	0.1528	0.5255	
% 2	405	0.354	0.038	0.098	0.266	0.244	
% 2	406	0.243	0.044	0.048	0.268	0.397	
% 2	407	0.3854	0.1081	0.2252	0.0781	0.2032	
% 2	408	0.319	0.108	0.285	0.141	0.147	
% 2	409	0.204	0.039	0.248	0.377	0.132	
% 2	410	0.203	0.031	0.063	0.571	0.132	
% 2	411	0.173	0.041	0.066	0.391	0.329	
% 2	412	0.427	0.023	0.044	0.176	0.33	
% 2	413	0.1001	0.04	0.035	0.6587	0.1662	
% 2	414	0.2793	0.022	0.049	0.1772	0.4725	
% 2	415	0.153	0.019	0.138	0.511	0.179	
% 2	416	0.1401	0.0781	0.0651	0.3093	0.4074	
% 2	417	0.2352	0.0531	0.3223	0.2823	0.1071	
% 2	418	0.046	0.046	0.71	0.147	0.051	
% 2	419	0.192	0.03	0.295	0.225	0.258	
% 2	420	0.11	0.031	0.032	0.572	0.255	
% 2	421	0.442	0.056	0.073	0.216	0.213	
% 2	422	0.2617	0.049	0.0839	0.0849	0.5205	
% 2	423	0.133	0.054	0.117	0.542	0.154	
% 2	424	0.116	0.206	0.182	0.441	0.055	
% 2	425	0.183	0.267	0.055	0.286	0.209	
% 2	426	0.337	0.033	0.15	0.37	0.11	
% 2	427	0.1301	0.5826	0.017	0.0741	0.1962	
% 2	428	0.0849	0.017	0.035	0.8182	0.045	
% 2	429	0.255	0.181	0.023	0.192	0.349	
% 2	430	0.209	0.125	0.127	0.117	0.422	
% 2	431	0.1958	0.05	0.046	0.5345	0.1738	
% 2	432	0.0651	0.7588	0.0531	0.047	0.0761	
% 2	433	0.12	0.081	0.555	0.076	0.168	
% 2	434	0.1988	0.1029	0.044	0.1389	0.5155	
% 2	435	0.179	0.072	0.121	0.524	0.104	
% 2	436	0.192	0.037	0.141	0.469	0.161	
% 2	437	0.267	0.04	0.214	0.304	0.175	
% 2	438	0.044	0.0681	0.7788	0.0691	0.04	
% 2	439	0.117	0.483	0.071	0.089	0.24	
% 2	440	0.054	0.12	0.73	0.046	0.05	
% 2	441	0.5916	0.032	0.04	0.0511	0.2853	
% 2	442	0.2615	0.1313	0.1743	0.0912	0.3417	
% 2	443	0.3493	0.02	0.0511	0.2002	0.3794	
% 2	444	0.122	0.048	0.318	0.381	0.131	
% 2	445	0.1782	0.0891	0.2312	0.3373	0.1642	
% 2	446	0.161	0.274	0.254	0.228	0.083	
% 2	447	0.292	0.105	0.116	0.167	0.32	
% 2	448	0.182	0.057	0.055	0.101	0.605	
% 2	449	0.3253	0.038	0.0991	0.1942	0.3433	
% 2	450	0.0699	0.2038	0.2258	0.4446	0.0559	
% 2	451	0.287	0.043	0.084	0.148	0.438	
% 2	452	0.3243	0.0691	0.044	0.1431	0.4194	
% 2	453	0.4	0.028	0.031	0.348	0.193	
% 2	454	0.247	0.064	0.41	0.121	0.158	
% 2	455	0.214	0.421	0.147	0.094	0.124	
% 2	456	0.1319	0.1359	0.0819	0.4715	0.1788	
% 2	457	0.175	0.027	0.36	0.205	0.233	
% 2	458	0.132	0.052	0.164	0.514	0.138	
% 2	459	0.041	0.8458	0.023	0.0521	0.038	
% 2	460	0.307	0.045	0.039	0.457	0.152	
% 2	461	0.065	0.71	0.103	0.035	0.087	
% 2	462	0.216	0.021	0.272	0.24	0.251	
% 2	463	0.474	0.056	0.065	0.15	0.255	
% 2	464	0.2348	0.032	0.2647	0.3227	0.1459	
% 2	465	0.0821	0.049	0.5255	0.2753	0.0681	
% 2	466	0.222	0.079	0.262	0.239	0.198	
% 2	467	0.3187	0.0509	0.043	0.0819	0.5055	
% 2	468	0.144	0.02	0.119	0.586	0.131	
% 2	469	0.023	0.901	0.022	0.033	0.021	
% 2	470	0.0939	0.2428	0.4885	0.0689	0.1059	
% 2	471	0.157	0.08	0.084	0.4	0.279	
% 2	472	0.0789	0.009	0.026	0.8082	0.0779	
% 2	473	0.3514	0.0751	0.0761	0.2863	0.2112	
% 2	474	0.0821	0.0561	0.0641	0.6997	0.0981	
% 2	475	0.22	0.096	0.339	0.118	0.227	
% 2	476	0.371	0.044	0.083	0.157	0.345	
% 2	477	0.16	0.091	0.274	0.173	0.302	
% 2	478	0.303	0.085	0.086	0.295	0.231	
% 2	479	0.141	0.055	0.184	0.288	0.332	
% 2	480	0.288	0.097	0.059	0.259	0.297	
% 2	481	0.2657	0.048	0.0739	0.3267	0.2857	
% 2	482	0.1868	0.042	0.3606	0.1329	0.2777	
% 2	483	0.265	0.036	0.183	0.265	0.251	
% 2	484	0.3826	0.0739	0.04	0.0779	0.4256	
% 2	485	0.159	0.03	0.397	0.115	0.299	
% 2	486	0.2122	0.0561	0.1451	0.4234	0.1632	
% 2	487	0.135	0.035	0.529	0.055	0.246	
% 2	488	0.1702	0.0701	0.2893	0.2663	0.2042	
% 2	489	0.526	0.049	0.052	0.11	0.263	
% 2	490	0.325	0.022	0.036	0.394	0.223	
% 2	491	0.1568	0.0609	0.5514	0.0989	0.1319	
% 2	492	0.045	0.768	0.092	0.045	0.05	
% 2	493	0.2058	0.2158	0.1818	0.0569	0.3397	
% 2	494	0.188	0.047	0.145	0.459	0.161	
% 2	495	0.2212	0.0941	0.1562	0.2783	0.2503	
% 2	496	0.114	0.113	0.039	0.59	0.144	
% 2	497	0.241	0.018	0.179	0.272	0.29	
% 2	498	0.2563	0.0721	0.2933	0.1411	0.2372	
% 2	499	0.293	0.039	0.214	0.28	0.174	
% 2	500	0.1632	0.1001	0.044	0.4885	0.2042	
% 2	501	0.149	0.037	0.393	0.316	0.105	
% 2	502	0.133	0.235	0.44	0.076	0.116	
% 2	503	0.2492	0.1121	0.2232	0.2302	0.1852	
% 2	504	0.118	0.069	0.532	0.088	0.193	
% 2	505	0.134	0.071	0.077	0.642	0.076	
% 2	506	0.1249	0.0689	0.0959	0.6004	0.1099	
% 2	507	0.175	0.103	0.047	0.397	0.278	
% 2	508	0.1688	0.038	0.1009	0.3776	0.3147	
% 2	509	0.142	0.15	0.181	0.149	0.378	
% 2	510	0.023	0.926	0.017	0.017	0.017	
% 2	511	0.091	0.132	0.522	0.174	0.081	
% 2	512	0.171	0.031	0.461	0.239	0.098	
% 2	513	0.2543	0.028	0.038	0.1972	0.4825	
% 2	514	0.0609	0.026	0.8162	0.0569	0.04	
% 2	515	0.269	0.036	0.082	0.282	0.331	
% 2	516	0.082	0.305	0.462	0.094	0.057	
% 2	517	0.286	0.021	0.381	0.109	0.203	
% 2	518	0.095	0.482	0.163	0.098	0.162	
% 2	519	0.103	0.085	0.204	0.427	0.181	
% 2	520	0.431	0.042	0.144	0.082	0.301	
% 2	521	0.275	0.097	0.094	0.338	0.196	
% 2	522	0.157	0.33	0.079	0.334	0.1	
% 2	523	0.143	0.274	0.351	0.078	0.154	
% 2	524	0.171	0.127	0.123	0.445	0.134	
% 2	525	0.2292	0.046	0.1071	0.041	0.5766	
% 2	526	0.433	0.018	0.052	0.332	0.165	
% 2	527	0.2458	0.1059	0.0859	0.3646	0.1978	
% 2	528	0.281	0.026	0.215	0.255	0.223	
% 2	529	0.186	0.034	0.068	0.559	0.153	
% 2	530	0.153	0.065	0.425	0.252	0.105	
% 2	531	0.412	0.034	0.078	0.152	0.324	
% 2	532	0.1431	0.022	0.1251	0.4985	0.2112	
% 2	533	0.037	0.854	0.042	0.021	0.046	
% 2	534	0.1588	0.1099	0.1219	0.4535	0.1558	
% 2	535	0.291	0.055	0.344	0.155	0.155	
% 2	536	0.21	0.125	0.061	0.397	0.207	
% 2	537	0.3063	0.2292	0.0841	0.1131	0.2673	
% 2	538	0.2072	0.034	0.1391	0.3283	0.2913	
% 2	539	0.13	0.065	0.3	0.275	0.23	
% 2	540	0.2783	0.0561	0.1201	0.3113	0.2342	
% 2	541	0.304	0.018	0.295	0.212	0.171	
% 2	542	0.396	0.102	0.068	0.162	0.272	
% 2	543	0.178	0.019	0.359	0.283	0.161	
% 2	544	0.169	0.053	0.24	0.16	0.378	
% 2	545	0.3127	0.2507	0.1838	0.0929	0.1598	
% 2	546	0.202	0.044	0.333	0.271	0.15	
% 2	547	0.1958	0.0669	0.2517	0.2977	0.1878	
% 2	548	0.067	0.719	0.046	0.09	0.078	
% 2	549	0.252	0.287	0.159	0.081	0.221	
% 2	550	0.3323	0.2392	0.0741	0.1902	0.1642	
% 2	551	0.29	0.132	0.056	0.234	0.288	
% 2	552	0.344	0.037	0.02	0.167	0.432	
% 2	553	0.047	0.032	0.8188	0.0541	0.048	
% 2	554	0.16	0.024	0.445	0.102	0.269	
% 2	555	0.226	0.037	0.362	0.207	0.168	
% 2	556	0.254	0.083	0.196	0.208	0.259	
% 2	557	0.301	0.035	0.107	0.216	0.341	
% 2	558	0.2202	0.0651	0.2452	0.1532	0.3163	
% 2	559	0.355	0.264	0.066	0.088	0.227	
% 2	560	0.1924	0.0341	0.4709	0.0992	0.2034	
% 2	561	0.278	0.174	0.031	0.162	0.355	
% 2	562	0.102	0.067	0.575	0.146	0.11	
% 2	563	0.273	0.269	0.181	0.054	0.223	
% 2	564	0.1061	0.3273	0.1141	0.3554	0.0971	
% 2	565	0.2318	0.05	0.035	0.2877	0.3956	
% 2	566	0.142	0.027	0.135	0.46	0.236	
% 2	567	0.4444	0.034	0.0511	0.1421	0.3283	
% 2	568	0.464	0.024	0.083	0.138	0.291	
% 2	569	0.2422	0.044	0.1321	0.3734	0.2082	
% 2	570	0.13	0.274	0.214	0.201	0.181	
% 2	571	0.093	0.556	0.105	0.086	0.16	
% 2	572	0.142	0.133	0.412	0.068	0.245	
% 2	573	0.398	0.155	0.138	0.058	0.251	
% 2	574	0.532	0.118	0.035	0.08	0.235	
% 2	575	0.3574	0.034	0.2773	0.1612	0.1702	
% 2	576	0.195	0.018	0.579	0.098	0.11	
% 2	577	0.303	0.272	0.069	0.088	0.268	
% 2	578	0.461	0.023	0.019	0.049	0.448	
% 2	579	0.3027	0.0519	0.1658	0.0759	0.4036	
% 2	580	0.2348	0.019	0.2727	0.1419	0.3317	
% 2	581	0.154	0.132	0.451	0.076	0.187	
% 2	582	0.1211	0.0721	0.044	0.6426	0.1201	
% 2	583	0.3297	0.0559	0.2577	0.1149	0.2418	
% 2	584	0.278	0.287	0.206	0.063	0.166	
% 2	585	0.391	0.196	0.024	0.17	0.219	
% 2	586	0.163	0.552	0.092	0.067	0.126	
% 2	587	0.1518	0.029	0.1898	0.4745	0.1548	
% 2	588	0.296	0.38	0.093	0.059	0.172	
% 2	589	0.0621	0.033	0.7978	0.0691	0.038	
% 2	590	0.142	0.131	0.137	0.256	0.334	
% 2	591	0.2042	0.3984	0.1411	0.0971	0.1592	
% 2	592	0.2707	0.043	0.1848	0.2038	0.2977	
% 2	593	0.149	0.278	0.041	0.375	0.157	
% 2	594	0.25	0.041	0.113	0.401	0.195	
% 2	595	0.484	0.09	0.067	0.075	0.284	
% 2	596	0.1872	0.0731	0.0661	0.5445	0.1291	
% 2	597	0.306	0.076	0.049	0.432	0.137	
% 2	598	0.145	0.551	0.067	0.088	0.149	
% 2	599	0.306	0.086	0.305	0.135	0.168	
% 2	600	0.257	0.042	0.37	0.141	0.19	
% 2	601	0.118	0.017	0.647	0.048	0.17	
% 2	602	0.0639	0.0649	0.032	0.7772	0.0619	
% 2	603	0.1838	0.046	0.2837	0.2597	0.2268	
% 2	604	0.2368	0.0539	0.2278	0.1938	0.2877	
% 2	605	0.1231	0.035	0.5375	0.2072	0.0971	
% 2	606	0.3213	0.3514	0.039	0.1321	0.1562	
% 2	607	0.1608	0.04	0.1049	0.6054	0.0889	
% 2	608	0.2382	0.047	0.2392	0.3453	0.1301	
% 2	609	0.074	0.054	0.782	0.032	0.058	
% 2	610	0.106	0.179	0.312	0.278	0.125	
% 2	611	0.191	0.061	0.185	0.382	0.181	
% 2	612	0.305	0.134	0.09	0.242	0.229	
% 2	613	0.094	0.58	0.128	0.103	0.095	
% 2	614	0.068	0.251	0.549	0.066	0.066	
% 2	615	0.165	0.03	0.055	0.367	0.383	
% 2	616	0.195	0.031	0.047	0.572	0.155	
% 2	617	0.1712	0.023	0.2863	0.3113	0.2082	
% 2	618	0.4585	0.1151	0.032	0.1562	0.2382	
% 2	619	0.473	0.083	0.041	0.142	0.261	
% 2	620	0.172	0.247	0.124	0.352	0.105	
% 2	621	0.155	0.188	0.26	0.265	0.132	
% 2	622	0.2068	0.014	0.1459	0.1828	0.4505	
% 2	623	0.3093	0.2563	0.043	0.0851	0.3063	
% 2	624	0.477	0.087	0.141	0.063	0.232	
% 2	625	0.5846	0.031	0.024	0.0991	0.2613	
% 2	626	0.082	0.018	0.069	0.765	0.066	
% 2	627	0.2647	0.03	0.0639	0.2488	0.3926	
% 2	628	0.103	0.475	0.059	0.193	0.17	
% 2	629	0.039	0.8729	0.016	0.036	0.036	
% 2	630	0.496	0.063	0.031	0.064	0.346	
% 2	631	0.2462	0.2733	0.3133	0.0721	0.0951	
% 2	632	0.1612	0.0651	0.1211	0.5105	0.1421	
% 2	633	0.156	0.291	0.026	0.187	0.34	
% 2	634	0.186	0.022	0.232	0.258	0.302	
% 2	635	0.563	0.02	0.019	0.063	0.335	
% 2	636	0.538	0.054	0.074	0.127	0.207	
% 2	637	0.059	0.038	0.821	0.037	0.045	
% 2	638	0.3243	0.1211	0.033	0.1862	0.3353	
% 2	639	0.21	0.052	0.245	0.068	0.425	
% 2	640	0.0661	0.0991	0.0671	0.6987	0.0691	
% 2	641	0.1391	0.1021	0.1622	0.3463	0.2503	
% 2	642	0.1532	0.3333	0.1371	0.2232	0.1532	
% 2	643	0.428	0.017	0.038	0.188	0.329	
% 2	644	0.3193	0.031	0.04	0.3473	0.2623	
% 2	645	0.3824	0.2362	0.0571	0.1351	0.1892	
% 3	646	0.1209	0.0699	0.1269	0.4965	0.1858	
% 2	647	0.3387	0.0839	0.1049	0.1459	0.3267	
% 3	648	0.163	0.021	0.109	0.541	0.166	
% 3	649	0.576	0.018	0.019	0.108	0.279	
% 3	650	0.4426	0.0789	0.041	0.1159	0.3217	
% 2	651	0.386	0.035	0.132	0.08	0.367	
% 3	652	0.349	0.043	0.085	0.192	0.331	
% 4	653	0.353	0.036	0.376	0.074	0.161	
% 2	654	0.417	0.023	0.068	0.145	0.347	
% 4	655	0.1029	0.1439	0.4086	0.2478	0.0969	
% 4	656	0.122	0.033	0.662	0.119	0.064	
% 4	657	0.02	0.02	0.8931	0.043	0.024	
% 4	658	0.025	0.048	0.875	0.024	0.028	
% 4	659	0.04	0.023	0.8709	0.041	0.025	
% 3	660	0.1562	0.1271	0.025	0.4555	0.2362	
% 2	661	0.207	0.069	0.167	0.39	0.167	
% 3	662	0.2547	0.042	0.0519	0.1039	0.5475	
% 3	663	0.3453	0.034	0.039	0.1051	0.4765	
% 3	664	0.137	0.069	0.096	0.539	0.159	
% 3	665	0.4344	0.1061	0.025	0.2282	0.2062	
% 2	666	0.092	0.595	0.124	0.09	0.099	
% 3	667	0.475	0.043	0.031	0.072	0.379	
% 4	668	0.1131	0.2783	0.2412	0.1862	0.1812	
% 4	669	0.041	0.029	0.8711	0.03	0.029	
% 4	670	0.0919	0.017	0.7383	0.0709	0.0819	
% 4	671	0.304	0.05	0.494	0.058	0.094	
% 4	672	0.0909	0.043	0.6643	0.0639	0.1379	
% 4	673	0.171	0.042	0.414	0.217	0.156	
% 3	674	0.282	0.034	0.121	0.216	0.347	
% 3	675	0.205	0.058	0.083	0.538	0.116	
% 3	676	0.4885	0.02	0.1698	0.1029	0.2188	
% 3	677	0.26	0.161	0.054	0.337	0.188	
% 3	678	0.366	0.057	0.112	0.299	0.166	
% 2	679	0.162	0.249	0.094	0.331	0.164	
% 3	680	0.2767	0.1469	0.0979	0.1079	0.3706	
% 4	681	0.1329	0.0899	0.5285	0.0519	0.1968	
% 2	682	0.0791	0.1191	0.4605	0.2292	0.1121	
% 4	683	0.298	0.038	0.331	0.08	0.253	
% 4	684	0.036	0.113	0.789	0.032	0.03	
% 4	685	0.05	0.032	0.8122	0.031	0.0749	
% 4	686	0.03	0.019	0.894	0.021	0.036	
% 3	687	0.102	0.049	0.075	0.66	0.114	
% 3	688	0.471	0.023	0.057	0.121	0.328	
% 3	689	0.184	0.046	0.095	0.444	0.231	
% 3	690	0.208	0.052	0.047	0.554	0.139	
% 2	691	0.128	0.073	0.592	0.114	0.093	
% 3	692	0.199	0.044	0.062	0.118	0.577	
% 2	693	0.2382	0.0591	0.1131	0.2953	0.2943	
% 4	694	0.2907	0.03	0.1319	0.0999	0.4476	
% 4	695	0.0609	0.015	0.7982	0.0789	0.047	
% 4	696	0.079	0.142	0.496	0.23	0.053	
% 4	697	0.033	0.035	0.842	0.068	0.022	
% 4	698	0.071	0.038	0.792	0.051	0.048	
% 3	699	0.1191	0.0841	0.1291	0.4915	0.1762	
% 2	700	0.228	0.306	0.08	0.161	0.225	
% 3	701	0.328	0.043	0.111	0.268	0.25	
% 3	702	0.2737	0.033	0.0799	0.4216	0.1918	
% 3	703	0.3147	0.1039	0.047	0.2897	0.2448	
% 3	704	0.2993	0.045	0.035	0.1882	0.4324	
% 2	705	0.4294	0.1211	0.042	0.1532	0.2543	
% 3	706	0.2663	0.042	0.044	0.1992	0.4484	
% 2	707	0.072	0.795	0.025	0.065	0.043	
% 4	708	0.043	0.015	0.8701	0.032	0.04	
% 2	709	0.04	0.807	0.062	0.051	0.04	
% 4	710	0.2747	0.038	0.4316	0.1409	0.1149	
% 4	711	0.1209	0.045	0.6913	0.045	0.0979	
% 4	712	0.0951	0.0761	0.6917	0.0791	0.0581	
% 4	713	0.04	0.017	0.877	0.036	0.03	
% 3	714	0.1441	0.0751	0.3293	0.2833	0.1682	
% 2	715	0.5856	0.029	0.0951	0.047	0.2432	
% 3	716	0.1049	0.028	0.042	0.6593	0.1658	
% 3	717	0.284	0.063	0.105	0.245	0.303	
% 3	718	0.262	0.031	0.037	0.201	0.469	
% 3	719	0.271	0.085	0.136	0.304	0.204	
% 2	720	0.2503	0.1331	0.1361	0.2503	0.2302	
% 2	721	0.213	0.097	0.189	0.391	0.11	
% 4	722	0.0829	0.0809	0.6314	0.0789	0.1259	
% 4	723	0.032	0.055	0.857	0.028	0.028	
% 4	724	0.031	0.01	0.889	0.04	0.03	
% 4	725	0.053	0.02	0.85	0.032	0.045	
% 4	726	0.024	0.02	0.8871	0.04	0.029	
% 2	727	0.29	0.024	0.053	0.06	0.573	
% 3	728	0.0931	0.038	0.035	0.7487	0.0851	
% 3	729	0.343	0.082	0.117	0.17	0.288	
% 3	730	0.128	0.07	0.337	0.266	0.199	
% 3	731	0.533	0.06	0.05	0.088	0.269	
% 4	732	0.1229	0.1528	0.5534	0.1019	0.0689	
% 4	733	0.0641	0.031	0.7998	0.035	0.0701	
% 4	734	0.037	0.025	0.85	0.044	0.044	
% 4	735	0.109	0.031	0.743	0.041	0.076	
% 4	736	0.03	0.01	0.9019	0.027	0.031	
% 2	737	0.104	0.468	0.206	0.097	0.125	
% 3	738	0.229	0.034	0.044	0.55	0.143	
% 3	739	0.2717	0.042	0.1578	0.2507	0.2777	
% 3	740	0.266	0.06	0.12	0.306	0.248	
% 2	741	0.2763	0.1572	0.2863	0.1281	0.1522	
% 2	742	0.3287	0.037	0.1099	0.2807	0.2438	
% 4	743	0.111	0.039	0.525	0.18	0.145	
% 4	744	0.029	0.035	0.861	0.046	0.029	
% 4	745	0.029	0.011	0.883	0.037	0.04	
% 4	746	0.385	0.02	0.418	0.052	0.125	
% 4	747	0.073	0.023	0.806	0.041	0.057	
% 2	748	0.114	0.56	0.064	0.134	0.128	
% 2	749	0.276	0.417	0.063	0.083	0.161	
% 2	750	0.0851	0.0541	0.6937	0.046	0.1211	
% 2	751	0.032	0.831	0.07	0.042	0.025	
% 2	752	0.137	0.036	0.445	0.082	0.3	
% 2	753	0.358	0.079	0.045	0.191	0.327	
% 2	754	0.1828	0.1009	0.4196	0.1299	0.1668	
% 2	755	0.227	0.106	0.032	0.49	0.145	
% 2	756	0.027	0.891	0.03	0.027	0.025	
% 2	757	0.06	0.67	0.157	0.048	0.065	
% 2	758	0.061	0.804	0.026	0.061	0.048	
% 2	759	0.331	0.066	0.042	0.231	0.33	
% 2	760	0.159	0.061	0.123	0.346	0.311	
% 2	761	0.1938	0.037	0.2488	0.3127	0.2078	
% 2	762	0.293	0.101	0.046	0.282	0.278	
% 2	763	0.163	0.447	0.152	0.096	0.142	
% 2	764	0.139	0.393	0.185	0.118	0.165	
% 2	765	0.3477	0.1189	0.1878	0.1778	0.1678	
% 2	766	0.1391	0.4555	0.2242	0.0681	0.1131	
% 2	767	0.4026	0.03	0.0679	0.0619	0.4376	
% 2	768	0.029	0.8811	0.025	0.03	0.035	
% 2	769	0.222	0.034	0.025	0.134	0.585	
% 2	770	0.1161	0.033	0.014	0.026	0.8108	
% 2	771	0.183	0.113	0.076	0.481	0.147	
% 2	772	0.3017	0.0789	0.0909	0.3187	0.2098	
% 2	773	0.1291	0.0911	0.5465	0.0881	0.1451	
% 2	774	0.4116	0.1489	0.0899	0.1199	0.2298	
% 2	775	0.125	0.218	0.061	0.325	0.271	
% 2	776	0.219	0.014	0.063	0.55	0.154	
% 2	777	0.173	0.034	0.431	0.148	0.214	
% 2	778	0.2527	0.043	0.2178	0.3167	0.1698	
% 2	779	0.036	0.861	0.022	0.054	0.027	
% 2	780	0.084	0.036	0.08	0.747	0.053	
% 2	781	0.4054	0.1211	0.1371	0.0921	0.2442	
% 2	782	0.096	0.026	0.704	0.074	0.1	
% 2	783	0.376	0.113	0.067	0.153	0.291	
% 2	784	0.253	0.358	0.1	0.164	0.125	
% 2	785	0.105	0.455	0.179	0.133	0.128	
% 2	786	0.4755	0.031	0.036	0.0919	0.3656	
% 2	787	0.355	0.095	0.029	0.338	0.183	
% 2	788	0.243	0.026	0.118	0.272	0.341	
% 2	789	0.2042	0.049	0.5285	0.1081	0.1101	
% 2	790	0.219	0.414	0.03	0.178	0.159	
% 2	791	0.022	0.9049	0.017	0.032	0.024	
% 2	792	0.609	0.022	0.067	0.079	0.223	
% 2	793	0.0619	0.03	0.7712	0.0819	0.0549	
% 2	794	0.0699	0.041	0.7672	0.0519	0.0699	
% 2	795	0.044	0.828	0.044	0.038	0.046	
% 2	796	0.2008	0.0659	0.1239	0.1099	0.4995	
% 2	797	0.128	0.127	0.098	0.558	0.089	
% 2	798	0.0899	0.1039	0.6484	0.0539	0.1039	
% 2	799	0.107	0.56	0.136	0.114	0.083	
% 2	800	0.1608	0.4905	0.026	0.2438	0.0789	
% 2	801	0.04	0.8068	0.033	0.0561	0.0641	
% 2	802	0.0869	0.042	0.5115	0.2148	0.1449	
% 2	803	0.043	0.022	0.844	0.051	0.04	
% 2	804	0.317	0.024	0.068	0.43	0.161	
% 2	805	0.331	0.059	0.03	0.265	0.315	
% 2	806	0.367	0.046	0.044	0.242	0.301	
% 2	807	0.282	0.304	0.054	0.137	0.223	
% 2	808	0.073	0.778	0.036	0.057	0.056	
% 2	809	0.443	0.277	0.023	0.081	0.176	
% 2	810	0.038	0.846	0.046	0.03	0.04	
% 2	811	0.029	0.8669	0.031	0.049	0.024	
% 2	812	0.3556	0.0809	0.0999	0.1748	0.2887	
% 2	813	0.05	0.786	0.06	0.06	0.044	
% 2	814	0.032	0.8559	0.049	0.024	0.039	
% 2	815	0.2188	0.0539	0.1429	0.2308	0.3536	
% 2	816	0.077	0.197	0.553	0.092	0.081	
% 2	817	0.171	0.114	0.052	0.565	0.098	
% 2	818	0.043	0.794	0.085	0.047	0.031	
% 2	819	0.036	0.312	0.576	0.035	0.041	
% 2	820	0.1852	0.1712	0.0501	0.4274	0.1662	
% 2	821	0.025	0.8951	0.017	0.036	0.027	
% 2	822	0.222	0.133	0.05	0.364	0.231	
% 2	823	0.13	0.505	0.043	0.183	0.139	
% 2	824	0.06	0.709	0.072	0.108	0.051	
% 2	825	0.295	0.012	0.059	0.282	0.352	
% 2	826	0.074	0.777	0.033	0.071	0.045	
% 2	827	0.2565	0.1072	0.2154	0.1192	0.3016	
% 2	828	0.2352	0.034	0.1281	0.2923	0.3103	
% 2	829	0.081	0.442	0.143	0.282	0.052	
% 2	830	0.5245	0.029	0.046	0.1139	0.2867	
% 2	831	0.041	0.7832	0.1109	0.036	0.029	
% 2	832	0.1978	0.046	0.1528	0.2987	0.3047	
% 2	833	0.338	0.024	0.095	0.181	0.362	
% 2	834	0.388	0.054	0.085	0.217	0.256	
% 2	835	0.098	0.369	0.194	0.269	0.07	
% 2	836	0.089	0.585	0.148	0.048	0.13	
% 2	837	0.234	0.196	0.098	0.204	0.268	
% 2	838	0.046	0.046	0.795	0.041	0.072	
% 2	839	0.29	0.028	0.076	0.076	0.53	
% 2	840	0.347	0.102	0.059	0.215	0.277	
% 2	841	0.177	0.368	0.038	0.039	0.378	
% 2	842	0.032	0.8639	0.026	0.04	0.038	
% 2	843	0.028	0.89	0.022	0.03	0.03	
% 2	844	0.098	0.424	0.112	0.249	0.117	
% 2	845	0.502	0.065	0.097	0.109	0.227	
% 2	846	0.208	0.071	0.134	0.086	0.501	
% 2	847	0.04	0.025	0.049	0.8328	0.0531	
% 2	848	0.032	0.8831	0.018	0.029	0.038	
% 2	849	0.2122	0.034	0.4555	0.1191	0.1792	
% 2	850	0.197	0.055	0.106	0.312	0.33	
% 2	851	0.4194	0.0661	0.0841	0.1481	0.2823	
% 2	852	0.102	0.405	0.272	0.129	0.092	
% 2	853	0.106	0.542	0.185	0.064	0.103	
% 2	854	0.117	0.476	0.183	0.165	0.059	
% 2	855	0.4104	0.047	0.0611	0.1481	0.3333	
% 2	856	0.238	0.102	0.071	0.152	0.437	
% 2	857	0.231	0.029	0.04	0.246	0.454	
% 2	858	0.192	0.052	0.302	0.048	0.406	
% 2	859	0.0739	0.7353	0.0539	0.0709	0.0659	
% 2	860	0.027	0.893	0.02	0.033	0.027	
% 2	861	0.044	0.8388	0.045	0.032	0.04	
% 2	862	0.104	0.112	0.567	0.12	0.097	
% 2	863	0.032	0.847	0.047	0.039	0.035	
% 2	864	0.1239	0.6643	0.0799	0.0619	0.0699	
% 2	865	0.035	0.037	0.8511	0.036	0.041	
% 2	866	0.4046	0.1638	0.024	0.0839	0.3237	
% 2	867	0.22	0.038	0.48	0.087	0.175	
% 2	868	0.24	0.042	0.105	0.357	0.256	
% 2	869	0.123	0.049	0.496	0.203	0.129	
% 2	870	0.0519	0.7473	0.0689	0.0649	0.0669	
% 2	871	0.033	0.0861	0.7998	0.038	0.043	
% 2	872	0.083	0.127	0.466	0.21	0.114	
% 2	873	0.03	0.863	0.023	0.035	0.049	
% 2	874	0.583	0.039	0.042	0.135	0.201	
% 2	875	0.171	0.129	0.373	0.134	0.193	
% 2	876	0.116	0.077	0.518	0.206	0.083	
% 2	877	0.075	0.421	0.045	0.336	0.123	
% 2	878	0.1538	0.1908	0.0769	0.4216	0.1568	
% 2	879	0.03	0.9059	0.019	0.022	0.023	
% 2	880	0.1822	0.2492	0.2472	0.1892	0.1321	
% 2	881	0.0699	0.7123	0.0549	0.0609	0.1019	
% 2	882	0.163	0.076	0.174	0.4	0.187	


% PARAMETERS
72 500 translate 
1 1 scale
0 rotate
/setrim {3 setlinewidth} def 
/setsep {0.3 setlinewidth} def 
/setind {0.3 setlinewidth} def 
/fh {6} def    	% Font height 
/da {5} def    	% Distance above box at which to print names 
/db {-7} def    	% Distance below box at which to print names 
/bh {50} def    	% Height of the box 
/wi {0.530612} def    	% Width of an individual 
/aato {60} def  	% Angle at which to print text atop box 
/abel {60} def  	% Angle at which to print text below box 
/tot {882} def   	% Total number of individuals 
/Helvetica-Bold findfont fh scalefont setfont 

% ABBREVIATED COMMANDS
/M {moveto} def
/R {rmoveto} def
/L {lineto} def
/V {rlineto} def
/Cfs {closepath fill stroke} def
/rotshow {
  dup dup stringwidth pop abel cos mul neg exch 
  stringwidth pop abel sin mul neg R
  gsave abel rotate show grestore
} def
/bhm {bh mul} def 	% Multiply by height of the box 
/nwi {wi neg} def   	% Negative width of an individual 
/wm {wi mul} def 	% Multiply by width of an individual 
/ru {bhm M wi 0 V 0} def   	% Right-upwards box motion 
/ld {bhm V nwi 0 V Cfs} def	% Left-downwards box closure motion
/bbm {-.3 add 2 div add wm fh 2 div add db M} def       	% Below-box motion
/abm {-.3 add 2 div add wm fh 2 div add bh da add M} def	% Above-box motion
/sc {setrgbcolor} def

% COLORS
/c0 {0.0 0.0 0.0 sc} def    % black 
/c1 {2.1 0.6 0.3 sc} def    % orange 
/c2 {0 0.6 0.9 sc} def      % blue   
/c3 {.9 2.1 0 sc} def       % yellow 
/c4 {1.5 0.6 0.9 sc} def    % pink   
/c5 {.2 .6 .2 sc} def       % green  
/c6 {.5 0 .5 sc} def        % purple 
/c7 {1.2 0.0 0.3 sc} def    % red     
/c8 {0 1 0 sc} def          % light_green 
/c9 {0 0 1 sc} def          % dark_blue 
/c10 {1.2 0 1.8 sc} def     % light_purple 
/c11 {1.5 0.9 0.6 sc} def   % light_yellow 
/c12 {0.7 0.3 0.0 sc} def   % brown 
/c13 {0 1.2 1.8 sc} def     % light_blue 
/c14 {0.5 0.5 0.0 sc} def   % olive_green 
/c15 {1.8 0.6 0.6 sc} def   % peach 
/c16 {0 0.5 0.5 sc} def     % sea_green 
/c17 {.6 .75 .15 sc} def    % yellow_green 
/c18 {0.45 .15 .9 sc} def   % blue_purple  
/c19 {0.15 0.75 0.6 sc} def % blue_green 
/c20 {0.5 setgray} def      % gray 
/c21 {0.05 0.4 0.05 sc} def % dark_green 
/c22 {0.75 setgray} def     % light_gray 
/c23 {1 0 0 sc} def         % red2 
/c24 {0.6 0.9 1.5 sc} def   % light_blue2 
/c25 {1 0.6 0.4 sc} def     % light_orange 
/c26 {0.25 setgray} def     % dark_gray 
/c27 {1.2 0.9 0.9 sc} def   % light_pink 
/c28 {.6 .2 .2 sc} def      % dark_brown 
/c29 {1.6 0.4 0 sc} def     % dark_orange 
/c30 {0.2 0 0.3 sc} def     % dark_purple 
/c31 {1 setgray} def        % white 
/c32 {2.7 .3 0 sc} def      % color32 
/c33 {2.4 .6 0 sc} def      % color33 
/c34 {2.1 .3 .6 sc} def     % color34 
/c35 {1.5 .6 .9 sc} def     % color35 
/c36 {1.2 1.2 .6 sc} def    % color36 
/c37 {1.2 1.2 .9 sc} def    % color37 
/c38 {1.2 .9 .9 sc} def     % color38 
/c39 {.9 1.8 .3 sc} def     % color39 
/c40 {.9 .9 1.2 sc} def     % color40 
/c41 {.9 .6 1.5 sc} def     % color41 
/c42 {.6 2.1 .3 sc} def     % color42 
/c43 {.6 1.8 .6 sc} def     % color43 
/c44 {.6 1.5 .9 sc} def     % color44 
/c45 {.6 1.2 1.2 sc} def    % color45 
/c46 {.6 .9 1.5 sc} def     % color46 
/c47 {.6 .6 1.8 sc} def     % color47 
/c48 {.6 .3 2.1 sc} def     % color48 
/c49 {.3 .6 2.1 sc} def     % color49 
/c50 {0 2.4 .6 sc} def      % color50 
/c51 {0 2.1 .9 sc} def      % color51 
/c52 {0 .9 2.1 sc} def      % color52 
/c53 {.8 .1 .1 sc} def      % color53 
/c54 {.7 .3 0 sc} def       % color54 
/c55 {.7 .2 .1 sc} def      % color55 
/c56 {.7 .1 .2 sc} def      % color56 
/c57 {.6 .4 0 sc} def       % color57 
/c58 {.6 .3 .1 sc} def      % color58 
/c59 {.3 .4 .3 sc} def      % color59 
/c60 {.6 .1 .3 sc} def      % color60 
/c61 {.5 .3 .2 sc} def      % color61 
