%!PS-Adobe-3.0 EPSF-3.0 
% Graphical display of results from structure
% distruct by Noah Rosenberg, version 1.0 Nov 2002 
%                             version 1.1 Jun 2007 
% Command line arguments: distruct/distruct1.1 -K 4 -M 4 -N 882 -p 1597525617/pop -i 1597525617/ind -o 1597525617/out.ps -b 1597525617/labels -c 1597525617/perm -d 1597525617/drawparams 
gsave

% Population Q values from the file: 1597525617/pop
% 4 clusters, 4 populations, 0 individuals
% Pop. code, number of individuals, membership coefficients
% 1	157	0.267	0.235	0.271	0.228	
% 2	643	0.263	0.238	0.272	0.227	
% 3	40	0.395	0.124	0.399	0.082	
% 4	42	0.093	0.746	0.095	0.066	


% Individual Q values from the file: 1597525617/ind
% Population code, individual label, membership coefficients
% 1	1	0.1953	0.0254	0.3942	0.3852	
% 1	2	0.1433	0.1243	0.385	0.3475	
% 1	3	0.0922	0.0842	0.2855	0.5381	
% 1	4	0.3876	0.0385	0.2055	0.3685	
% 1	5	0.0208	0.9359	0.0184	0.025	
% 1	6	0.1648	0.2799	0.076	0.4794	
% 1	7	0.3259	0.2635	0.2128	0.1978	
% 1	8	0.429	0.0248	0.2446	0.3016	
% 1	9	0.0819	0.2315	0.2348	0.4518	
% 1	10	0.166	0.5332	0.1735	0.1273	
% 1	11	0.2545	0.1575	0.2324	0.3556	
% 1	12	0.189	0.1793	0.088	0.5437	
% 1	13	0.5089	0.049	0.2576	0.1845	
% 1	14	0.3111	0.4999	0.0393	0.1497	
% 1	15	0.3558	0.4763	0.0539	0.114	
% 1	16	0.3897	0.1564	0.2116	0.2423	
% 1	17	0.4149	0.1418	0.0304	0.4129	
% 1	18	0.346	0.038	0.4303	0.1857	
% 1	19	0.523	0.0822	0.2075	0.1873	
% 1	20	0.4578	0.2578	0.0421	0.2423	
% 1	21	0.2782	0.2883	0.1721	0.2614	
% 1	22	0.1573	0.1016	0.4511	0.29	
% 1	23	0.1292	0.2335	0.1767	0.4607	
% 1	24	0.0531	0.0256	0.8347	0.0865	
% 1	25	0.4011	0.2686	0.1211	0.2092	
% 1	26	0.1784	0.1652	0.4006	0.2558	
% 1	27	0.5745	0.077	0.0819	0.2666	
% 1	28	0.0344	0.0359	0.8767	0.053	
% 1	29	0.2925	0.093	0.2393	0.3752	
% 1	30	0.0923	0.6784	0.0799	0.1494	
% 1	31	0.3459	0.0606	0.2622	0.3313	
% 1	32	0.3135	0.1702	0.2956	0.2208	
% 1	33	0.1624	0.1762	0.4252	0.2362	
% 1	34	0.2417	0.5894	0.0755	0.0934	
% 1	35	0.2227	0.1367	0.3946	0.2461	
% 1	36	0.153	0.2502	0.1189	0.4779	
% 1	37	0.1791	0.1491	0.5349	0.1368	
% 1	38	0.0598	0.5258	0.3467	0.0678	
% 1	39	0.3143	0.2317	0.0975	0.3565	
% 1	40	0.3108	0.3217	0.0561	0.3114	
% 1	41	0.5152	0.049	0.1258	0.31	
% 1	42	0.0703	0.8253	0.0311	0.0732	
% 1	43	0.1429	0.0663	0.2344	0.5565	
% 1	44	0.1257	0.0708	0.1509	0.6526	
% 1	45	0.1095	0.3895	0.3418	0.1592	
% 1	46	0.2242	0.09	0.4627	0.2231	
% 1	47	0.0818	0.0959	0.7349	0.0874	
% 1	48	0.1983	0.0695	0.1959	0.5363	
% 1	49	0.298	0.0606	0.4046	0.2368	
% 1	50	0.6928	0.0404	0.0456	0.2212	
% 1	51	0.0929	0.7412	0.0779	0.0881	
% 1	52	0.0411	0.8643	0.0503	0.0443	
% 1	53	0.0944	0.0476	0.702	0.1559	
% 1	54	0.1316	0.1071	0.5757	0.1856	
% 1	55	0.4446	0.1446	0.0919	0.319	
% 1	56	0.1969	0.1245	0.5624	0.1161	
% 1	57	0.1453	0.0343	0.688	0.1324	
% 1	58	0.0901	0.736	0.0699	0.104	
% 1	59	0.1811	0.0405	0.5763	0.2022	
% 1	60	0.3271	0.1851	0.1237	0.3641	
% 1	61	0.2199	0.092	0.5554	0.1327	
% 1	62	0.1804	0.065	0.1526	0.602	
% 1	63	0.1275	0.2619	0.4614	0.1491	
% 1	64	0.3118	0.0943	0.1462	0.4477	
% 1	65	0.4963	0.0926	0.1725	0.2386	
% 1	66	0.4332	0.341	0.0645	0.1613	
% 1	67	0.3592	0.0589	0.4324	0.1496	
% 1	68	0.1125	0.0776	0.5486	0.2612	
% 1	69	0.0948	0.2765	0.5542	0.0745	
% 1	70	0.2019	0.0595	0.3323	0.4063	
% 1	71	0.3963	0.0522	0.1594	0.3921	
% 1	72	0.2566	0.0355	0.2085	0.4994	
% 1	73	0.0924	0.3404	0.4243	0.1429	
% 1	74	0.3438	0.0478	0.0491	0.5594	
% 1	75	0.2969	0.1531	0.4098	0.1401	
% 1	76	0.0921	0.0645	0.7159	0.1275	
% 1	77	0.0329	0.9153	0.0234	0.0285	
% 1	78	0.2937	0.0625	0.1712	0.4726	
% 1	79	0.2695	0.0937	0.2959	0.3409	
% 1	80	0.0775	0.743	0.1009	0.0786	
% 1	81	0.1573	0.4881	0.1242	0.2304	
% 1	82	0.1071	0.0317	0.6256	0.2356	
% 1	83	0.2934	0.0731	0.4518	0.1817	
% 1	84	0.239	0.2537	0.0933	0.414	
% 1	85	0.3612	0.0521	0.2631	0.3236	
% 1	86	0.4944	0.1203	0.0366	0.3487	
% 1	87	0.1554	0.0524	0.4044	0.3879	
% 2	88	0.067	0.8582	0.0308	0.044	
% 2	89	0.4901	0.101	0.1131	0.2958	
% 2	90	0.038	0.8858	0.0321	0.0441	
% 2	91	0.2853	0.0219	0.3635	0.3293	
% 2	92	0.1336	0.0691	0.6772	0.12	
% 2	93	0.0682	0.0256	0.8207	0.0855	
% 2	94	0.3272	0.2467	0.0611	0.365	
% 2	95	0.2026	0.2777	0.0574	0.4624	
% 2	96	0.5114	0.1263	0.1345	0.2279	
% 2	97	0.0364	0.1643	0.7427	0.0567	
% 2	98	0.4209	0.0659	0.1604	0.3529	
% 2	99	0.1801	0.1381	0.5351	0.1467	
% 2	100	0.2402	0.0605	0.1471	0.5522	
% 2	101	0.1111	0.5506	0.2075	0.1309	
% 2	102	0.6288	0.0962	0.0703	0.2047	
% 2	103	0.1829	0.2672	0.2894	0.2605	
% 2	104	0.1391	0.05	0.6452	0.1656	
% 2	105	0.0801	0.2354	0.5816	0.1028	
% 2	106	0.0208	0.9103	0.0423	0.0266	
% 2	107	0.518	0.1402	0.1572	0.1846	
% 2	108	0.3018	0.0835	0.4024	0.2123	
% 2	109	0.3925	0.2922	0.0457	0.2696	
% 2	110	0.0904	0.2218	0.5536	0.1342	
% 2	111	0.1582	0.097	0.586	0.1588	
% 2	112	0.3686	0.1366	0.08	0.4147	
% 2	113	0.2111	0.5691	0.0659	0.154	
% 2	114	0.2749	0.0736	0.1641	0.4874	
% 2	115	0.0615	0.0784	0.4874	0.3727	
% 2	116	0.2977	0.1475	0.1281	0.4267	
% 2	117	0.3255	0.2892	0.0936	0.2917	
% 2	118	0.3847	0.048	0.2822	0.2851	
% 2	119	0.548	0.0879	0.091	0.2732	
% 2	120	0.0799	0.0209	0.8283	0.071	
% 2	121	0.3682	0.0803	0.0643	0.4873	
% 2	122	0.255	0.092	0.2944	0.3585	
% 2	123	0.3456	0.0336	0.3281	0.2926	
% 2	124	0.1543	0.1476	0.0765	0.6216	
% 2	125	0.0752	0.1291	0.5781	0.2176	
% 2	126	0.1024	0.6847	0.0741	0.1388	
% 2	127	0.7389	0.0799	0.0845	0.0967	
% 2	128	0.0854	0.0498	0.7951	0.0698	
% 2	129	0.2137	0.3361	0.2019	0.2483	
% 2	130	0.1479	0.0761	0.0489	0.7272	
% 2	131	0.174	0.1289	0.3093	0.3877	
% 2	132	0.1642	0.0731	0.6004	0.1622	
% 2	133	0.2692	0.0465	0.1263	0.558	
% 2	134	0.548	0.1063	0.1218	0.224	
% 2	135	0.0413	0.0283	0.888	0.0425	
% 2	136	0.4434	0.0547	0.1696	0.3322	
% 2	137	0.3284	0.2774	0.0727	0.3215	
% 2	138	0.0918	0.7152	0.0401	0.1529	
% 2	139	0.2466	0.036	0.111	0.6065	
% 2	140	0.5056	0.1465	0.1012	0.2467	
% 2	141	0.206	0.4446	0.1999	0.1495	
% 2	142	0.1985	0.3695	0.2596	0.1725	
% 2	143	0.06	0.0895	0.706	0.1444	
% 2	144	0.228	0.0225	0.0957	0.6538	
% 2	145	0.2235	0.0388	0.0655	0.6722	
% 2	146	0.112	0.0821	0.6612	0.1447	
% 2	147	0.5679	0.0736	0.167	0.1914	
% 2	148	0.415	0.0303	0.242	0.3128	
% 2	149	0.2746	0.1108	0.4444	0.1702	
% 2	150	0.1912	0.0868	0.6028	0.1193	
% 2	151	0.3367	0.1483	0.2454	0.2695	
% 2	152	0.2965	0.0849	0.1964	0.4222	
% 2	153	0.0574	0.0476	0.8515	0.0435	
% 2	154	0.389	0.0896	0.069	0.4524	
% 2	155	0.2544	0.126	0.3012	0.3184	
% 2	156	0.3677	0.1654	0.2239	0.243	
% 2	157	0.1779	0.1006	0.3202	0.4013	
% 2	158	0.4188	0.034	0.2279	0.3193	
% 2	159	0.49	0.0625	0.0618	0.3858	
% 2	160	0.4483	0.0825	0.3168	0.1525	
% 2	161	0.2364	0.0531	0.5031	0.2074	
% 2	162	0.3829	0.1066	0.2823	0.2282	
% 2	163	0.1241	0.0616	0.644	0.1702	
% 2	164	0.4788	0.0374	0.0975	0.3863	
% 2	165	0.2469	0.0318	0.2466	0.4748	
% 2	166	0.2846	0.0746	0.077	0.5638	
% 2	167	0.2077	0.137	0.3648	0.2905	
% 2	168	0.38	0.1077	0.127	0.3853	
% 2	169	0.0321	0.9222	0.0178	0.0279	
% 2	170	0.0864	0.0794	0.7146	0.1196	
% 2	171	0.4216	0.0455	0.1291	0.4038	
% 2	172	0.1206	0.4505	0.345	0.0839	
% 2	173	0.0325	0.9053	0.0284	0.0339	
% 2	174	0.16	0.0543	0.1334	0.6524	
% 2	175	0.4161	0.0441	0.1253	0.4145	
% 2	176	0.2118	0.0655	0.6447	0.078	
% 2	177	0.0679	0.0202	0.811	0.1009	
% 2	178	0.5235	0.06	0.0358	0.3808	
% 2	179	0.1705	0.0329	0.551	0.2456	
% 2	180	0.0506	0.816	0.0795	0.0539	
% 2	181	0.3765	0.062	0.1158	0.4456	
% 2	182	0.3336	0.2202	0.101	0.3451	
% 2	183	0.3235	0.0518	0.1406	0.4841	
% 2	184	0.1794	0.5917	0.1201	0.1088	
% 2	185	0.3099	0.0192	0.1181	0.5528	
% 2	186	0.0973	0.1373	0.5873	0.1781	
% 2	187	0.1599	0.0359	0.0774	0.7268	
% 2	188	0.2717	0.0976	0.1861	0.4445	
% 2	189	0.1711	0.2059	0.4083	0.2147	
% 2	190	0.1408	0.0714	0.6796	0.1082	
% 2	191	0.0896	0.0526	0.6836	0.1742	
% 2	192	0.7785	0.05	0.0387	0.1327	
% 2	193	0.3573	0.1646	0.1726	0.3055	
% 2	194	0.7899	0.0249	0.0657	0.1195	
% 2	195	0.0862	0.8112	0.0326	0.0699	
% 2	196	0.1429	0.0429	0.0469	0.7674	
% 2	197	0.1859	0.0846	0.5213	0.2082	
% 2	198	0.0915	0.7812	0.0684	0.059	
% 2	199	0.3487	0.0459	0.099	0.5064	
% 2	200	0.0856	0.0734	0.7027	0.1384	
% 2	201	0.4964	0.0369	0.1068	0.3599	
% 2	202	0.0953	0.0189	0.8169	0.069	
% 2	203	0.2799	0.0578	0.201	0.4613	
% 2	204	0.3825	0.0781	0.2188	0.3206	
% 2	205	0.1531	0.1366	0.1407	0.5695	
% 2	206	0.051	0.8444	0.0484	0.0562	
% 2	207	0.2354	0.2809	0.1063	0.3775	
% 2	208	0.5274	0.0555	0.1008	0.3163	
% 2	209	0.0946	0.5737	0.2006	0.131	
% 2	210	0.0325	0.9089	0.0209	0.0378	
% 2	211	0.3133	0.2153	0.1353	0.3361	
% 2	212	0.1544	0.2764	0.4396	0.1296	
% 2	213	0.1516	0.044	0.145	0.6594	
% 2	214	0.3007	0.0766	0.0896	0.533	
% 2	215	0.7563	0.0416	0.1012	0.1009	
% 2	216	0.0539	0.8396	0.0336	0.0729	
% 2	217	0.2378	0.4265	0.1203	0.2154	
% 2	218	0.1032	0.0454	0.6211	0.2303	
% 2	219	0.5075	0.1533	0.0498	0.2895	
% 2	220	0.4778	0.0214	0.2005	0.3004	
% 2	221	0.097	0.312	0.0935	0.4976	
% 2	222	0.3575	0.0586	0.3173	0.2666	
% 2	223	0.3027	0.0894	0.1297	0.4782	
% 2	224	0.6205	0.036	0.0919	0.2516	
% 2	225	0.0286	0.9219	0.023	0.0265	
% 2	226	0.3153	0.2634	0.0681	0.3531	
% 2	227	0.0295	0.8834	0.0521	0.035	
% 2	228	0.4061	0.0665	0.0532	0.4741	
% 2	229	0.1533	0.0455	0.2044	0.5969	
% 2	230	0.1438	0.2674	0.273	0.3158	
% 2	231	0.2971	0.0971	0.0671	0.5387	
% 2	232	0.2142	0.0649	0.2346	0.4864	
% 2	233	0.4085	0.1402	0.1249	0.3265	
% 2	234	0.0315	0.9044	0.0326	0.0315	
% 2	235	0.2338	0.5601	0.1134	0.0927	
% 2	236	0.4267	0.0411	0.3248	0.2073	
% 2	237	0.4247	0.1241	0.2167	0.2345	
% 2	238	0.4391	0.1693	0.0695	0.3221	
% 2	239	0.6552	0.1343	0.0793	0.1313	
% 2	240	0.1673	0.0658	0.1155	0.6514	
% 2	241	0.1838	0.1186	0.5643	0.1332	
% 2	242	0.633	0.0296	0.2324	0.105	
% 2	243	0.2047	0.0717	0.4724	0.2511	
% 2	244	0.1587	0.0911	0.4004	0.3498	
% 2	245	0.0226	0.9315	0.0236	0.0222	
% 2	246	0.0927	0.2122	0.5907	0.1044	
% 2	247	0.1266	0.5402	0.168	0.1651	
% 2	248	0.1057	0.5938	0.1189	0.1816	
% 2	249	0.2348	0.092	0.0827	0.5904	
% 2	250	0.3295	0.1618	0.2107	0.2981	
% 2	251	0.2255	0.0901	0.1196	0.5648	
% 2	252	0.0479	0.0476	0.8159	0.0886	
% 2	253	0.4744	0.108	0.0944	0.3233	
% 2	254	0.1837	0.0847	0.5376	0.1939	
% 2	255	0.0697	0.0442	0.622	0.2641	
% 2	256	0.1009	0.3615	0.3857	0.152	
% 2	257	0.1579	0.1079	0.1016	0.6326	
% 1	258	0.2155	0.2854	0.2179	0.2812	
% 1	259	0.2218	0.5377	0.1204	0.1201	
% 1	260	0.6612	0.0428	0.1358	0.1602	
% 1	261	0.3961	0.0823	0.0705	0.4511	
% 1	262	0.2762	0.1776	0.2306	0.3155	
% 1	263	0.1747	0.0569	0.5584	0.21	
% 1	264	0.3208	0.1021	0.1257	0.4514	
% 1	265	0.4403	0.0705	0.1605	0.3287	
% 1	266	0.1866	0.0262	0.0676	0.7195	
% 1	267	0.277	0.2192	0.1585	0.3453	
% 1	268	0.1296	0.1842	0.5187	0.1675	
% 1	269	0.31	0.2419	0.1126	0.3355	
% 1	270	0.0815	0.0513	0.5802	0.287	
% 1	271	0.215	0.4394	0.1135	0.2321	
% 1	272	0.292	0.2497	0.0541	0.4042	
% 1	273	0.4309	0.0617	0.2237	0.2836	
% 1	274	0.066	0.7873	0.0482	0.0985	
% 1	275	0.3214	0.1776	0.2969	0.2041	
% 1	276	0.6017	0.087	0.0965	0.2148	
% 1	277	0.3696	0.1265	0.0703	0.4336	
% 1	278	0.2919	0.3687	0.0736	0.2658	
% 1	279	0.5402	0.2348	0.0627	0.1622	
% 1	280	0.1231	0.1595	0.4071	0.3103	
% 1	281	0.3919	0.0796	0.1017	0.4268	
% 1	282	0.207	0.2531	0.198	0.3419	
% 1	283	0.4703	0.0827	0.1042	0.3427	
% 1	284	0.2514	0.043	0.2175	0.4881	
% 1	285	0.3786	0.0706	0.3748	0.176	
% 1	286	0.5095	0.0363	0.2036	0.2506	
% 1	287	0.0174	0.9509	0.0155	0.0162	
% 1	288	0.0943	0.7764	0.057	0.0722	
% 1	289	0.4856	0.1615	0.0701	0.2828	
% 1	290	0.025	0.9219	0.0271	0.026	
% 1	291	0.1176	0.4681	0.2492	0.1651	
% 1	292	0.2893	0.2886	0.0899	0.3322	
% 1	293	0.1149	0.0515	0.6946	0.139	
% 1	294	0.4188	0.2584	0.0649	0.2579	
% 1	295	0.3925	0.0396	0.2516	0.3163	
% 1	296	0.586	0.0525	0.1334	0.2281	
% 1	297	0.0736	0.8013	0.038	0.0871	
% 1	298	0.5784	0.0364	0.0609	0.3243	
% 1	299	0.2376	0.2819	0.3671	0.1134	
% 1	300	0.4364	0.0631	0.1376	0.3628	
% 1	301	0.0419	0.8789	0.0299	0.0494	
% 1	302	0.2681	0.4851	0.0733	0.1736	
% 1	303	0.4486	0.1876	0.08	0.2837	
% 1	304	0.5386	0.2019	0.12	0.1395	
% 1	305	0.4984	0.048	0.1417	0.3118	
% 1	306	0.0993	0.6704	0.028	0.2023	
% 1	307	0.2706	0.0371	0.3213	0.371	
% 1	308	0.3812	0.1593	0.0832	0.3762	
% 1	309	0.0324	0.9051	0.0296	0.0329	
% 1	310	0.2213	0.4842	0.1024	0.1922	
% 1	311	0.2757	0.5476	0.0669	0.1098	
% 1	312	0.1499	0.055	0.6437	0.1515	
% 1	313	0.4176	0.0288	0.1671	0.3865	
% 1	314	0.125	0.0672	0.68	0.1278	
% 1	315	0.2298	0.0976	0.1544	0.5182	
% 1	316	0.4253	0.0519	0.1153	0.4076	
% 1	317	0.2539	0.0726	0.4768	0.1967	
% 1	318	0.1612	0.0451	0.5426	0.2511	
% 1	319	0.4342	0.0306	0.1965	0.3388	
% 1	320	0.4991	0.0234	0.1309	0.3466	
% 1	321	0.4441	0.0441	0.1079	0.404	
% 1	322	0.2523	0.3859	0.0918	0.27	
% 1	323	0.5647	0.0412	0.0414	0.3527	
% 1	324	0.1971	0.0398	0.217	0.5461	
% 1	325	0.1435	0.4696	0.081	0.306	
% 1	326	0.3023	0.0789	0.0668	0.5521	
% 1	327	0.3858	0.0582	0.2029	0.3532	
% 2	328	0.1604	0.059	0.6313	0.1494	
% 2	329	0.241	0.098	0.0985	0.5625	
% 2	330	0.249	0.0881	0.038	0.6249	
% 2	331	0.1317	0.662	0.0943	0.112	
% 2	332	0.0998	0.7456	0.0866	0.068	
% 2	333	0.0624	0.8417	0.038	0.0579	
% 2	334	0.151	0.2384	0.2346	0.376	
% 2	335	0.1939	0.0358	0.5444	0.2259	
% 2	336	0.0426	0.8809	0.0315	0.045	
% 2	337	0.4787	0.0518	0.0684	0.4012	
% 2	338	0.0594	0.8677	0.0251	0.0478	
% 2	339	0.3248	0.0741	0.0723	0.5289	
% 2	340	0.1584	0.1739	0.5196	0.1481	
% 2	341	0.4463	0.0249	0.3326	0.1962	
% 2	342	0.2478	0.438	0.1172	0.197	
% 2	343	0.1387	0.3705	0.3198	0.171	
% 2	344	0.2132	0.5111	0.1593	0.1163	
% 2	345	0.0761	0.6909	0.1137	0.1192	
% 2	346	0.1822	0.0394	0.0402	0.7382	
% 2	347	0.5915	0.0701	0.0645	0.2739	
% 2	348	0.2145	0.2314	0.1096	0.4445	
% 2	349	0.6288	0.0503	0.0798	0.2412	
% 2	350	0.6238	0.0664	0.0554	0.2545	
% 2	351	0.1594	0.7307	0.043	0.0669	
% 2	352	0.1897	0.4793	0.118	0.213	
% 2	353	0.1502	0.2379	0.2281	0.3838	
% 2	354	0.2423	0.1183	0.0824	0.557	
% 2	355	0.1949	0.0546	0.1042	0.6463	
% 2	356	0.2092	0.0569	0.5024	0.2315	
% 2	357	0.0503	0.6815	0.2182	0.05	
% 2	358	0.2706	0.0279	0.4591	0.2424	
% 2	359	0.5056	0.1232	0.1407	0.2305	
% 2	360	0.1636	0.0768	0.4953	0.2643	
% 2	361	0.3017	0.0261	0.0885	0.5837	
% 2	362	0.2682	0.242	0.1056	0.3841	
% 2	363	0.1861	0.2864	0.271	0.2565	
% 2	364	0.7253	0.029	0.0795	0.1662	
% 2	365	0.3683	0.0561	0.0539	0.5217	
% 2	366	0.2661	0.0552	0.4585	0.2202	
% 2	367	0.0735	0.7959	0.0459	0.0846	
% 2	368	0.2921	0.4129	0.0933	0.2018	
% 2	369	0.1239	0.1047	0.4157	0.3557	
% 2	370	0.2659	0.0832	0.129	0.5219	
% 2	371	0.3128	0.0585	0.2157	0.4131	
% 2	372	0.4778	0.1344	0.1753	0.2125	
% 2	373	0.1269	0.1275	0.5936	0.152	
% 2	374	0.1082	0.0296	0.7885	0.0736	
% 2	375	0.3299	0.1361	0.0735	0.4605	
% 2	376	0.0454	0.8832	0.0297	0.0417	
% 2	377	0.1104	0.2492	0.5071	0.1332	
% 2	378	0.4569	0.1101	0.2323	0.2007	
% 2	379	0.3774	0.1583	0.2092	0.2551	
% 2	380	0.1522	0.2081	0.2861	0.3535	
% 2	381	0.4946	0.0723	0.1806	0.2525	
% 2	382	0.4193	0.0571	0.2086	0.3149	
% 2	383	0.132	0.4874	0.1012	0.2793	
% 2	384	0.5527	0.2409	0.0423	0.1641	
% 2	385	0.27	0.0657	0.0424	0.6219	
% 2	386	0.3762	0.3848	0.0511	0.1879	
% 2	387	0.1993	0.3397	0.3423	0.1186	
% 2	388	0.1955	0.0879	0.4621	0.2545	
% 2	389	0.347	0.1781	0.082	0.3929	
% 2	390	0.495	0.0969	0.1177	0.2904	
% 2	391	0.042	0.8537	0.0609	0.0434	
% 2	392	0.2634	0.0501	0.2981	0.3884	
% 2	393	0.0549	0.094	0.7576	0.0935	
% 2	394	0.1011	0.7588	0.039	0.101	
% 2	395	0.0948	0.258	0.4934	0.1539	
% 2	396	0.1145	0.5596	0.239	0.087	
% 2	397	0.3638	0.0819	0.1774	0.3769	
% 2	398	0.1593	0.2507	0.2029	0.3871	
% 2	399	0.1264	0.3772	0.3016	0.1948	
% 2	400	0.3627	0.077	0.1271	0.4332	
% 2	401	0.074	0.0875	0.723	0.1155	
% 2	402	0.068	0.2629	0.4979	0.1712	
% 2	403	0.2246	0.19	0.2876	0.2978	
% 2	404	0.3977	0.1736	0.0614	0.3673	
% 2	405	0.5024	0.052	0.1249	0.3207	
% 2	406	0.4104	0.0574	0.0613	0.471	
% 2	407	0.3913	0.1602	0.3318	0.1167	
% 2	408	0.3223	0.1533	0.3608	0.1636	
% 2	409	0.2085	0.0544	0.3328	0.4043	
% 2	410	0.3401	0.0416	0.0931	0.5252	
% 2	411	0.1649	0.0569	0.1207	0.6575	
% 2	412	0.7216	0.0304	0.0595	0.1885	
% 2	413	0.2646	0.0575	0.0501	0.6278	
% 2	414	0.5686	0.037	0.0704	0.324	
% 2	415	0.0999	0.0281	0.2205	0.6515	
% 2	416	0.3357	0.1007	0.0887	0.4749	
% 2	417	0.2273	0.0725	0.4195	0.2807	
% 2	418	0.0507	0.0529	0.781	0.1154	
% 2	419	0.1876	0.0403	0.4171	0.355	
% 2	420	0.1573	0.0459	0.0446	0.7522	
% 2	421	0.5381	0.077	0.0942	0.2907	
% 2	422	0.1974	0.0824	0.1812	0.5391	
% 2	423	0.1905	0.0752	0.1367	0.5976	
% 2	424	0.1449	0.283	0.2698	0.3023	
% 2	425	0.1954	0.3269	0.0871	0.3906	
% 2	426	0.2908	0.05	0.2274	0.4318	
% 2	427	0.2535	0.621	0.0314	0.0941	
% 2	428	0.2172	0.0284	0.0574	0.697	
% 2	429	0.3304	0.2311	0.0384	0.4001	
% 2	430	0.2384	0.194	0.2406	0.327	
% 2	431	0.2779	0.0776	0.0704	0.5741	
% 2	432	0.0719	0.799	0.0644	0.0647	
% 2	433	0.1019	0.1064	0.6842	0.1075	
% 2	434	0.2579	0.1709	0.0941	0.4771	
% 2	435	0.3523	0.1111	0.1816	0.355	
% 2	436	0.2149	0.0501	0.1696	0.5654	
% 2	437	0.2362	0.0486	0.2642	0.4511	
% 2	438	0.0444	0.0873	0.7863	0.082	
% 2	439	0.1673	0.5593	0.1143	0.1592	
% 2	440	0.042	0.1419	0.7541	0.062	
% 2	441	0.768	0.0387	0.0576	0.1356	
% 2	442	0.3796	0.1662	0.2291	0.225	
% 2	443	0.67	0.03	0.0551	0.2449	
% 2	444	0.1635	0.0618	0.4267	0.348	
% 2	445	0.1553	0.1063	0.2913	0.4472	
% 2	446	0.1299	0.3312	0.3757	0.1632	
% 2	447	0.436	0.139	0.1508	0.2743	
% 2	448	0.5131	0.0893	0.103	0.2947	
% 2	449	0.562	0.045	0.0974	0.2957	
% 2	450	0.0914	0.2494	0.2782	0.381	
% 2	451	0.4348	0.0675	0.1206	0.3771	
% 2	452	0.4849	0.0959	0.0511	0.3681	
% 2	453	0.5082	0.0339	0.044	0.4139	
% 2	454	0.2904	0.0773	0.4704	0.162	
% 2	455	0.2113	0.4818	0.1906	0.1163	
% 2	456	0.1805	0.1782	0.114	0.5273	
% 2	457	0.1396	0.0414	0.5409	0.2782	
% 2	458	0.3265	0.0775	0.2311	0.365	
% 2	459	0.0505	0.8656	0.03	0.0539	
% 2	460	0.4582	0.0607	0.077	0.4041	
% 2	461	0.065	0.7609	0.107	0.067	
% 2	462	0.2888	0.0247	0.3678	0.3187	
% 2	463	0.588	0.077	0.1065	0.2284	
% 2	464	0.2601	0.0371	0.3173	0.3855	
% 2	465	0.1274	0.0514	0.5861	0.2352	
% 2	466	0.302	0.1121	0.3113	0.2746	
% 2	467	0.2903	0.1226	0.112	0.4751	
% 2	468	0.3102	0.0272	0.1415	0.5211	
% 2	469	0.029	0.9117	0.0253	0.034	
% 2	470	0.1328	0.2789	0.5047	0.0835	
% 2	471	0.1687	0.121	0.1268	0.5835	
% 2	472	0.2152	0.0145	0.0404	0.7299	
% 2	473	0.3353	0.1161	0.1088	0.4397	
% 2	474	0.1904	0.086	0.0979	0.6257	
% 2	475	0.2226	0.1312	0.4678	0.1783	
% 2	476	0.4109	0.0567	0.1346	0.3978	
% 2	477	0.147	0.125	0.3937	0.3343	
% 2	478	0.4703	0.1121	0.1144	0.3032	
% 2	479	0.1918	0.0728	0.259	0.4765	
% 2	480	0.368	0.1286	0.0947	0.4087	
% 2	481	0.4543	0.0612	0.1086	0.3759	
% 2	482	0.1496	0.0563	0.5465	0.2476	
% 2	483	0.4179	0.0505	0.2345	0.2971	
% 2	484	0.6934	0.098	0.0735	0.1351	
% 2	485	0.1999	0.0446	0.5395	0.2159	
% 2	486	0.3189	0.07	0.2207	0.3904	
% 2	487	0.0964	0.0495	0.7456	0.1085	
% 2	488	0.1767	0.1025	0.4221	0.2987	
% 2	489	0.6289	0.068	0.0663	0.2368	
% 2	490	0.5463	0.0305	0.0484	0.3748	
% 2	491	0.1901	0.0794	0.6155	0.115	
% 2	492	0.0478	0.7857	0.114	0.0525	
% 2	493	0.1547	0.3141	0.2913	0.2399	
% 2	494	0.285	0.058	0.203	0.454	
% 2	495	0.1846	0.1375	0.2764	0.4015	
% 2	496	0.1943	0.1492	0.0471	0.6094	
% 2	497	0.1795	0.0286	0.2956	0.4963	
% 2	498	0.3705	0.0954	0.3503	0.1838	
% 2	499	0.3509	0.059	0.2895	0.3006	
% 2	500	0.3225	0.13	0.0554	0.4921	
% 2	501	0.1138	0.0379	0.5357	0.3126	
% 2	502	0.1167	0.2624	0.5198	0.1011	
% 2	503	0.3438	0.1451	0.281	0.2301	
% 2	504	0.1337	0.096	0.5823	0.188	
% 2	505	0.334	0.1174	0.1429	0.4057	
% 2	506	0.1573	0.0853	0.1413	0.6161	
% 2	507	0.1814	0.1334	0.0653	0.62	
% 2	508	0.164	0.0501	0.1246	0.6612	
% 2	509	0.1793	0.2127	0.3513	0.2567	
% 2	510	0.027	0.9308	0.0225	0.0197	
% 2	511	0.1231	0.1754	0.5694	0.1321	
% 2	512	0.1702	0.0398	0.5879	0.2021	
% 2	513	0.3453	0.0447	0.0725	0.5375	
% 2	514	0.0529	0.0375	0.8548	0.0548	
% 2	515	0.2959	0.0476	0.1079	0.5486	
% 2	516	0.0688	0.3418	0.4926	0.0969	
% 2	517	0.3509	0.029	0.4399	0.1803	
% 2	518	0.1589	0.5396	0.1845	0.117	
% 2	519	0.1116	0.1364	0.3252	0.4268	
% 2	520	0.6096	0.0544	0.2054	0.1306	
% 2	521	0.1908	0.1294	0.1596	0.5202	
% 2	522	0.1448	0.4099	0.123	0.3223	
% 2	523	0.1268	0.3495	0.3904	0.1334	
% 2	524	0.228	0.1811	0.1518	0.439	
% 2	525	0.3634	0.0745	0.3193	0.2428	
% 2	526	0.4383	0.027	0.0831	0.4516	
% 2	527	0.4206	0.1247	0.0976	0.357	
% 2	528	0.4873	0.0343	0.2625	0.216	
% 2	529	0.4455	0.0448	0.0805	0.4292	
% 2	530	0.1235	0.097	0.5034	0.2762	
% 2	531	0.6541	0.0489	0.121	0.176	
% 2	532	0.2557	0.0295	0.1652	0.5496	
% 2	533	0.0377	0.8824	0.0487	0.0311	
% 2	534	0.2573	0.1468	0.2023	0.3936	
% 2	535	0.2765	0.0807	0.4264	0.2164	
% 2	536	0.2864	0.1621	0.0839	0.4676	
% 2	537	0.3371	0.2998	0.1355	0.2276	
% 2	538	0.2791	0.0516	0.2206	0.4486	
% 2	539	0.2052	0.0807	0.4144	0.2996	
% 2	540	0.4151	0.0693	0.144	0.3717	
% 2	541	0.3691	0.0221	0.3939	0.2149	
% 2	542	0.425	0.142	0.1375	0.2955	
% 2	543	0.2249	0.0259	0.4456	0.3037	
% 2	544	0.1015	0.0751	0.3906	0.4328	
% 2	545	0.2507	0.3517	0.2308	0.1668	
% 2	546	0.2602	0.0627	0.3685	0.3086	
% 2	547	0.2392	0.094	0.3638	0.3029	
% 2	548	0.0891	0.7629	0.0509	0.0971	
% 2	549	0.3542	0.3202	0.2148	0.1109	
% 2	550	0.3492	0.3125	0.0995	0.2388	
% 2	551	0.5157	0.1719	0.0791	0.2333	
% 2	552	0.5957	0.0486	0.0279	0.3278	
% 2	553	0.0479	0.0395	0.8401	0.0725	
% 2	554	0.1826	0.0292	0.5482	0.24	
% 2	555	0.2623	0.0446	0.4674	0.2256	
% 2	556	0.3117	0.1123	0.2497	0.3263	
% 2	557	0.318	0.053	0.1815	0.4475	
% 2	558	0.2149	0.0898	0.4265	0.2688	
% 2	559	0.3856	0.3413	0.1098	0.1633	
% 2	560	0.2838	0.0456	0.5499	0.1206	
% 2	561	0.416	0.2143	0.044	0.3257	
% 2	562	0.1064	0.0781	0.6345	0.181	
% 2	563	0.2563	0.3542	0.289	0.1005	
% 2	564	0.173	0.4013	0.1523	0.2734	
% 2	565	0.2876	0.0734	0.0469	0.5921	
% 2	566	0.2147	0.037	0.1486	0.5997	
% 2	567	0.6908	0.0528	0.0654	0.1911	
% 2	568	0.668	0.0345	0.1052	0.1923	
% 2	569	0.4218	0.0587	0.1501	0.3694	
% 2	570	0.167	0.311	0.3138	0.2082	
% 2	571	0.1319	0.5873	0.1297	0.1512	
% 2	572	0.0885	0.1852	0.5867	0.1395	
% 2	573	0.5243	0.1998	0.1878	0.0881	
% 2	574	0.6084	0.1961	0.0631	0.1325	
% 2	575	0.3374	0.0426	0.3327	0.2873	
% 2	576	0.1928	0.0305	0.6689	0.1078	
% 2	577	0.377	0.3382	0.0984	0.1865	
% 2	578	0.8474	0.03	0.0302	0.0924	
% 2	579	0.2317	0.0914	0.4439	0.233	
% 2	580	0.2705	0.0251	0.4091	0.2953	
% 2	581	0.111	0.1583	0.5945	0.1362	
% 2	582	0.2116	0.1081	0.0601	0.6202	
% 2	583	0.3831	0.081	0.3425	0.1933	
% 2	584	0.3429	0.3332	0.2383	0.0856	
% 2	585	0.5113	0.2627	0.0336	0.1924	
% 2	586	0.1758	0.6179	0.11	0.0964	
% 2	587	0.166	0.0411	0.2171	0.5758	
% 2	588	0.258	0.4994	0.1344	0.1081	
% 2	589	0.0505	0.0451	0.8358	0.0686	
% 2	590	0.1255	0.191	0.2477	0.4358	
% 2	591	0.2543	0.4351	0.1715	0.1391	
% 2	592	0.2571	0.0594	0.2869	0.3966	
% 2	593	0.2919	0.2999	0.0622	0.3459	
% 2	594	0.3035	0.0537	0.1516	0.4911	
% 2	595	0.6436	0.1244	0.1223	0.1098	
% 2	596	0.2127	0.1056	0.0995	0.5822	
% 2	597	0.4331	0.1107	0.0675	0.3887	
% 2	598	0.155	0.6143	0.088	0.1426	
% 2	599	0.2785	0.1035	0.4518	0.1662	
% 2	600	0.2086	0.059	0.5269	0.2055	
% 2	601	0.1423	0.0226	0.762	0.0731	
% 2	602	0.1565	0.0978	0.0609	0.6848	
% 2	603	0.2553	0.0678	0.3956	0.2814	
% 2	604	0.4494	0.0659	0.2472	0.2376	
% 2	605	0.181	0.0484	0.5596	0.2109	
% 2	606	0.3215	0.4564	0.0629	0.1592	
% 2	607	0.24	0.0759	0.2178	0.4664	
% 2	608	0.2344	0.0708	0.3918	0.3031	
% 2	609	0.062	0.0625	0.8198	0.0557	
% 2	610	0.1491	0.2231	0.3374	0.2904	
% 2	611	0.2018	0.0757	0.2929	0.4296	
% 2	612	0.4148	0.1605	0.1077	0.3169	
% 2	613	0.1072	0.6064	0.1529	0.1335	
% 2	614	0.0527	0.2902	0.5694	0.0876	
% 2	615	0.3653	0.0496	0.0903	0.4948	
% 2	616	0.1959	0.0494	0.0741	0.6806	
% 2	617	0.1729	0.0391	0.3239	0.4641	
% 2	618	0.4338	0.1675	0.0527	0.346	
% 2	619	0.6408	0.116	0.0612	0.182	
% 2	620	0.2629	0.3137	0.1589	0.2645	
% 2	621	0.1798	0.2245	0.367	0.2287	
% 2	622	0.1824	0.0191	0.2818	0.5167	
% 2	623	0.4532	0.325	0.0716	0.1502	
% 2	624	0.4829	0.1092	0.2262	0.1816	
% 2	625	0.7544	0.0501	0.0377	0.1578	
% 2	626	0.1532	0.0299	0.1243	0.6926	
% 2	627	0.3349	0.0401	0.0792	0.5458	
% 2	628	0.219	0.5357	0.0679	0.1775	
% 2	629	0.0362	0.9017	0.0197	0.0424	
% 2	630	0.7596	0.0984	0.0495	0.0925	
% 2	631	0.1594	0.3195	0.4361	0.085	
% 2	632	0.298	0.0837	0.1529	0.4654	
% 2	633	0.3577	0.3355	0.0379	0.2689	
% 2	634	0.3992	0.0279	0.3386	0.2342	
% 2	635	0.8231	0.0245	0.0244	0.1281	
% 2	636	0.5521	0.0812	0.1175	0.2492	
% 2	637	0.0629	0.0422	0.8389	0.056	
% 2	638	0.5859	0.1506	0.0484	0.2151	
% 2	639	0.2572	0.0757	0.4969	0.1701	
% 2	640	0.1521	0.1476	0.1274	0.5729	
% 2	641	0.2956	0.1321	0.2424	0.3299	
% 2	642	0.194	0.4066	0.1684	0.2309	
% 2	643	0.7427	0.0206	0.0419	0.1948	
% 2	644	0.6006	0.037	0.0561	0.3063	
% 2	645	0.44	0.2572	0.1045	0.1983	
% 3	646	0.2196	0.0809	0.18	0.5196	
% 2	647	0.5867	0.1104	0.1166	0.1863	
% 3	648	0.2698	0.0292	0.1402	0.5608	
% 3	649	0.8209	0.0224	0.0291	0.1276	
% 3	650	0.6975	0.0934	0.0489	0.1602	
% 2	651	0.5513	0.054	0.2187	0.1761	
% 3	652	0.5737	0.0586	0.1292	0.2386	
% 4	653	0.2829	0.0546	0.528	0.1345	
% 2	654	0.7168	0.0354	0.0882	0.1596	
% 4	655	0.1262	0.1879	0.5067	0.1792	
% 4	656	0.0823	0.0505	0.7751	0.0921	
% 4	657	0.0314	0.0231	0.9043	0.0411	
% 4	658	0.0335	0.0556	0.8759	0.035	
% 4	659	0.0404	0.0307	0.8742	0.0547	
% 3	660	0.2595	0.1572	0.037	0.5463	
% 2	661	0.3451	0.0987	0.2031	0.3531	
% 3	662	0.3928	0.073	0.0966	0.4376	
% 3	663	0.6608	0.0493	0.0613	0.2286	
% 3	664	0.1164	0.0781	0.1036	0.7019	
% 3	665	0.5291	0.1388	0.0426	0.2895	
% 2	666	0.1039	0.6493	0.142	0.1049	
% 3	667	0.7838	0.0541	0.0433	0.1188	
% 4	668	0.1321	0.3344	0.3038	0.2297	
% 4	669	0.0498	0.0374	0.8761	0.0368	
% 4	670	0.0706	0.0277	0.7901	0.1115	
% 4	671	0.2398	0.0721	0.6061	0.082	
% 4	672	0.103	0.0501	0.757	0.09	
% 4	673	0.1729	0.0539	0.5127	0.2605	
% 3	674	0.4592	0.0434	0.1426	0.3548	
% 3	675	0.3183	0.075	0.1273	0.4794	
% 3	676	0.5622	0.0277	0.2361	0.174	
% 3	677	0.3766	0.2233	0.0668	0.3333	
% 3	678	0.4003	0.0722	0.1386	0.3889	
% 2	679	0.2768	0.2753	0.1495	0.2983	
% 3	680	0.2951	0.2018	0.1544	0.3487	
% 4	681	0.126	0.1308	0.6633	0.0799	
% 2	682	0.0969	0.1493	0.5536	0.2002	
% 4	683	0.2197	0.0444	0.5261	0.2098	
% 4	684	0.0359	0.1206	0.8102	0.0333	
% 4	685	0.0475	0.0448	0.856	0.0518	
% 4	686	0.0374	0.0255	0.9041	0.033	
% 3	687	0.1888	0.073	0.1003	0.638	
% 3	688	0.6342	0.0324	0.0776	0.2559	
% 3	689	0.1484	0.0699	0.1178	0.6639	
% 3	690	0.3708	0.0718	0.057	0.5004	
% 2	691	0.1198	0.0955	0.6649	0.1198	
% 3	692	0.4023	0.0695	0.1046	0.4236	
% 2	693	0.1474	0.084	0.1369	0.6318	
% 4	694	0.3324	0.0541	0.3404	0.2731	
% 4	695	0.0745	0.0189	0.8162	0.0904	
% 4	696	0.054	0.1805	0.5844	0.1812	
% 4	697	0.0315	0.0473	0.862	0.0593	
% 4	698	0.0583	0.0516	0.8139	0.0762	
% 3	699	0.2488	0.1071	0.1657	0.4784	
% 2	700	0.2623	0.3627	0.1136	0.2614	
% 3	701	0.4428	0.0599	0.1553	0.3419	
% 3	702	0.4328	0.0456	0.1235	0.3981	
% 3	703	0.4941	0.125	0.0661	0.3148	
% 3	704	0.5488	0.0602	0.0535	0.3375	
% 2	705	0.5709	0.1562	0.0609	0.2121	
% 3	706	0.6307	0.0551	0.0657	0.2484	
% 2	707	0.075	0.8256	0.0334	0.066	
% 4	708	0.0451	0.0194	0.8955	0.04	
% 2	709	0.0424	0.8182	0.0831	0.0564	
% 4	710	0.1718	0.0523	0.6118	0.1641	
% 4	711	0.0799	0.0639	0.7501	0.1061	
% 4	712	0.0709	0.0889	0.7635	0.0767	
% 4	713	0.0447	0.0245	0.8884	0.0424	
% 3	714	0.1818	0.1054	0.4586	0.2543	
% 2	715	0.6184	0.0372	0.2158	0.1285	
% 3	716	0.2312	0.0386	0.0544	0.6758	
% 3	717	0.4771	0.0836	0.1604	0.2788	
% 3	718	0.3469	0.0479	0.067	0.5383	
% 3	719	0.3132	0.1141	0.1689	0.4038	
% 2	720	0.355	0.1619	0.1482	0.335	
% 2	721	0.2614	0.1295	0.2299	0.3792	
% 4	722	0.0906	0.0933	0.6846	0.1315	
% 4	723	0.0425	0.0645	0.8528	0.0401	
% 4	724	0.0608	0.0129	0.8828	0.0435	
% 4	725	0.055	0.026	0.8771	0.0419	
% 4	726	0.0307	0.023	0.9073	0.039	
% 2	727	0.7161	0.0327	0.0921	0.159	
% 3	728	0.1699	0.0502	0.0521	0.7278	
% 3	729	0.4906	0.1031	0.1285	0.2778	
% 3	730	0.146	0.0924	0.3379	0.4237	
% 3	731	0.6924	0.0884	0.0663	0.153	
% 4	732	0.1056	0.2009	0.5854	0.1081	
% 4	733	0.0909	0.0418	0.8253	0.042	
% 4	734	0.0476	0.0279	0.8723	0.0522	
% 4	735	0.0969	0.0431	0.8088	0.0511	
% 4	736	0.0391	0.0159	0.9032	0.0418	
% 2	737	0.0878	0.5136	0.2693	0.1294	
% 3	738	0.3019	0.0426	0.0615	0.594	
% 3	739	0.2303	0.0462	0.2198	0.5036	
% 3	740	0.323	0.0734	0.1405	0.4632	
% 2	741	0.3133	0.1952	0.3163	0.1752	
% 2	742	0.3901	0.0469	0.1368	0.4262	
% 4	743	0.11	0.0468	0.6438	0.1994	
% 4	744	0.0345	0.0484	0.869	0.0481	
% 4	745	0.0364	0.0141	0.9063	0.0432	
% 4	746	0.313	0.0244	0.5797	0.0829	
% 4	747	0.064	0.0309	0.8489	0.0562	
% 2	748	0.1823	0.602	0.1041	0.1116	
% 2	749	0.2874	0.4994	0.0877	0.1255	
% 2	750	0.1028	0.0767	0.7403	0.0801	
% 2	751	0.0304	0.8616	0.0623	0.0458	
% 2	752	0.0955	0.0529	0.6936	0.158	
% 2	753	0.6134	0.1112	0.0595	0.2159	
% 2	754	0.1055	0.1127	0.5371	0.2446	
% 2	755	0.4348	0.1422	0.0525	0.3705	
% 2	756	0.0399	0.8796	0.0466	0.0339	
% 2	757	0.0566	0.7008	0.1837	0.0589	
% 2	758	0.0597	0.8403	0.0325	0.0675	
% 2	759	0.5646	0.0776	0.0595	0.2982	
% 2	760	0.3454	0.0843	0.1681	0.4022	
% 2	761	0.3126	0.0509	0.2628	0.3737	
% 2	762	0.5031	0.122	0.0694	0.3055	
% 2	763	0.127	0.4992	0.2016	0.1722	
% 2	764	0.1406	0.4297	0.2298	0.1999	
% 2	765	0.3156	0.1614	0.2595	0.2635	
% 2	766	0.124	0.5026	0.2911	0.0824	
% 2	767	0.6533	0.0452	0.1095	0.192	
% 2	768	0.0368	0.8995	0.0329	0.0309	
% 2	769	0.5858	0.0505	0.0425	0.3212	
% 2	770	0.7213	0.0586	0.022	0.1981	
% 2	771	0.2109	0.1506	0.1175	0.521	
% 2	772	0.3971	0.1037	0.1415	0.3577	
% 2	773	0.1694	0.1162	0.6375	0.0769	
% 2	774	0.4604	0.2077	0.1324	0.1995	
% 2	775	0.2335	0.2666	0.0957	0.4042	
% 2	776	0.419	0.0241	0.1037	0.4531	
% 2	777	0.176	0.0434	0.6137	0.167	
% 2	778	0.2672	0.0557	0.3403	0.3368	
% 2	779	0.0351	0.8941	0.0279	0.0429	
% 2	780	0.1367	0.0474	0.1409	0.6751	
% 2	781	0.4018	0.1468	0.2206	0.2308	
% 2	782	0.0927	0.036	0.7651	0.1061	
% 2	783	0.5688	0.1638	0.0788	0.1887	
% 2	784	0.2131	0.4258	0.1222	0.2388	
% 2	785	0.0897	0.4954	0.2473	0.1676	
% 2	786	0.6746	0.044	0.054	0.2274	
% 2	787	0.405	0.1314	0.0375	0.4262	
% 2	788	0.3334	0.0372	0.1827	0.4466	
% 2	789	0.1943	0.0654	0.6305	0.1098	
% 2	790	0.2627	0.4599	0.0448	0.2327	
% 2	791	0.0293	0.9219	0.021	0.0279	
% 2	792	0.6564	0.0318	0.1136	0.1982	
% 2	793	0.0694	0.04	0.8062	0.0844	
% 2	794	0.0572	0.0474	0.8197	0.0757	
% 2	795	0.0444	0.8479	0.0559	0.0519	
% 2	796	0.4072	0.0911	0.2088	0.2929	
% 2	797	0.2401	0.1768	0.1563	0.4268	
% 2	798	0.1305	0.1208	0.6741	0.0746	
% 2	799	0.0705	0.6038	0.226	0.0997	
% 2	800	0.189	0.5221	0.0405	0.2484	
% 2	801	0.0508	0.835	0.0434	0.0709	
% 2	802	0.0945	0.0561	0.5801	0.2693	
% 2	803	0.0493	0.0338	0.8532	0.0637	
% 2	804	0.3527	0.0377	0.1034	0.5062	
% 2	805	0.5282	0.0781	0.0467	0.347	
% 2	806	0.518	0.0686	0.0561	0.3572	
% 2	807	0.286	0.3938	0.1155	0.2048	
% 2	808	0.0769	0.8138	0.0445	0.0649	
% 2	809	0.4792	0.3224	0.0338	0.1646	
% 2	810	0.0433	0.8612	0.0561	0.0394	
% 2	811	0.0334	0.895	0.0315	0.0401	
% 2	812	0.4628	0.1143	0.1466	0.2763	
% 2	813	0.0496	0.8064	0.0812	0.0627	
% 2	814	0.0294	0.8759	0.0587	0.036	
% 2	815	0.3419	0.0788	0.2532	0.3262	
% 2	816	0.0588	0.2264	0.6166	0.0983	
% 2	817	0.1327	0.1493	0.0765	0.6415	
% 2	818	0.0368	0.8199	0.0845	0.0588	
% 2	819	0.0382	0.331	0.5889	0.0419	
% 2	820	0.1671	0.2092	0.0804	0.5434	
% 2	821	0.0294	0.9076	0.0246	0.0384	
% 2	822	0.2984	0.1891	0.0685	0.444	
% 2	823	0.1798	0.5624	0.0601	0.1977	
% 2	824	0.0665	0.7594	0.0763	0.0978	
% 2	825	0.4459	0.0162	0.1005	0.4374	
% 2	826	0.0713	0.8114	0.0394	0.078	
% 2	827	0.1777	0.1572	0.3355	0.3296	
% 2	828	0.3182	0.0466	0.2128	0.4224	
% 2	829	0.1037	0.5337	0.1826	0.1799	
% 2	830	0.7049	0.0425	0.0679	0.1848	
% 2	831	0.0388	0.8013	0.1183	0.0416	
% 2	832	0.2673	0.0612	0.206	0.4654	
% 2	833	0.5946	0.0327	0.1376	0.235	
% 2	834	0.5389	0.072	0.154	0.2351	
% 2	835	0.1127	0.4223	0.2798	0.1852	
% 2	836	0.0641	0.6566	0.1921	0.0871	
% 2	837	0.3612	0.2631	0.1507	0.2251	
% 2	838	0.0462	0.0537	0.83	0.07	
% 2	839	0.4926	0.0401	0.1589	0.3083	
% 2	840	0.4403	0.144	0.0816	0.334	
% 2	841	0.099	0.5406	0.1196	0.2408	
% 2	842	0.0477	0.8759	0.0336	0.0427	
% 2	843	0.0329	0.9036	0.0306	0.0329	
% 2	844	0.1338	0.491	0.1448	0.2303	
% 2	845	0.4616	0.1016	0.1554	0.2813	
% 2	846	0.3324	0.1097	0.2597	0.2983	
% 2	847	0.1144	0.0463	0.1024	0.737	
% 2	848	0.0377	0.8994	0.0219	0.041	
% 2	849	0.2705	0.0485	0.5309	0.1501	
% 2	850	0.4148	0.0719	0.1631	0.3503	
% 2	851	0.3831	0.1046	0.1429	0.3694	
% 2	852	0.1325	0.4305	0.288	0.149	
% 2	853	0.0946	0.5917	0.2301	0.0835	
% 2	854	0.0975	0.5443	0.2196	0.1386	
% 2	855	0.6005	0.0725	0.0835	0.2435	
% 2	856	0.2154	0.1484	0.1659	0.4702	
% 2	857	0.2136	0.0425	0.0595	0.6844	
% 2	858	0.1793	0.0767	0.5785	0.1654	
% 2	859	0.0891	0.7685	0.0711	0.0712	
% 2	860	0.0335	0.9102	0.024	0.0323	
% 2	861	0.0401	0.8689	0.0491	0.0419	
% 2	862	0.0819	0.1185	0.6151	0.1846	
% 2	863	0.0315	0.875	0.0557	0.0377	
% 2	864	0.0958	0.735	0.094	0.0753	
% 2	865	0.0373	0.0567	0.8626	0.0434	
% 2	866	0.6026	0.2151	0.033	0.1493	
% 2	867	0.2251	0.0544	0.5851	0.1355	
% 2	868	0.3676	0.0584	0.1448	0.4292	
% 2	869	0.1792	0.0655	0.5849	0.1704	
% 2	870	0.0661	0.7838	0.0905	0.0596	
% 2	871	0.0406	0.1084	0.791	0.06	
% 2	872	0.0644	0.1527	0.5428	0.2401	
% 2	873	0.0386	0.891	0.0306	0.0397	
% 2	874	0.6062	0.0715	0.0673	0.255	
% 2	875	0.1687	0.1546	0.5347	0.142	
% 2	876	0.0915	0.1034	0.6263	0.1788	
% 2	877	0.1161	0.4588	0.0612	0.3639	
% 2	878	0.1691	0.2402	0.1365	0.4541	
% 2	879	0.0253	0.9265	0.0219	0.0264	
% 2	880	0.2441	0.3001	0.2896	0.1661	
% 2	881	0.0771	0.7562	0.0715	0.0952	
% 2	882	0.2619	0.0846	0.1978	0.4557	


% PARAMETERS
72 500 translate 
1 1 scale
0 rotate
/setrim {3 setlinewidth} def 
/setsep {0.3 setlinewidth} def 
/setind {0.3 setlinewidth} def 
/fh {6} def    	% Font height 
/da {5} def    	% Distance above box at which to print names 
/db {-7} def    	% Distance below box at which to print names 
/bh {50} def    	% Height of the box 
/wi {0.530612} def    	% Width of an individual 
/aato {60} def  	% Angle at which to print text atop box 
/abel {60} def  	% Angle at which to print text below box 
/tot {882} def   	% Total number of individuals 
/Helvetica-Bold findfont fh scalefont setfont 

% ABBREVIATED COMMANDS
/M {moveto} def
/R {rmoveto} def
/L {lineto} def
/V {rlineto} def
/Cfs {closepath fill stroke} def
/rotshow {
  dup dup stringwidth pop abel cos mul neg exch 
  stringwidth pop abel sin mul neg R
  gsave abel rotate show grestore
} def
/bhm {bh mul} def 	% Multiply by height of the box 
/nwi {wi neg} def   	% Negative width of an individual 
/wm {wi mul} def 	% Multiply by width of an individual 
/ru {bhm M wi 0 V 0} def   	% Right-upwards box motion 
/ld {bhm V nwi 0 V Cfs} def	% Left-downwards box closure motion
/bbm {-.3 add 2 div add wm fh 2 div add db M} def       	% Below-box motion
/abm {-.3 add 2 div add wm fh 2 div add bh da add M} def	% Above-box motion
/sc {setrgbcolor} def

% COLORS
/c0 {0.0 0.0 0.0 sc} def    % black 
/c1 {2.1 0.6 0.3 sc} def    % orange 
/c2 {0 0.6 0.9 sc} def      % blue   
/c3 {.9 2.1 0 sc} def       % yellow 
/c4 {1.5 0.6 0.9 sc} def    % pink   
/c5 {.2 .6 .2 sc} def       % green  
/c6 {.5 0 .5 sc} def        % purple 
/c7 {1.2 0.0 0.3 sc} def    % red     
/c8 {0 1 0 sc} def          % light_green 
/c9 {0 0 1 sc} def          % dark_blue 
/c10 {1.2 0 1.8 sc} def     % light_purple 
/c11 {1.5 0.9 0.6 sc} def   % light_yellow 
/c12 {0.7 0.3 0.0 sc} def   % brown 
/c13 {0 1.2 1.8 sc} def     % light_blue 
/c14 {0.5 0.5 0.0 sc} def   % olive_green 
/c15 {1.8 0.6 0.6 sc} def   % peach 
/c16 {0 0.5 0.5 sc} def     % sea_green 
/c17 {.6 .75 .15 sc} def    % yellow_green 
/c18 {0.45 .15 .9 sc} def   % blue_purple  
/c19 {0.15 0.75 0.6 sc} def % blue_green 
/c20 {0.5 setgray} def      % gray 
/c21 {0.05 0.4 0.05 sc} def % dark_green 
/c22 {0.75 setgray} def     % light_gray 
/c23 {1 0 0 sc} def         % red2 
/c24 {0.6 0.9 1.5 sc} def   % light_blue2 
/c25 {1 0.6 0.4 sc} def     % light_orange 
/c26 {0.25 setgray} def     % dark_gray 
/c27 {1.2 0.9 0.9 sc} def   % light_pink 
/c28 {.6 .2 .2 sc} def      % dark_brown 
/c29 {1.6 0.4 0 sc} def     % dark_orange 
/c30 {0.2 0 0.3 sc} def     % dark_purple 
/c31 {1 setgray} def        % white 
/c32 {2.7 .3 0 sc} def      % color32 
/c33 {2.4 .6 0 sc} def      % color33 
/c34 {2.1 .3 .6 sc} def     % color34 
/c35 {1.5 .6 .9 sc} def     % color35 
/c36 {1.2 1.2 .6 sc} def    % color36 
/c37 {1.2 1.2 .9 sc} def    % color37 
/c38 {1.2 .9 .9 sc} def     % color38 
/c39 {.9 1.8 .3 sc} def     % color39 
/c40 {.9 .9 1.2 sc} def     % color40 
/c41 {.9 .6 1.5 sc} def     % color41 
/c42 {.6 2.1 .3 sc} def     % color42 
/c43 {.6 1.8 .6 sc} def     % color43 
/c44 {.6 1.5 .9 sc} def     % color44 
/c45 {.6 1.2 1.2 sc} def    % color45 
/c46 {.6 .9 1.5 sc} def     % color46 
/c47 {.6 .6 1.8 sc} def     % color47 
/c48 {.6 .3 2.1 sc} def     % color48 
/c49 {.3 .6 2.1 sc} def     % color49 
/c50 {0 2.4 .6 sc} def      % color50 
/c51 {0 2.1 .9 sc} def      % color51 
/c52 {0 .9 2.1 sc} def      % color52 
/c53 {.8 .1 .1 sc} def      % color53 
/c54 {.7 .3 0 sc} def       % color54 
/c55 {.7 .2 .1 sc} def      % color55 
/c56 {.7 .1 .2 sc} def      % color56 
/c57 {.6 .4 0 sc} def       % color57 
/c58 {.6 .3 .1 sc} def      % color58 
/c59 {.3 .4 .3 sc} def      % color59 
/c60 {.6 .1 .3 sc} def      % color60 
/c61 {.5 .3 .2 sc} def      % color61 
/c62 {.5 .2 .3 sc} def      % color62 
/c63 {.5 .1 .4 sc} def      % color63 
/c64 {.4 .3 .3 sc} def      % color64 
/c65 {.4 .2 .4 sc} def      % color65 
/c66 {1.2 .4 .4 sc} def     % color66 
/c67 {1.2 .2 .6 sc} def     % color67 
/c68 {1 .8 .2 sc} def       % color68 
/c69 {1 .6 .4 sc} def       % color69 
/c70 {1 .4 .6 sc} def       % color70 
/c100 {0.996094 0.996094 0.996094 sc} def   % color100 
/c101 {0.996094 0.695312 0.695312 sc} def   % color101 
/c102 {0.894531 0.492188 0.492188 sc} def   % color102 
/c103 {0.796875 0.316406 0.316406 sc} def   % color103 
/c104 {0.695312 0.171875 0.171875 sc} def   % color104 
/c105 {0.597656 0.0585938 0.0585938 sc} def % color105 
/c106 {0.894531 0.84375 0.695312 sc} def    % color106 
/c107 {0.761719 0.691406 0.492188 sc} def   % color107 
/c108 {0.636719 0.554688 0.316406 sc} def   % color108 
/c109 {0.519531 0.433594 0.171875 sc} def   % color109 
/c110 {0.417969 0.328125 0.0585938 sc} def  % color110 
/c111 {0.894531 0.996094 0.695312 sc} def   % color111 
/c112 {0.761719 0.894531 0.492188 sc} def   % color112 
/c113 {0.636719 0.796875 0.316406 sc} def   % color113 
/c114 {0.519531 0.695312 0.171875 sc} def   % color114 
/c115 {0.417969 0.597656 0.0585938 sc} def  % color115 
/c116 {0.695312 0.894531 0.996094 sc} def   % color116 
/c117 {0.492188 0.761719 0.894531 sc} def   % color117 
/c118 {0.316406 0.636719 0.796875 sc} def   % color118 
/c119 {0.171875 0.519531 0.695312 sc} def   % color119 
/c120 {0.0585938 0.417969 0.597656 sc} def  % color120 
/c121 {0.746094 0.695312 0.996094 sc} def   % color121 
/c122 {0.558594 0.492188 0.894531 sc} def   % color122 
/c123 {0.394531 0.316406 0.796875 sc} def   % color123 
/c124 {0.257812 0.171875 0.695312 sc} def   % color124 
/c125 {0.148438 0.0585938 0.597656 sc} def  % color125 
/c126 {0.996094 0.996094 0.597656 sc} def   % color126 
/c127 {0.996094 0.996094 0 sc} def          % color127 
/c128 {0.996094 0.796875 0 sc} def          % color128 
/c129 {0.996094 0.597656 0 sc} def          % color129 
/c130 {0.996094 0.398438 0 sc} def          % color130 
/c1001 {0.496094 0.785156 0.496094 sc} def   % Accent_3_qual_1 
/c1002 {0.742188 0.679688 0.828125 sc} def   % Accent_3_qual_2 
/c1003 {0.988281 0.75 0.523438 sc} def       % Accent_3_qual_3 
/c1004 {0.496094 0.785156 0.496094 sc} def   % Accent_4_qual_1 
/c1005 {0.742188 0.679688 0.828125 sc} def   % Accent_4_qual_2 
/c1006 {0.988281 0.75 0.523438 sc} def 	    % Accent_4_qual_3 
/c1007 {0.996094 0.996094 0.597656 sc} def   % Accent_4_qual_4 
/c1008 {0.496094 0.785156 0.496094 sc} def   % Accent_5_qual_1 
/c1009 {0.742188 0.679688 0.828125 sc} def   % Accent_5_qual_2 
/c1010 {0.988281 0.75 0.523438 sc} def 	    % Accent_5_qual_3 
/c1011 {0.996094 0.996094 0.597656 sc} def   % Accent_5_qual_4 
/c1012 {0.21875 0.421875 0.6875 sc} def 	    % Accent_5_qual_5 
/c1013 {0.496094 0.785156 0.496094 sc} def   % Accent_6_qual_1 
/c1014 {0.742188 0.679688 0.828125 sc} def   % Accent_6_qual_2 
/c1015 {0.988281 0.75 0.523438 sc} def 	    % Accent_6_qual_3 
/c1016 {0.996094 0.996094 0.597656 sc} def   % Accent_6_qual_4 
/c1017 {0.21875 0.421875 0.6875 sc} def 	    % Accent_6_qual_5 
/c1018 {0.9375 0.0078125 0.496094 sc} def    % Accent_6_qual_6 
/c1019 {0.496094 0.785156 0.496094 sc} def   % Accent_7_qual_1 
