%!PS-Adobe-3.0 EPSF-3.0 
% Graphical display of results from structure
% distruct by Noah Rosenberg, version 1.0 Nov 2002 
%                             version 1.1 Jun 2007 
% Command line arguments: distruct/distruct1.1 -K 6 -M 4 -N 882 -p 1597525617/pop -i 1597525617/ind -o 1597525617/out.ps -b 1597525617/labels -c 1597525617/perm -d 1597525617/drawparams 
gsave

% Population Q values from the file: 1597525617/pop
% 6 clusters, 4 populations, 0 individuals
% Pop. code, number of individuals, membership coefficients
% 1	157	0.165	0.175	0.17	0.163	0.176	0.152	
% 2	643	0.173	0.161	0.175	0.16	0.177	0.155	
% 3	40	0.273	0.228	0.239	0.154	0.045	0.062	
% 4	42	0.058	0.082	0.056	0.173	0.037	0.594	


% Individual Q values from the file: 1597525617/ind
% Population code, individual label, membership coefficients
% 1	1	0.114	0.014	0.288	0.243	0.138	0.203	
% 1	2	0.0539	0.0609	0.1019	0.1978	0.2747	0.3107	
% 1	3	0.03	0.049	0.145	0.376	0.282	0.118	
% 1	4	0.182	0.022	0.066	0.183	0.307	0.24	
% 1	5	0.013	0.9289	0.014	0.015	0.018	0.011	
% 1	6	0.066	0.201	0.038	0.376	0.184	0.135	
% 1	7	0.3107	0.1768	0.1998	0.1728	0.0749	0.0649	
% 1	8	0.1421	0.01	0.0671	0.1221	0.3744	0.2843	
% 1	9	0.035	0.1522	0.1221	0.3483	0.1011	0.2412	
% 1	10	0.0821	0.4535	0.0811	0.0841	0.1231	0.1762	
% 1	11	0.168	0.103	0.145	0.329	0.082	0.173	
% 1	12	0.097	0.101	0.042	0.553	0.053	0.154	
% 1	13	0.4054	0.021	0.1051	0.0591	0.2703	0.1391	
% 1	14	0.3163	0.4024	0.017	0.0811	0.044	0.1391	
% 1	15	0.3964	0.3954	0.027	0.0631	0.045	0.0731	
% 1	16	0.204	0.078	0.118	0.171	0.073	0.356	
% 1	17	0.151	0.076	0.014	0.118	0.438	0.203	
% 1	18	0.2	0.024	0.263	0.099	0.29	0.124	
% 1	19	0.4224	0.044	0.1151	0.0561	0.2883	0.0741	
% 1	20	0.1868	0.1758	0.014	0.1948	0.05	0.3786	
% 1	21	0.1071	0.1602	0.0651	0.0741	0.2933	0.3003	
% 1	22	0.091	0.054	0.443	0.149	0.161	0.102	
% 1	23	0.049	0.1319	0.1029	0.2108	0.3047	0.2008	
% 1	24	0.021	0.015	0.8028	0.047	0.0591	0.0551	
% 1	25	0.314	0.193	0.086	0.114	0.232	0.061	
% 1	26	0.043	0.093	0.19	0.081	0.534	0.059	
% 1	27	0.6076	0.04	0.045	0.1822	0.0661	0.0591	
% 1	28	0.019	0.018	0.843	0.041	0.02	0.059	
% 1	29	0.118	0.049	0.11	0.328	0.106	0.289	
% 1	30	0.047	0.5994	0.0729	0.0749	0.1508	0.0549	
% 1	31	0.162	0.029	0.13	0.239	0.242	0.198	
% 1	32	0.1289	0.0749	0.0809	0.0969	0.1678	0.4505	
% 1	33	0.0891	0.1101	0.2222	0.1892	0.1461	0.2432	
% 1	34	0.2448	0.5385	0.035	0.042	0.0709	0.0689	
% 1	35	0.114	0.079	0.122	0.139	0.207	0.339	
% 1	36	0.078	0.143	0.053	0.169	0.355	0.202	
% 1	37	0.124	0.077	0.562	0.079	0.095	0.063	
% 1	38	0.041	0.489	0.293	0.059	0.067	0.051	
% 1	39	0.0771	0.0951	0.041	0.0971	0.6256	0.0641	
% 1	40	0.162	0.265	0.032	0.36	0.119	0.062	
% 1	41	0.4414	0.027	0.1441	0.2212	0.0821	0.0841	
% 1	42	0.041	0.8002	0.025	0.05	0.0629	0.021	
% 1	43	0.045	0.035	0.12	0.466	0.202	0.132	
% 1	44	0.041	0.04	0.073	0.409	0.225	0.212	
% 1	45	0.0631	0.3043	0.2352	0.1361	0.0701	0.1912	
% 1	46	0.0761	0.0511	0.3864	0.1021	0.2342	0.1502	
% 1	47	0.048	0.0579	0.7363	0.0519	0.047	0.0589	
% 1	48	0.0821	0.044	0.1021	0.3914	0.2513	0.1291	
% 1	49	0.1269	0.033	0.1538	0.1608	0.2258	0.2997	
% 1	50	0.536	0.02	0.023	0.138	0.123	0.16	
% 1	51	0.091	0.682	0.06	0.05	0.052	0.065	
% 1	52	0.035	0.828	0.041	0.026	0.044	0.026	
% 1	53	0.037	0.028	0.6757	0.1141	0.0711	0.0741	
% 1	54	0.0729	0.0579	0.3716	0.1209	0.1508	0.2258	
% 1	55	0.167	0.082	0.066	0.144	0.464	0.077	
% 1	56	0.147	0.066	0.528	0.055	0.081	0.123	
% 1	57	0.0799	0.02	0.4995	0.0729	0.1728	0.1548	
% 1	58	0.064	0.712	0.032	0.06	0.059	0.073	
% 1	59	0.072	0.023	0.61	0.134	0.076	0.085	
% 1	60	0.34	0.094	0.082	0.263	0.1	0.121	
% 1	61	0.13	0.045	0.39	0.08	0.075	0.28	
% 1	62	0.0569	0.035	0.0809	0.5045	0.2088	0.1139	
% 1	63	0.067	0.179	0.195	0.108	0.059	0.392	
% 1	64	0.155	0.053	0.073	0.333	0.171	0.215	
% 1	65	0.289	0.06	0.073	0.096	0.255	0.227	
% 1	66	0.456	0.211	0.039	0.06	0.174	0.06	
% 1	67	0.3273	0.031	0.2573	0.0581	0.1031	0.2232	
% 1	68	0.055	0.037	0.441	0.177	0.181	0.109	
% 1	69	0.062	0.158	0.61	0.046	0.051	0.073	
% 1	70	0.0609	0.029	0.1449	0.2098	0.4296	0.1259	
% 1	71	0.234	0.03	0.073	0.169	0.198	0.296	
% 1	72	0.123	0.02	0.127	0.41	0.099	0.221	
% 1	73	0.033	0.208	0.157	0.114	0.191	0.297	
% 1	74	0.1732	0.037	0.029	0.4935	0.1932	0.0741	
% 1	75	0.189	0.094	0.19	0.053	0.262	0.212	
% 1	76	0.056	0.037	0.551	0.08	0.152	0.124	
% 1	77	0.016	0.9081	0.018	0.024	0.015	0.019	
% 1	78	0.106	0.034	0.075	0.23	0.266	0.289	
% 1	79	0.072	0.036	0.078	0.134	0.249	0.431	
% 1	80	0.076	0.723	0.05	0.062	0.034	0.055	
% 1	81	0.1021	0.3924	0.0981	0.1692	0.0721	0.1662	
% 1	82	0.0601	0.019	0.4154	0.1802	0.1181	0.2072	
% 1	83	0.172	0.04	0.227	0.131	0.248	0.182	
% 1	84	0.157	0.168	0.062	0.196	0.289	0.128	
% 1	85	0.188	0.027	0.074	0.111	0.34	0.26	
% 1	86	0.522	0.064	0.021	0.23	0.096	0.067	
% 1	87	0.082	0.03	0.286	0.226	0.144	0.232	
% 2	88	0.043	0.813	0.028	0.028	0.06	0.028	
% 2	89	0.11	0.04	0.062	0.159	0.582	0.047	
% 2	90	0.025	0.873	0.017	0.03	0.026	0.029	
% 2	91	0.202	0.014	0.251	0.202	0.162	0.169	
% 2	92	0.0631	0.033	0.3784	0.0771	0.1552	0.2933	
% 2	93	0.047	0.012	0.648	0.045	0.181	0.067	
% 2	94	0.1499	0.1548	0.031	0.2288	0.2787	0.1568	
% 2	95	0.079	0.161	0.021	0.241	0.373	0.125	
% 2	96	0.426	0.074	0.054	0.078	0.119	0.249	
% 2	97	0.02	0.1059	0.7373	0.04	0.048	0.049	
% 2	98	0.212	0.038	0.096	0.182	0.14	0.332	
% 2	99	0.1091	0.0701	0.2863	0.1071	0.049	0.3784	
% 2	100	0.0529	0.029	0.041	0.0689	0.7672	0.041	
% 2	101	0.05	0.4805	0.1219	0.0669	0.1908	0.0899	
% 2	102	0.3253	0.0551	0.034	0.1361	0.2593	0.1902	
% 2	103	0.094	0.163	0.161	0.178	0.272	0.132	
% 2	104	0.081	0.029	0.516	0.086	0.185	0.103	
% 2	105	0.055	0.169	0.476	0.116	0.024	0.16	
% 2	106	0.013	0.907	0.028	0.02	0.016	0.016	
% 2	107	0.532	0.068	0.132	0.102	0.064	0.102	
% 2	108	0.1572	0.047	0.1842	0.1371	0.1241	0.3504	
% 2	109	0.385	0.208	0.029	0.174	0.155	0.049	
% 2	110	0.045	0.144	0.408	0.151	0.094	0.158	
% 2	111	0.0849	0.044	0.3137	0.1009	0.0829	0.3736	
% 2	112	0.255	0.087	0.037	0.241	0.176	0.204	
% 2	113	0.159	0.494	0.037	0.09	0.155	0.065	
% 2	114	0.0869	0.036	0.0789	0.1918	0.4815	0.1249	
% 2	115	0.02	0.035	0.169	0.42	0.091	0.265	
% 2	116	0.0521	0.0641	0.049	0.0971	0.6847	0.0531	
% 2	117	0.1051	0.1632	0.032	0.1151	0.1752	0.4094	
% 2	118	0.1708	0.024	0.0899	0.0699	0.4825	0.1628	
% 2	119	0.391	0.06	0.042	0.146	0.111	0.25	
% 2	120	0.04	0.012	0.8222	0.031	0.0519	0.043	
% 2	121	0.22	0.048	0.031	0.248	0.315	0.138	
% 2	122	0.1592	0.046	0.1011	0.1391	0.3483	0.2062	
% 2	123	0.2917	0.02	0.1349	0.1219	0.1848	0.2468	
% 2	124	0.068	0.092	0.036	0.559	0.14	0.105	
% 2	125	0.041	0.0739	0.5694	0.1538	0.0859	0.0759	
% 2	126	0.0561	0.6216	0.026	0.0791	0.0581	0.1592	
% 2	127	0.735	0.044	0.056	0.048	0.041	0.076	
% 2	128	0.0641	0.035	0.5556	0.0521	0.0861	0.2072	
% 2	129	0.0561	0.2082	0.046	0.0611	0.4024	0.2262	
% 2	130	0.046	0.049	0.023	0.5874	0.2498	0.045	
% 2	131	0.057	0.063	0.103	0.191	0.314	0.272	
% 2	132	0.105	0.053	0.513	0.142	0.09	0.097	
% 2	133	0.07	0.025	0.06	0.233	0.33	0.282	
% 2	134	0.44	0.052	0.056	0.095	0.067	0.29	
% 2	135	0.025	0.017	0.8659	0.028	0.021	0.043	
% 2	136	0.121	0.035	0.102	0.12	0.493	0.129	
% 2	137	0.287	0.207	0.045	0.293	0.063	0.105	
% 2	138	0.056	0.647	0.027	0.075	0.155	0.04	
% 2	139	0.0691	0.017	0.047	0.3774	0.3113	0.1782	
% 2	140	0.347	0.089	0.046	0.12	0.298	0.1	
% 2	141	0.1632	0.3373	0.1431	0.1091	0.1572	0.0901	
% 2	142	0.161	0.299	0.256	0.122	0.098	0.064	
% 2	143	0.032	0.052	0.441	0.166	0.082	0.227	
% 2	144	0.1061	0.014	0.0621	0.3453	0.4034	0.0691	
% 2	145	0.12	0.026	0.027	0.41	0.153	0.264	
% 2	146	0.0749	0.04	0.3487	0.0929	0.1099	0.3337	
% 2	147	0.512	0.034	0.067	0.072	0.081	0.234	
% 2	148	0.323	0.017	0.243	0.232	0.079	0.106	
% 2	149	0.134	0.048	0.203	0.091	0.1	0.424	
% 2	150	0.126	0.047	0.398	0.071	0.173	0.185	
% 2	151	0.2026	0.0918	0.1906	0.1068	0.3373	0.0709	
% 2	152	0.1652	0.047	0.0541	0.2442	0.0731	0.4164	
% 2	153	0.042	0.022	0.839	0.032	0.02	0.045	
% 2	154	0.255	0.041	0.032	0.375	0.104	0.193	
% 2	155	0.1738	0.0769	0.1079	0.1978	0.1578	0.2857	
% 2	156	0.3043	0.1111	0.1572	0.2112	0.0701	0.1461	
% 2	157	0.089	0.054	0.184	0.302	0.207	0.164	
% 2	158	0.1822	0.017	0.0711	0.0821	0.4765	0.1712	
% 2	159	0.3526	0.04	0.041	0.2577	0.1898	0.1189	
% 2	160	0.3147	0.049	0.1568	0.1738	0.0549	0.2507	
% 2	161	0.112	0.032	0.409	0.181	0.215	0.051	
% 2	162	0.302	0.055	0.202	0.178	0.135	0.128	
% 2	163	0.0711	0.0421	0.6954	0.0872	0.0531	0.0511	
% 2	164	0.2773	0.019	0.039	0.1391	0.2713	0.2543	
% 2	165	0.116	0.017	0.096	0.285	0.079	0.407	
% 2	166	0.135	0.044	0.054	0.527	0.09	0.15	
% 2	167	0.147	0.081	0.511	0.145	0.079	0.037	
% 2	168	0.107	0.057	0.047	0.065	0.652	0.072	
% 2	169	0.027	0.9131	0.012	0.017	0.016	0.015	
% 2	170	0.0769	0.0509	0.4815	0.1349	0.0799	0.1758	
% 2	171	0.184	0.027	0.095	0.26	0.164	0.27	
% 2	172	0.0881	0.3514	0.3514	0.04	0.1101	0.0591	
% 2	173	0.02	0.884	0.018	0.026	0.021	0.031	
% 2	174	0.0509	0.024	0.0609	0.6194	0.1279	0.1169	
% 2	175	0.122	0.021	0.047	0.083	0.627	0.1	
% 2	176	0.1291	0.034	0.4995	0.034	0.0681	0.2352	
% 2	177	0.0571	0.009	0.7197	0.0841	0.039	0.0911	
% 2	178	0.558	0.036	0.033	0.242	0.095	0.036	
% 2	179	0.0969	0.017	0.4346	0.1648	0.1309	0.1558	
% 2	180	0.029	0.7852	0.0649	0.036	0.0509	0.034	
% 2	181	0.2018	0.027	0.0819	0.4146	0.1239	0.1508	
% 2	182	0.137	0.115	0.038	0.112	0.296	0.302	
% 2	183	0.269	0.028	0.058	0.281	0.111	0.253	
% 2	184	0.118	0.429	0.03	0.024	0.086	0.313	
% 2	185	0.03	0.009	0.017	0.04	0.8801	0.024	
% 2	186	0.042	0.0799	0.2797	0.0899	0.2577	0.2507	
% 2	187	0.0509	0.02	0.036	0.6893	0.0689	0.1349	
% 2	188	0.0881	0.0521	0.0771	0.1582	0.3894	0.2352	
% 2	189	0.0901	0.1141	0.3343	0.1111	0.2222	0.1281	
% 2	190	0.083	0.035	0.647	0.073	0.071	0.091	
% 2	191	0.045	0.031	0.43	0.237	0.094	0.163	
% 2	192	0.716	0.025	0.017	0.04	0.064	0.138	
% 2	193	0.217	0.098	0.141	0.183	0.278	0.083	
% 2	194	0.7918	0.012	0.031	0.032	0.0521	0.0811	
% 2	195	0.046	0.781	0.016	0.051	0.048	0.058	
% 2	196	0.035	0.027	0.029	0.79	0.076	0.043	
% 2	197	0.1101	0.044	0.3834	0.1431	0.0801	0.2392	
% 2	198	0.0761	0.7407	0.042	0.04	0.0501	0.0511	
% 2	199	0.1642	0.023	0.0611	0.2112	0.4184	0.1221	
% 2	200	0.036	0.036	0.7077	0.048	0.1331	0.039	
% 2	201	0.3273	0.019	0.047	0.3143	0.0801	0.2122	
% 2	202	0.083	0.01	0.711	0.037	0.061	0.098	
% 2	203	0.095	0.03	0.061	0.319	0.051	0.444	
% 2	204	0.1808	0.046	0.1029	0.2408	0.0889	0.3407	
% 2	205	0.0519	0.0759	0.0879	0.5594	0.0909	0.1339	
% 2	206	0.03	0.78	0.031	0.036	0.065	0.058	
% 2	207	0.17	0.212	0.091	0.299	0.173	0.055	
% 2	208	0.3453	0.03	0.045	0.1832	0.1912	0.2052	
% 2	209	0.053	0.479	0.111	0.063	0.157	0.137	
% 2	210	0.012	0.912	0.012	0.029	0.018	0.017	
% 2	211	0.1522	0.1201	0.0611	0.1121	0.4725	0.0821	
% 2	212	0.1658	0.1708	0.4186	0.1119	0.043	0.0899	
% 2	213	0.047	0.023	0.0631	0.6206	0.1191	0.1271	
% 2	214	0.121	0.039	0.034	0.501	0.07	0.235	
% 2	215	0.734	0.024	0.048	0.045	0.082	0.067	
% 2	216	0.036	0.8088	0.019	0.0581	0.039	0.039	
% 2	217	0.255	0.351	0.057	0.144	0.067	0.126	
% 2	218	0.0589	0.021	0.2527	0.1998	0.0719	0.3956	
% 2	219	0.492	0.09	0.036	0.239	0.081	0.062	
% 2	220	0.1862	0.011	0.1001	0.1882	0.3994	0.1151	
% 2	221	0.025	0.224	0.036	0.426	0.129	0.16	
% 2	222	0.1568	0.025	0.2587	0.2448	0.1169	0.1978	
% 2	223	0.2877	0.044	0.0679	0.3586	0.1089	0.1329	
% 2	224	0.5295	0.024	0.0549	0.1429	0.1878	0.0609	
% 2	225	0.017	0.913	0.016	0.016	0.021	0.017	
% 2	226	0.0841	0.1712	0.032	0.1071	0.5265	0.0791	
% 2	227	0.015	0.8781	0.029	0.028	0.017	0.033	
% 2	228	0.2282	0.039	0.032	0.5275	0.1191	0.0541	
% 2	229	0.031	0.018	0.027	0.104	0.128	0.692	
% 2	230	0.0761	0.1612	0.1171	0.2342	0.0861	0.3253	
% 2	231	0.153	0.057	0.044	0.429	0.203	0.114	
% 2	232	0.0731	0.031	0.1221	0.2402	0.4505	0.0831	
% 2	233	0.2547	0.0819	0.1209	0.3227	0.1019	0.1179	
% 2	234	0.018	0.886	0.017	0.022	0.035	0.022	
% 2	235	0.263	0.461	0.069	0.042	0.061	0.104	
% 2	236	0.4615	0.024	0.2613	0.1101	0.0561	0.0871	
% 2	237	0.2953	0.0671	0.1141	0.1582	0.1792	0.1862	
% 2	238	0.38	0.119	0.05	0.24	0.071	0.14	
% 2	239	0.5445	0.0571	0.0521	0.049	0.2002	0.0971	
% 2	240	0.09	0.041	0.047	0.231	0.422	0.169	
% 2	241	0.098	0.072	0.611	0.096	0.072	0.051	
% 2	242	0.6627	0.015	0.1441	0.049	0.0521	0.0771	
% 2	243	0.124	0.041	0.176	0.256	0.11	0.293	
% 2	244	0.065	0.037	0.13	0.212	0.065	0.491	
% 2	245	0.011	0.9249	0.018	0.01	0.022	0.014	
% 2	246	0.061	0.129	0.619	0.064	0.048	0.079	
% 2	247	0.048	0.4094	0.043	0.1121	0.041	0.3463	
% 2	248	0.039	0.4655	0.0531	0.0841	0.2372	0.1211	
% 2	249	0.061	0.044	0.037	0.419	0.32	0.119	
% 2	250	0.2052	0.0921	0.0811	0.1792	0.1722	0.2703	
% 2	251	0.121	0.05	0.077	0.39	0.105	0.257	
% 2	252	0.027	0.03	0.7768	0.0711	0.045	0.0501	
% 2	253	0.25	0.049	0.035	0.107	0.424	0.135	
% 2	254	0.032	0.039	0.064	0.064	0.062	0.739	
% 2	255	0.038	0.023	0.444	0.236	0.136	0.123	
% 2	256	0.056	0.262	0.381	0.154	0.061	0.086	
% 2	257	0.041	0.049	0.0559	0.4815	0.2557	0.1169	
% 1	258	0.1632	0.1752	0.0991	0.1772	0.2302	0.1552	
% 1	259	0.187	0.406	0.11	0.061	0.175	0.061	
% 1	260	0.5495	0.02	0.0571	0.0631	0.1271	0.1832	
% 1	261	0.1279	0.034	0.024	0.1658	0.4006	0.2478	
% 1	262	0.187	0.094	0.174	0.149	0.22	0.176	
% 1	263	0.0971	0.025	0.3654	0.2102	0.034	0.2683	
% 1	264	0.1668	0.0509	0.0649	0.4276	0.0989	0.1908	
% 1	265	0.1379	0.041	0.044	0.1189	0.1089	0.5495	
% 1	266	0.071	0.018	0.044	0.591	0.179	0.097	
% 1	267	0.1181	0.1321	0.0651	0.1401	0.2843	0.2603	
% 1	268	0.0951	0.1101	0.3203	0.1562	0.1702	0.1481	
% 1	269	0.165	0.133	0.062	0.143	0.374	0.123	
% 1	270	0.039	0.033	0.3786	0.2537	0.1548	0.1409	
% 1	271	0.149	0.304	0.053	0.11	0.262	0.122	
% 1	272	0.1049	0.1588	0.032	0.4356	0.0929	0.1758	
% 1	273	0.214	0.029	0.065	0.097	0.182	0.413	
% 1	274	0.036	0.735	0.029	0.045	0.133	0.022	
% 1	275	0.2452	0.1081	0.3333	0.1401	0.1081	0.0651	
% 1	276	0.318	0.049	0.065	0.159	0.17	0.239	
% 1	277	0.215	0.071	0.031	0.209	0.247	0.227	
% 1	278	0.203	0.3	0.056	0.211	0.144	0.086	
% 1	279	0.5964	0.1518	0.04	0.0529	0.0869	0.0719	
% 1	280	0.049	0.108	0.232	0.137	0.397	0.077	
% 1	281	0.13	0.039	0.044	0.08	0.524	0.183	
% 1	282	0.0859	0.1618	0.1209	0.1409	0.3726	0.1179	
% 1	283	0.3233	0.044	0.0511	0.1672	0.1912	0.2232	
% 1	284	0.0771	0.022	0.0861	0.4895	0.0571	0.2683	
% 1	285	0.2653	0.043	0.2623	0.1221	0.0961	0.2112	
% 1	286	0.25	0.025	0.089	0.188	0.127	0.321	
% 1	287	0.012	0.9481	0.008	0.009	0.015	0.008	
% 1	288	0.0721	0.7244	0.0351	0.0301	0.0681	0.0701	
% 1	289	0.434	0.104	0.054	0.102	0.198	0.108	
% 1	290	0.017	0.9111	0.021	0.016	0.019	0.016	
% 1	291	0.0579	0.4086	0.1489	0.1528	0.0659	0.1658	
% 1	292	0.1331	0.2192	0.0701	0.0931	0.4204	0.0641	
% 1	293	0.049	0.027	0.729	0.059	0.08	0.056	
% 1	294	0.45	0.167	0.031	0.175	0.089	0.088	
% 1	295	0.123	0.018	0.045	0.159	0.083	0.572	
% 1	296	0.4166	0.027	0.1109	0.1938	0.1189	0.1329	
% 1	297	0.0541	0.7558	0.025	0.0591	0.0591	0.047	
% 1	298	0.5345	0.02	0.035	0.2208	0.0929	0.0969	
% 1	299	0.2108	0.1778	0.1439	0.0729	0.0509	0.3437	
% 1	300	0.175	0.031	0.08	0.078	0.57	0.066	
% 1	301	0.023	0.848	0.015	0.038	0.04	0.036	
% 1	302	0.2817	0.4276	0.043	0.1269	0.0649	0.0559	
% 1	303	0.223	0.111	0.051	0.118	0.443	0.054	
% 1	304	0.4915	0.1181	0.0811	0.0771	0.1642	0.0681	
% 1	305	0.343	0.024	0.066	0.183	0.162	0.222	
% 1	306	0.071	0.56	0.018	0.204	0.09	0.057	
% 1	307	0.1508	0.022	0.1309	0.1598	0.3367	0.1998	
% 1	308	0.187	0.097	0.061	0.331	0.241	0.083	
% 1	309	0.026	0.882	0.023	0.026	0.017	0.026	
% 1	310	0.1169	0.4166	0.0589	0.1159	0.2268	0.0649	
% 1	311	0.3003	0.4705	0.045	0.0671	0.0741	0.043	
% 1	312	0.1648	0.031	0.5265	0.0679	0.0859	0.1239	
% 1	313	0.304	0.017	0.118	0.28	0.136	0.145	
% 1	314	0.0811	0.038	0.3844	0.0791	0.0971	0.3203	
% 1	315	0.0909	0.047	0.0789	0.3816	0.2058	0.1958	
% 1	316	0.134	0.025	0.044	0.207	0.114	0.476	
% 1	317	0.1089	0.032	0.2597	0.0589	0.4545	0.0859	
% 1	318	0.082	0.024	0.255	0.183	0.179	0.277	
% 1	319	0.292	0.016	0.1	0.223	0.102	0.267	
% 1	320	0.261	0.012	0.059	0.366	0.075	0.227	
% 1	321	0.259	0.02	0.048	0.179	0.431	0.063	
% 1	322	0.1079	0.2498	0.0639	0.1429	0.3497	0.0859	
% 1	323	0.427	0.023	0.026	0.387	0.081	0.056	
% 1	324	0.063	0.019	0.078	0.551	0.072	0.217	
% 1	325	0.0609	0.3796	0.043	0.1628	0.2557	0.0979	
% 1	326	0.1658	0.047	0.031	0.2448	0.2188	0.2927	
% 1	327	0.1369	0.028	0.0809	0.4166	0.038	0.2997	
% 2	328	0.0901	0.033	0.5656	0.1361	0.0561	0.1191	
% 2	329	0.12	0.054	0.061	0.368	0.224	0.173	
% 2	330	0.1081	0.0551	0.026	0.5546	0.2192	0.037	
% 2	331	0.1259	0.6204	0.0759	0.0639	0.045	0.0689	
% 2	332	0.063	0.681	0.052	0.061	0.069	0.074	
% 2	333	0.0501	0.7868	0.021	0.023	0.0801	0.039	
% 2	334	0.038	0.147	0.104	0.27	0.124	0.317	
% 2	335	0.148	0.022	0.407	0.156	0.188	0.079	
% 2	336	0.031	0.8541	0.019	0.032	0.031	0.033	
% 2	337	0.397	0.035	0.042	0.213	0.218	0.095	
% 2	338	0.054	0.814	0.018	0.034	0.045	0.035	
% 2	339	0.131	0.045	0.039	0.341	0.217	0.227	
% 2	340	0.1161	0.1341	0.4985	0.1021	0.0741	0.0751	
% 2	341	0.217	0.012	0.109	0.088	0.036	0.538	
% 2	342	0.1972	0.3313	0.1131	0.1081	0.1952	0.0551	
% 2	343	0.0549	0.2957	0.1858	0.1538	0.1409	0.1688	
% 2	344	0.117	0.403	0.092	0.074	0.212	0.102	
% 2	345	0.0661	0.6016	0.1011	0.1191	0.0801	0.032	
% 2	346	0.035	0.018	0.02	0.606	0.166	0.155	
% 2	347	0.532	0.042	0.037	0.121	0.171	0.097	
% 2	348	0.0639	0.1349	0.0619	0.1149	0.5814	0.043	
% 2	349	0.435	0.033	0.052	0.129	0.26	0.091	
% 2	350	0.6867	0.035	0.03	0.1141	0.0861	0.048	
% 2	351	0.128	0.684	0.017	0.033	0.072	0.066	
% 2	352	0.1828	0.3576	0.0569	0.1768	0.049	0.1768	
% 2	353	0.0671	0.1161	0.0641	0.2993	0.0961	0.3574	
% 2	354	0.057	0.07	0.034	0.501	0.168	0.17	
% 2	355	0.0621	0.034	0.045	0.4454	0.2352	0.1782	
% 2	356	0.1121	0.032	0.2492	0.1672	0.0961	0.3433	
% 2	357	0.028	0.6016	0.2462	0.045	0.038	0.041	
% 2	358	0.138	0.014	0.398	0.226	0.108	0.116	
% 2	359	0.317	0.064	0.104	0.108	0.33	0.077	
% 2	360	0.0571	0.03	0.2853	0.1271	0.3483	0.1522	
% 2	361	0.1049	0.017	0.034	0.6464	0.0689	0.1289	
% 2	362	0.0909	0.1479	0.045	0.2737	0.0899	0.3526	
% 2	363	0.0689	0.1439	0.1179	0.1618	0.1249	0.3826	
% 2	364	0.5506	0.015	0.0511	0.0851	0.2022	0.0961	
% 2	365	0.2118	0.033	0.028	0.2897	0.2418	0.1958	
% 2	366	0.142	0.026	0.144	0.165	0.128	0.395	
% 2	367	0.034	0.7307	0.019	0.0721	0.0571	0.0871	
% 2	368	0.22	0.338	0.081	0.128	0.148	0.085	
% 2	369	0.046	0.0559	0.1938	0.0939	0.4905	0.1199	
% 2	370	0.0879	0.036	0.0549	0.2697	0.3766	0.1748	
% 2	371	0.138	0.028	0.07	0.152	0.193	0.419	
% 2	372	0.2923	0.0771	0.0951	0.2032	0.2292	0.1031	
% 2	373	0.057	0.055	0.643	0.09	0.074	0.081	
% 2	374	0.066	0.013	0.744	0.039	0.08	0.058	
% 2	375	0.131	0.087	0.042	0.238	0.385	0.117	
% 2	376	0.036	0.855	0.028	0.035	0.028	0.018	
% 2	377	0.058	0.195	0.321	0.114	0.158	0.154	
% 2	378	0.3714	0.0721	0.2052	0.0881	0.1241	0.1391	
% 2	379	0.3157	0.0749	0.1778	0.2448	0.0649	0.1219	
% 2	380	0.0691	0.0911	0.1311	0.2322	0.2703	0.2062	
% 2	381	0.212	0.034	0.13	0.118	0.419	0.087	
% 2	382	0.285	0.034	0.121	0.258	0.139	0.163	
% 2	383	0.067	0.42	0.047	0.139	0.225	0.102	
% 2	384	0.581	0.149	0.023	0.122	0.035	0.09	
% 2	385	0.1922	0.039	0.026	0.5616	0.0911	0.0901	
% 2	386	0.4825	0.2813	0.029	0.0861	0.0891	0.032	
% 2	387	0.158	0.251	0.302	0.093	0.117	0.079	
% 2	388	0.0891	0.046	0.2332	0.0781	0.4114	0.1421	
% 2	389	0.311	0.111	0.038	0.256	0.111	0.173	
% 2	390	0.464	0.06	0.084	0.194	0.136	0.062	
% 2	391	0.026	0.8348	0.047	0.024	0.039	0.029	
% 2	392	0.126	0.028	0.149	0.239	0.284	0.174	
% 2	393	0.031	0.0571	0.6787	0.0741	0.0541	0.1051	
% 2	394	0.0851	0.7548	0.022	0.048	0.0521	0.038	
% 2	395	0.056	0.164	0.357	0.09	0.192	0.141	
% 2	396	0.068	0.542	0.17	0.087	0.047	0.086	
% 2	397	0.173	0.043	0.079	0.213	0.25	0.242	
% 2	398	0.101	0.156	0.087	0.339	0.153	0.164	
% 2	399	0.0539	0.2557	0.1289	0.1149	0.2478	0.1988	
% 2	400	0.217	0.046	0.08	0.461	0.111	0.085	
% 2	401	0.038	0.0521	0.5345	0.1141	0.0821	0.1792	
% 2	402	0.034	0.168	0.366	0.13	0.157	0.145	
% 2	403	0.084	0.105	0.216	0.136	0.418	0.041	
% 2	404	0.2272	0.1111	0.034	0.1832	0.3814	0.0631	
% 2	405	0.4394	0.031	0.0581	0.1061	0.1732	0.1922	
% 2	406	0.3027	0.03	0.031	0.2148	0.3457	0.0759	
% 2	407	0.3493	0.1011	0.2963	0.0821	0.0571	0.1141	
% 2	408	0.244	0.094	0.363	0.101	0.083	0.115	
% 2	409	0.09	0.028	0.217	0.277	0.213	0.175	
% 2	410	0.1039	0.022	0.036	0.3816	0.0619	0.3946	
% 2	411	0.025	0.026	0.033	0.309	0.111	0.496	
% 2	412	0.575	0.016	0.04	0.137	0.18	0.052	
% 2	413	0.092	0.03	0.025	0.623	0.13	0.1	
% 2	414	0.4476	0.024	0.05	0.1339	0.2368	0.1079	
% 2	415	0.038	0.017	0.073	0.276	0.206	0.39	
% 2	416	0.167	0.053	0.046	0.293	0.347	0.094	
% 2	417	0.135	0.032	0.439	0.252	0.062	0.08	
% 2	418	0.025	0.035	0.4454	0.1021	0.0611	0.3313	
% 2	419	0.0711	0.02	0.1441	0.1812	0.1902	0.3934	
% 2	420	0.049	0.026	0.03	0.636	0.18	0.079	
% 2	421	0.3776	0.047	0.049	0.2068	0.1568	0.1628	
% 2	422	0.033	0.026	0.035	0.058	0.727	0.121	
% 2	423	0.038	0.044	0.044	0.372	0.091	0.411	
% 2	424	0.05	0.19	0.134	0.392	0.063	0.171	
% 2	425	0.113	0.228	0.045	0.231	0.161	0.222	
% 2	426	0.1231	0.034	0.1662	0.3634	0.1862	0.1271	
% 2	427	0.22	0.554	0.017	0.049	0.105	0.055	
% 2	428	0.0789	0.015	0.033	0.7782	0.0529	0.042	
% 2	429	0.2597	0.1738	0.026	0.2627	0.2098	0.0679	
% 2	430	0.051	0.099	0.069	0.048	0.579	0.154	
% 2	431	0.143	0.038	0.052	0.609	0.102	0.056	
% 2	432	0.0551	0.7487	0.049	0.045	0.047	0.0551	
% 2	433	0.065	0.049	0.495	0.06	0.181	0.15	
% 2	434	0.089	0.089	0.044	0.341	0.131	0.306	
% 2	435	0.2038	0.0569	0.1299	0.3776	0.1019	0.1299	
% 2	436	0.109	0.032	0.083	0.383	0.228	0.165	
% 2	437	0.125	0.026	0.215	0.266	0.243	0.125	
% 2	438	0.02	0.06	0.74	0.059	0.064	0.057	
% 2	439	0.109	0.457	0.039	0.064	0.231	0.1	
% 2	440	0.025	0.095	0.707	0.042	0.047	0.084	
% 2	441	0.724	0.02	0.032	0.042	0.125	0.057	
% 2	442	0.198	0.073	0.111	0.066	0.474	0.078	
% 2	443	0.628	0.015	0.042	0.122	0.117	0.076	
% 2	444	0.085	0.036	0.36	0.312	0.118	0.089	
% 2	445	0.1131	0.0551	0.1662	0.2513	0.2282	0.1862	
% 2	446	0.035	0.176	0.116	0.094	0.036	0.543	
% 2	447	0.244	0.079	0.069	0.088	0.336	0.184	
% 2	448	0.2547	0.043	0.036	0.1049	0.2488	0.3127	
% 2	449	0.4565	0.025	0.1089	0.1279	0.2118	0.0699	
% 2	450	0.043	0.1642	0.1371	0.4244	0.0541	0.1772	
% 2	451	0.2663	0.027	0.037	0.1281	0.1351	0.4064	
% 2	452	0.4725	0.0729	0.034	0.2038	0.1758	0.041	
% 2	453	0.4116	0.02	0.029	0.3497	0.0689	0.1209	
% 2	454	0.2242	0.044	0.3914	0.0931	0.1161	0.1311	
% 2	455	0.165	0.386	0.111	0.086	0.047	0.205	
% 2	456	0.063	0.118	0.055	0.453	0.107	0.204	
% 2	457	0.035	0.021	0.2252	0.1321	0.2062	0.3804	
% 2	458	0.142	0.046	0.112	0.358	0.069	0.273	
% 2	459	0.034	0.8579	0.017	0.03	0.034	0.027	
% 2	460	0.227	0.031	0.047	0.452	0.075	0.168	
% 2	461	0.045	0.693	0.059	0.034	0.073	0.096	
% 2	462	0.14	0.012	0.208	0.138	0.435	0.067	
% 2	463	0.3017	0.042	0.043	0.1009	0.1858	0.3267	
% 2	464	0.1009	0.022	0.1369	0.2837	0.3067	0.1499	
% 2	465	0.0531	0.031	0.3393	0.2312	0.0571	0.2883	
% 2	466	0.237	0.068	0.3	0.16	0.113	0.122	
% 2	467	0.05	0.05	0.037	0.1229	0.6843	0.0559	
% 2	468	0.1249	0.016	0.0809	0.4186	0.1489	0.2108	
% 2	469	0.016	0.9131	0.014	0.021	0.015	0.021	
% 2	470	0.117	0.177	0.484	0.058	0.065	0.099	
% 2	471	0.042	0.0601	0.036	0.3123	0.1451	0.4044	
% 2	472	0.114	0.007	0.019	0.639	0.109	0.112	
% 2	473	0.212	0.064	0.086	0.27	0.282	0.086	
% 2	474	0.0971	0.044	0.046	0.5756	0.1141	0.1231	
% 2	475	0.092	0.077	0.419	0.119	0.167	0.126	
% 2	476	0.254	0.028	0.073	0.212	0.315	0.118	
% 2	477	0.044	0.056	0.122	0.083	0.401	0.294	
% 2	478	0.283	0.054	0.073	0.323	0.091	0.176	
% 2	479	0.0749	0.036	0.1369	0.2358	0.4166	0.0999	
% 2	480	0.098	0.053	0.027	0.223	0.084	0.515	
% 2	481	0.195	0.029	0.034	0.146	0.173	0.423	
% 2	482	0.0691	0.027	0.3433	0.1271	0.2833	0.1502	
% 2	483	0.2062	0.026	0.0741	0.0951	0.1301	0.4685	
% 2	484	0.6184	0.0529	0.041	0.038	0.1528	0.0969	
% 2	485	0.086	0.019	0.103	0.083	0.226	0.483	
% 2	486	0.17	0.033	0.102	0.29	0.076	0.329	
% 2	487	0.052	0.024	0.548	0.044	0.256	0.076	
% 2	488	0.088	0.063	0.31	0.247	0.142	0.15	
% 2	489	0.6036	0.032	0.033	0.0821	0.1642	0.0851	
% 2	490	0.3407	0.02	0.023	0.2677	0.1009	0.2478	
% 2	491	0.11	0.048	0.331	0.077	0.09	0.344	
% 2	492	0.03	0.756	0.074	0.036	0.049	0.055	
% 2	493	0.072	0.179	0.18	0.069	0.424	0.076	
% 2	494	0.062	0.024	0.059	0.497	0.054	0.304	
% 2	495	0.0611	0.0671	0.1131	0.2292	0.1962	0.3333	
% 2	496	0.068	0.085	0.032	0.553	0.074	0.188	
% 2	497	0.0699	0.015	0.1678	0.2867	0.2378	0.2228	
% 2	498	0.415	0.046	0.147	0.075	0.129	0.188	
% 2	499	0.105	0.027	0.073	0.107	0.064	0.624	
% 2	500	0.134	0.089	0.028	0.366	0.218	0.165	
% 2	501	0.031	0.024	0.1481	0.1512	0.1461	0.4995	
% 2	502	0.088	0.176	0.448	0.047	0.09	0.151	
% 2	503	0.3	0.091	0.263	0.129	0.124	0.093	
% 2	504	0.0821	0.0501	0.4074	0.1191	0.2472	0.0941	
% 2	505	0.1612	0.0511	0.0671	0.4565	0.026	0.2382	
% 2	506	0.063	0.047	0.078	0.584	0.057	0.171	
% 2	507	0.0919	0.0719	0.04	0.3167	0.4116	0.0679	
% 2	508	0.081	0.028	0.083	0.48	0.181	0.147	
% 2	509	0.047	0.106	0.062	0.095	0.127	0.563	
% 2	510	0.018	0.929	0.011	0.012	0.016	0.014	
% 2	511	0.062	0.102	0.585	0.099	0.059	0.093	
% 2	512	0.097	0.021	0.338	0.196	0.067	0.281	
% 2	513	0.046	0.018	0.022	0.1469	0.6214	0.1459	
% 2	514	0.046	0.021	0.774	0.044	0.023	0.092	
% 2	515	0.1321	0.028	0.0601	0.2452	0.4625	0.0721	
% 2	516	0.035	0.22	0.264	0.096	0.064	0.321	
% 2	517	0.28	0.016	0.419	0.09	0.094	0.101	
% 2	518	0.1051	0.4434	0.1772	0.0651	0.1101	0.0991	
% 2	519	0.0531	0.0801	0.3193	0.3343	0.1371	0.0761	
% 2	520	0.5986	0.024	0.1471	0.049	0.1351	0.046	
% 2	521	0.075	0.059	0.074	0.232	0.454	0.106	
% 2	522	0.046	0.271	0.037	0.247	0.063	0.336	
% 2	523	0.1429	0.2158	0.2298	0.1049	0.1518	0.1548	
% 2	524	0.1299	0.1079	0.0939	0.3816	0.0739	0.2128	
% 2	525	0.159	0.037	0.157	0.059	0.522	0.066	
% 2	526	0.297	0.015	0.042	0.315	0.176	0.155	
% 2	527	0.274	0.071	0.069	0.338	0.087	0.161	
% 2	528	0.1401	0.015	0.0861	0.0951	0.1301	0.5335	
% 2	529	0.257	0.031	0.038	0.319	0.169	0.186	
% 2	530	0.043	0.045	0.357	0.188	0.26	0.107	
% 2	531	0.5636	0.02	0.0521	0.1842	0.1031	0.0771	
% 2	532	0.102	0.016	0.073	0.279	0.434	0.096	
% 2	533	0.021	0.852	0.042	0.023	0.042	0.02	
% 2	534	0.1111	0.0771	0.0691	0.3804	0.0541	0.3083	
% 2	535	0.1518	0.0519	0.4446	0.1518	0.1199	0.0799	
% 2	536	0.191	0.087	0.029	0.283	0.22	0.19	
% 2	537	0.271	0.192	0.059	0.157	0.108	0.213	
% 2	538	0.067	0.019	0.077	0.242	0.372	0.223	
% 2	539	0.102	0.04	0.198	0.267	0.109	0.284	
% 2	540	0.1888	0.042	0.0719	0.1588	0.3067	0.2318	
% 2	541	0.129	0.009	0.153	0.265	0.069	0.375	
% 2	542	0.2492	0.0841	0.0511	0.1522	0.1962	0.2673	
% 2	543	0.0519	0.014	0.0878	0.1357	0.1088	0.6018	
% 2	544	0.029	0.036	0.255	0.153	0.39	0.137	
% 2	545	0.191	0.235	0.23	0.085	0.18	0.079	
% 2	546	0.147	0.032	0.181	0.137	0.084	0.419	
% 2	547	0.129	0.05	0.256	0.232	0.19	0.143	
% 2	548	0.081	0.689	0.05	0.084	0.047	0.049	
% 2	549	0.275	0.197	0.082	0.035	0.097	0.314	
% 2	550	0.2138	0.2308	0.0609	0.1958	0.1219	0.1768	
% 2	551	0.33	0.1	0.046	0.154	0.116	0.254	
% 2	552	0.503	0.025	0.013	0.15	0.225	0.084	
% 2	553	0.022	0.02	0.801	0.053	0.061	0.043	
% 2	554	0.085	0.018	0.595	0.077	0.195	0.03	
% 2	555	0.2567	0.024	0.3776	0.1279	0.1359	0.0779	
% 2	556	0.2222	0.0541	0.1862	0.1712	0.2162	0.1502	
% 2	557	0.0781	0.022	0.047	0.1241	0.6286	0.1001	
% 2	558	0.065	0.038	0.079	0.104	0.266	0.448	
% 2	559	0.316	0.217	0.048	0.085	0.117	0.217	
% 2	560	0.1171	0.029	0.1081	0.049	0.1141	0.5826	
% 2	561	0.263	0.14	0.022	0.169	0.301	0.105	
% 2	562	0.0519	0.047	0.3786	0.1019	0.2188	0.2018	
% 2	563	0.256	0.271	0.112	0.046	0.132	0.183	
% 2	564	0.09	0.286	0.104	0.26	0.105	0.155	
% 2	565	0.1479	0.042	0.018	0.2418	0.4595	0.0909	
% 2	566	0.102	0.02	0.115	0.368	0.34	0.055	
% 2	567	0.7253	0.027	0.037	0.1179	0.0519	0.041	
% 2	568	0.591	0.017	0.076	0.084	0.129	0.103	
% 2	569	0.3443	0.031	0.0941	0.2803	0.0931	0.1572	
% 2	570	0.091	0.213	0.297	0.223	0.078	0.098	
% 2	571	0.045	0.5185	0.0501	0.042	0.2973	0.047	
% 2	572	0.036	0.1	0.261	0.073	0.369	0.161	
% 2	573	0.688	0.097	0.074	0.045	0.035	0.061	
% 2	574	0.671	0.107	0.037	0.069	0.056	0.06	
% 2	575	0.216	0.021	0.353	0.129	0.128	0.153	
% 2	576	0.1598	0.016	0.4945	0.0569	0.0869	0.1858	
% 2	577	0.345	0.189	0.039	0.068	0.114	0.245	
% 2	578	0.846	0.015	0.012	0.032	0.053	0.042	
% 2	579	0.0581	0.039	0.0751	0.0591	0.3463	0.4224	
% 2	580	0.137	0.014	0.075	0.09	0.227	0.457	
% 2	581	0.0621	0.0831	0.3654	0.0821	0.1101	0.2973	
% 2	582	0.071	0.059	0.025	0.464	0.239	0.142	
% 2	583	0.1538	0.038	0.0869	0.0579	0.1369	0.5265	
% 2	584	0.3844	0.2412	0.1812	0.04	0.0591	0.0941	
% 2	585	0.616	0.179	0.025	0.115	0.033	0.032	
% 2	586	0.175	0.534	0.083	0.057	0.06	0.091	
% 2	587	0.05	0.022	0.118	0.479	0.089	0.242	
% 2	588	0.1668	0.3966	0.1019	0.0549	0.1908	0.0889	
% 2	589	0.031	0.024	0.801	0.057	0.028	0.059	
% 2	590	0.0589	0.1029	0.0789	0.1359	0.4316	0.1918	
% 2	591	0.2152	0.3614	0.1522	0.0851	0.1061	0.0801	
% 2	592	0.1518	0.026	0.1109	0.1598	0.2198	0.3317	
% 2	593	0.166	0.221	0.052	0.282	0.209	0.07	
% 2	594	0.1421	0.027	0.0541	0.2342	0.1982	0.3443	
% 2	595	0.5345	0.0719	0.034	0.049	0.042	0.2687	
% 2	596	0.0661	0.0591	0.0611	0.4605	0.1512	0.2022	
% 2	597	0.319	0.07	0.044	0.342	0.078	0.147	
% 2	598	0.1259	0.5405	0.0609	0.1009	0.1209	0.0509	
% 2	599	0.176	0.058	0.284	0.111	0.058	0.313	
% 2	600	0.0549	0.029	0.0849	0.0929	0.1139	0.6244	
% 2	601	0.086	0.012	0.45	0.037	0.215	0.2	
% 2	602	0.0549	0.0549	0.031	0.7303	0.0649	0.0639	
% 2	603	0.188	0.035	0.31	0.212	0.094	0.161	
% 2	604	0.4955	0.033	0.2188	0.0959	0.0659	0.0909	
% 2	605	0.1089	0.027	0.3457	0.1558	0.0679	0.2947	
% 2	606	0.419	0.367	0.03	0.086	0.048	0.05	
% 2	607	0.0459	0.0289	0.0559	0.4701	0.0359	0.3633	
% 2	608	0.107	0.034	0.144	0.334	0.073	0.308	
% 2	609	0.028	0.029	0.845	0.024	0.04	0.034	
% 2	610	0.046	0.1199	0.1039	0.2068	0.0899	0.4336	
% 2	611	0.0709	0.043	0.0949	0.2498	0.0979	0.4436	
% 2	612	0.543	0.086	0.065	0.145	0.063	0.098	
% 2	613	0.0902	0.5341	0.0691	0.0822	0.0822	0.1423	
% 2	614	0.048	0.184	0.407	0.068	0.177	0.116	
% 2	615	0.2583	0.024	0.0531	0.2973	0.2573	0.1101	
% 2	616	0.079	0.023	0.049	0.648	0.115	0.086	
% 2	617	0.08	0.02	0.206	0.366	0.139	0.189	
% 2	618	0.3574	0.1031	0.028	0.2092	0.1682	0.1341	
% 2	619	0.631	0.062	0.046	0.1	0.12	0.041	
% 2	620	0.2032	0.2202	0.0721	0.1982	0.0521	0.2543	
% 2	621	0.0999	0.1369	0.2597	0.2028	0.0929	0.2078	
% 2	622	0.038	0.009	0.127	0.213	0.562	0.051	
% 2	623	0.459	0.214	0.033	0.052	0.126	0.116	
% 2	624	0.219	0.056	0.097	0.089	0.43	0.109	
% 2	625	0.743	0.02	0.015	0.092	0.038	0.092	
% 2	626	0.062	0.014	0.077	0.676	0.101	0.07	
% 2	627	0.1499	0.02	0.0519	0.3257	0.3586	0.0939	
% 2	628	0.1159	0.4825	0.035	0.1469	0.0939	0.1259	
% 2	629	0.025	0.8861	0.013	0.034	0.019	0.023	
% 2	630	0.786	0.053	0.028	0.036	0.039	0.058	
% 2	631	0.1389	0.2378	0.4266	0.048	0.0649	0.0839	
% 2	632	0.185	0.044	0.119	0.289	0.139	0.224	
% 2	633	0.2537	0.2677	0.02	0.1888	0.1319	0.1379	
% 2	634	0.396	0.017	0.237	0.148	0.097	0.105	
% 2	635	0.714	0.012	0.014	0.08	0.081	0.099	
% 2	636	0.4236	0.042	0.0719	0.1678	0.1229	0.1718	
% 2	637	0.039	0.021	0.8258	0.023	0.0501	0.041	
% 2	638	0.5005	0.0991	0.038	0.1812	0.0891	0.0921	
% 2	639	0.1353	0.0451	0.2355	0.0621	0.2685	0.2535	
% 2	640	0.037	0.072	0.031	0.447	0.027	0.386	
% 2	641	0.2402	0.0831	0.1411	0.1782	0.0891	0.2683	
% 2	642	0.1311	0.2783	0.0841	0.1912	0.1361	0.1792	
% 2	643	0.578	0.012	0.026	0.076	0.239	0.069	
% 2	644	0.3876	0.022	0.029	0.2198	0.1359	0.2058	
% 2	645	0.3107	0.1928	0.045	0.1249	0.1279	0.1988	
% 3	646	0.0819	0.043	0.0999	0.3656	0.3526	0.0569	
% 2	647	0.538	0.063	0.081	0.091	0.105	0.122	
% 3	648	0.172	0.016	0.055	0.538	0.092	0.127	
% 3	649	0.724	0.011	0.015	0.075	0.07	0.105	
% 3	650	0.576	0.073	0.024	0.097	0.131	0.099	
% 2	651	0.3624	0.029	0.1552	0.0841	0.2052	0.1642	
% 3	652	0.427	0.028	0.055	0.077	0.219	0.194	
% 4	653	0.2737	0.036	0.4106	0.0749	0.1289	0.0759	
% 2	654	0.771	0.019	0.073	0.052	0.052	0.033	
% 4	655	0.0729	0.1069	0.3157	0.1469	0.0859	0.2717	
% 4	656	0.032	0.023	0.6887	0.0801	0.0851	0.0911	
% 4	657	0.018	0.016	0.8661	0.026	0.04	0.034	
% 4	658	0.021	0.036	0.8621	0.021	0.024	0.036	
% 4	659	0.027	0.013	0.89	0.026	0.019	0.025	
% 3	660	0.144	0.097	0.017	0.363	0.308	0.071	
% 2	661	0.293	0.046	0.171	0.278	0.114	0.098	
% 3	662	0.169	0.034	0.049	0.103	0.524	0.121	
% 3	663	0.5485	0.032	0.046	0.1111	0.1892	0.0731	
% 3	664	0.047	0.04	0.05	0.333	0.365	0.165	
% 3	665	0.599	0.068	0.028	0.179	0.07	0.056	
% 2	666	0.0611	0.5636	0.1131	0.0571	0.1592	0.046	
% 3	667	0.8052	0.034	0.026	0.043	0.035	0.0569	
% 4	668	0.094	0.24	0.275	0.137	0.114	0.14	
% 4	669	0.023	0.018	0.8849	0.018	0.018	0.038	
% 4	670	0.022	0.011	0.7117	0.0901	0.1021	0.0631	
% 4	671	0.161	0.036	0.573	0.046	0.087	0.097	
% 4	672	0.046	0.03	0.591	0.067	0.074	0.192	
% 4	673	0.1	0.029	0.374	0.195	0.101	0.201	
% 3	674	0.231	0.022	0.087	0.145	0.326	0.189	
% 3	675	0.2192	0.041	0.0581	0.3233	0.1181	0.2402	
% 3	676	0.2637	0.015	0.1099	0.0939	0.1079	0.4096	
% 3	677	0.2707	0.1538	0.037	0.2268	0.1508	0.1608	
% 3	678	0.194	0.038	0.08	0.179	0.454	0.055	
% 2	679	0.1968	0.1798	0.0839	0.2607	0.0709	0.2078	
% 3	680	0.084	0.108	0.056	0.118	0.556	0.078	
% 4	681	0.08	0.093	0.44	0.052	0.107	0.228	
% 2	682	0.0619	0.0909	0.4855	0.1718	0.0879	0.1019	
% 4	683	0.077	0.024	0.277	0.056	0.481	0.085	
% 4	684	0.02	0.055	0.862	0.013	0.02	0.03	
% 4	685	0.033	0.025	0.7562	0.029	0.0719	0.0849	
% 4	686	0.025	0.016	0.8681	0.024	0.03	0.037	
% 3	687	0.069	0.037	0.071	0.572	0.105	0.146	
% 3	688	0.4525	0.016	0.037	0.1449	0.0989	0.2507	
% 3	689	0.046	0.036	0.059	0.305	0.445	0.109	
% 3	690	0.109	0.033	0.021	0.328	0.114	0.395	
% 2	691	0.089	0.056	0.488	0.084	0.082	0.201	
% 3	692	0.2312	0.033	0.0621	0.1572	0.4515	0.0651	
% 2	693	0.042	0.046	0.0609	0.1339	0.6104	0.1069	
% 4	694	0.0559	0.023	0.0609	0.0769	0.3766	0.4066	
% 4	695	0.027	0.01	0.0531	0.026	0.023	0.8609	
% 4	696	0.024	0.117	0.406	0.192	0.117	0.144	
% 4	697	0.023	0.025	0.85	0.028	0.037	0.037	
% 4	698	0.032	0.031	0.7512	0.034	0.1029	0.049	
% 3	699	0.1061	0.0601	0.0761	0.3243	0.1712	0.2623	
% 2	700	0.247	0.228	0.11	0.168	0.146	0.101	
% 3	701	0.258	0.037	0.111	0.259	0.142	0.193	
% 3	702	0.295	0.025	0.07	0.246	0.138	0.226	
% 3	703	0.4374	0.0821	0.042	0.2282	0.1081	0.1021	
% 3	704	0.539	0.033	0.038	0.16	0.121	0.109	
% 2	705	0.3634	0.0971	0.025	0.1231	0.2583	0.1331	
% 3	706	0.4545	0.033	0.036	0.1171	0.2482	0.1111	
% 2	707	0.0679	0.8032	0.027	0.048	0.025	0.029	
% 4	708	0.035	0.013	0.845	0.023	0.037	0.047	
% 2	709	0.02	0.76	0.054	0.071	0.045	0.05	
% 4	710	0.14	0.029	0.396	0.153	0.13	0.152	
% 4	711	0.024	0.031	0.7307	0.0591	0.1121	0.043	
% 4	712	0.039	0.049	0.7447	0.048	0.0551	0.0641	
% 4	713	0.022	0.014	0.8839	0.02	0.025	0.035	
% 3	714	0.067	0.058	0.195	0.203	0.14	0.337	
% 2	715	0.5215	0.02	0.2042	0.0781	0.1231	0.0531	
% 3	716	0.08	0.023	0.026	0.564	0.237	0.07	
% 3	717	0.298	0.044	0.118	0.121	0.336	0.083	
% 3	718	0.109	0.033	0.029	0.251	0.323	0.255	
% 3	719	0.189	0.066	0.115	0.206	0.244	0.18	
% 2	720	0.1009	0.0849	0.035	0.1459	0.0809	0.5524	
% 2	721	0.188	0.087	0.2	0.324	0.09	0.111	
% 4	722	0.052	0.046	0.492	0.036	0.296	0.078	
% 4	723	0.04	0.036	0.7982	0.025	0.031	0.0699	
% 4	724	0.014	0.007	0.045	0.019	0.013	0.9019	
% 4	725	0.033	0.017	0.8318	0.027	0.048	0.043	
% 4	726	0.017	0.01	0.861	0.031	0.023	0.058	
% 2	727	0.6166	0.016	0.046	0.04	0.2212	0.0601	
% 3	728	0.0681	0.025	0.027	0.5776	0.1231	0.1792	
% 3	729	0.2953	0.0681	0.0691	0.1281	0.2402	0.1992	
% 3	730	0.0661	0.0531	0.1532	0.1932	0.3203	0.2142	
% 3	731	0.803	0.043	0.02	0.05	0.037	0.047	
% 4	732	0.101	0.121	0.504	0.101	0.042	0.131	
% 4	733	0.083	0.024	0.817	0.024	0.022	0.03	
% 4	734	0.031	0.016	0.826	0.036	0.029	0.062	
% 4	735	0.107	0.02	0.763	0.025	0.037	0.048	
% 4	736	0.017	0.01	0.0879	0.02	0.036	0.8292	
% 2	737	0.0559	0.4206	0.1698	0.1099	0.1039	0.1399	
% 3	738	0.2008	0.025	0.045	0.5974	0.05	0.0819	
% 3	739	0.072	0.028	0.099	0.279	0.374	0.148	
% 3	740	0.1021	0.035	0.0671	0.1612	0.4935	0.1411	
% 2	741	0.214	0.127	0.239	0.085	0.072	0.263	
% 2	742	0.295	0.023	0.079	0.211	0.13	0.262	
% 4	743	0.07	0.024	0.324	0.126	0.095	0.361	
% 4	744	0.017	0.026	0.8779	0.032	0.019	0.028	
% 4	745	0.014	0.007	0.0559	0.013	0.018	0.8921	
% 4	746	0.2537	0.011	0.4675	0.0509	0.0959	0.1209	
% 4	747	0.0369	0.019	0.8263	0.0359	0.0279	0.0539	
% 2	748	0.1301	0.5526	0.0591	0.1041	0.038	0.1161	
% 2	749	0.3546	0.3736	0.0819	0.0749	0.0689	0.046	
% 2	750	0.065	0.05	0.517	0.045	0.106	0.217	
% 2	751	0.02	0.825	0.055	0.051	0.024	0.025	
% 2	752	0.024	0.027	0.136	0.056	0.409	0.348	
% 2	753	0.6126	0.0611	0.045	0.0991	0.0891	0.0931	
% 2	754	0.053	0.048	0.326	0.132	0.298	0.143	
% 2	755	0.308	0.087	0.024	0.36	0.088	0.133	
% 2	756	0.025	0.872	0.03	0.024	0.027	0.022	
% 2	757	0.025	0.6847	0.1041	0.04	0.041	0.1051	
% 2	758	0.0561	0.8058	0.021	0.0501	0.032	0.035	
% 2	759	0.5085	0.0619	0.0519	0.1528	0.1668	0.0579	
% 2	760	0.1872	0.046	0.1111	0.3984	0.1271	0.1301	
% 2	761	0.204	0.026	0.184	0.235	0.247	0.104	
% 2	762	0.3506	0.0789	0.034	0.1908	0.1279	0.2178	
% 2	763	0.052	0.432	0.112	0.135	0.127	0.142	
% 2	764	0.069	0.318	0.144	0.13	0.202	0.137	
% 2	765	0.135	0.093	0.188	0.178	0.173	0.233	
% 2	766	0.108	0.431	0.165	0.049	0.109	0.138	
% 2	767	0.422	0.026	0.064	0.06	0.344	0.084	
% 2	768	0.026	0.8681	0.016	0.025	0.025	0.04	
% 2	769	0.197	0.028	0.024	0.065	0.637	0.049	
% 2	770	0.6074	0.023	0.012	0.029	0.3077	0.021	
% 2	771	0.131	0.085	0.056	0.436	0.128	0.164	
% 2	772	0.2953	0.0571	0.1061	0.2533	0.0841	0.2042	
% 2	773	0.128	0.066	0.524	0.077	0.058	0.147	
% 2	774	0.3147	0.1279	0.0619	0.1279	0.1538	0.2138	
% 2	775	0.094	0.192	0.045	0.139	0.382	0.148	
% 2	776	0.291	0.012	0.056	0.244	0.055	0.342	
% 2	777	0.082	0.025	0.306	0.081	0.198	0.308	
% 2	778	0.141	0.027	0.099	0.158	0.125	0.45	
% 2	779	0.017	0.882	0.019	0.035	0.023	0.024	
% 2	780	0.04	0.024	0.06	0.668	0.046	0.162	
% 2	781	0.162	0.067	0.138	0.055	0.435	0.143	
% 2	782	0.0841	0.019	0.5976	0.0781	0.1031	0.1181	
% 2	783	0.631	0.092	0.036	0.075	0.056	0.11	
% 2	784	0.1441	0.2683	0.2042	0.2042	0.1391	0.04	
% 2	785	0.0501	0.3714	0.1381	0.1331	0.2102	0.0971	
% 2	786	0.4136	0.023	0.03	0.0579	0.2707	0.2048	
% 2	787	0.338	0.096	0.027	0.341	0.169	0.029	
% 2	788	0.1351	0.018	0.0941	0.1842	0.4785	0.0901	
% 2	789	0.138	0.033	0.388	0.077	0.114	0.25	
% 2	790	0.2807	0.3636	0.04	0.1538	0.0889	0.0729	
% 2	791	0.016	0.9099	0.017	0.018	0.016	0.023	
% 2	792	0.5826	0.015	0.0711	0.0981	0.1401	0.0931	
% 2	793	0.039	0.02	0.651	0.099	0.068	0.123	
% 2	794	0.028	0.021	0.564	0.044	0.048	0.295	
% 2	795	0.025	0.8328	0.037	0.037	0.03	0.038	
% 2	796	0.257	0.05	0.158	0.175	0.219	0.141	
% 2	797	0.082	0.093	0.059	0.483	0.041	0.242	
% 2	798	0.07	0.053	0.744	0.036	0.053	0.044	
% 2	799	0.041	0.505	0.115	0.067	0.04	0.232	
% 2	800	0.1688	0.4535	0.027	0.2118	0.0739	0.0649	
% 2	801	0.035	0.802	0.042	0.045	0.048	0.028	
% 2	802	0.038	0.033	0.526	0.155	0.139	0.109	
% 2	803	0.035	0.019	0.791	0.044	0.052	0.059	
% 2	804	0.1768	0.023	0.044	0.3087	0.1489	0.2987	
% 2	805	0.4925	0.041	0.041	0.2298	0.1578	0.038	
% 2	806	0.37	0.036	0.03	0.187	0.308	0.069	
% 2	807	0.128	0.222	0.068	0.148	0.35	0.084	
% 2	808	0.045	0.7688	0.019	0.041	0.045	0.0811	
% 2	809	0.4056	0.2757	0.027	0.0569	0.1808	0.0539	
% 2	810	0.026	0.8478	0.034	0.024	0.027	0.041	
% 2	811	0.025	0.889	0.018	0.031	0.02	0.017	
% 2	812	0.281	0.069	0.076	0.118	0.31	0.146	
% 2	813	0.029	0.7852	0.0549	0.048	0.042	0.041	
% 2	814	0.016	0.8619	0.049	0.025	0.021	0.027	
% 2	815	0.151	0.036	0.08	0.214	0.079	0.44	
% 2	816	0.025	0.1451	0.2763	0.0741	0.1572	0.3223	
% 2	817	0.037	0.0909	0.048	0.6703	0.0819	0.0719	
% 2	818	0.021	0.776	0.068	0.045	0.04	0.05	
% 2	819	0.018	0.255	0.565	0.044	0.04	0.078	
% 2	820	0.058	0.139	0.049	0.436	0.253	0.065	
% 2	821	0.021	0.883	0.012	0.041	0.019	0.024	
% 2	822	0.1952	0.1131	0.039	0.3013	0.1762	0.1752	
% 2	823	0.1189	0.5085	0.034	0.1319	0.1299	0.0769	
% 2	824	0.0391	0.6874	0.0541	0.0962	0.0431	0.0802	
% 2	825	0.2322	0.008	0.033	0.2663	0.1712	0.2893	
% 2	826	0.056	0.768	0.028	0.056	0.056	0.036	
% 2	827	0.062	0.067	0.119	0.148	0.157	0.447	
% 2	828	0.1828	0.024	0.0969	0.2438	0.3037	0.1489	
% 2	829	0.0671	0.4194	0.1121	0.2172	0.037	0.1471	
% 2	830	0.584	0.022	0.044	0.092	0.129	0.129	
% 2	831	0.031	0.76	0.098	0.041	0.023	0.047	
% 2	832	0.0779	0.03	0.0719	0.2547	0.2108	0.3546	
% 2	833	0.411	0.02	0.081	0.138	0.118	0.232	
% 2	834	0.6036	0.039	0.1051	0.1081	0.0811	0.0631	
% 2	835	0.046	0.352	0.204	0.216	0.057	0.125	
% 2	836	0.031	0.565	0.118	0.063	0.134	0.089	
% 2	837	0.327	0.169	0.11	0.141	0.102	0.151	
% 2	838	0.033	0.029	0.7263	0.031	0.1029	0.0779	
% 2	839	0.105	0.015	0.053	0.035	0.714	0.078	
% 2	840	0.292	0.085	0.039	0.163	0.183	0.238	
% 2	841	0.011	0.202	0.013	0.024	0.716	0.034	
