1.0000 0.8893 0.8649 0.8846 0.8619 0.8942 0.8714 0.8895 0.8866 0.8566
0.8893 1.0000 0.9290 0.9099 0.8438 0.9028 0.9137 0.9322 0.9095 0.8698
0.8649 0.9290 1.0000 0.9159 0.8135 0.8846 0.9155 0.9197 0.8901 0.8571
0.8846 0.9099 0.9159 1.0000 0.8242 0.9037 0.9183 0.9202 0.8848 0.8731
0.8619 0.8438 0.8135 0.8242 1.0000 0.8446 0.8252 0.8442 0.8623 0.8410
0.8942 0.9028 0.8846 0.9037 0.8446 1.0000 0.9134 0.9131 0.8888 0.8557
0.8714 0.9137 0.9155 0.9183 0.8252 0.9134 1.0000 0.9213 0.8875 0.8496
0.8895 0.9322 0.9197 0.9202 0.8442 0.9131 0.9213 1.0000 0.9032 0.8697
0.8866 0.9095 0.8901 0.8848 0.8623 0.8888 0.8875 0.9032 1.0000 0.8906
0.8566 0.8698 0.8571 0.8731 0.8410 0.8557 0.8496 0.8697 0.8906 1.0000
