1.0000	0.9838	0.9753	0.9814	0.9776	0.9693	0.9755	0.9748	0.9797	0.9622
0.9838	1.0000	0.9774	0.9827	0.9796	0.9713	0.9770	0.9778	0.9792	0.9646
0.9753	0.9774	1.0000	0.9783	0.9825	0.9796	0.9813	0.9817	0.9806	0.9760
0.9814	0.9827	0.9783	1.0000	0.9798	0.9745	0.9795	0.9790	0.9818	0.9677
0.9776	0.9796	0.9825	0.9798	1.0000	0.9800	0.9819	0.9813	0.9803	0.9744
0.9693	0.9713	0.9796	0.9745	0.9800	1.0000	0.9808	0.9812	0.9773	0.9804
0.9755	0.9770	0.9813	0.9795	0.9819	0.9808	1.0000	0.9816	0.9812	0.9763
0.9748	0.9778	0.9817	0.9790	0.9813	0.9812	0.9816	1.0000	0.9806	0.9755
0.9797	0.9792	0.9806	0.9818	0.9803	0.9773	0.9812	0.9806	1.0000	0.9716
0.9622	0.9646	0.9760	0.9677	0.9744	0.9804	0.9763	0.9755	0.9716	1.0000
